pool: meta
decks: 16 (meta-abyss-aggro, meta-abyss-midrange, meta-dragon-aggro, meta-dragon-ramp, meta-forest-combo, meta-haven-amulet, meta-haven-evo, meta-haven-kukishiro, meta-portal-af, meta-portal-cutthroat, meta-portal-evo, meta-rune-crystal, meta-rune-spell, meta-rune-test-subject, meta-sword-loot, meta-sword-rally)
pairs: 256 (16 x 16, mirrors included)
games    16 games/pair x 256 =  4096
matchup: 16 decks × 16 games = 4096 games (seed=1, policy_a=h0:lcap=0.5, policy_b=h0, first=alternate, threads=None)
Win rate (row = A, col = B; cell = A's win rate)
                              meta-abyss-aggro     meta-abyss-midrange       meta-dragon-aggro        meta-dragon-ramp       meta-forest-combo       meta-haven-amulet          meta-haven-evo    meta-haven-kukishiro          meta-portal-af   meta-portal-cutthroat         meta-portal-evo       meta-rune-crystal         meta-rune-spell  meta-rune-test-subject         meta-sword-loot        meta-sword-rally
meta-abyss-aggro                         0.625                   0.562                   0.375                   0.625                   0.750                   0.875                   0.688                   0.625                   0.312                   0.688                   0.500                   0.688                   0.750                   0.688                   0.375                   0.625
meta-abyss-midrange                      0.375                   0.500                   0.625                   0.750                   0.688                   0.750                   0.688                   1.000                   0.500                   0.812                   0.438                   1.000                   0.750                   0.875                   0.625                   0.750
meta-dragon-aggro                        0.688                   0.312                   0.500                   0.688                   0.375                   0.750                   0.562                   0.750                   0.375                   0.812                   0.375                   0.688                   0.562                   0.562                   0.500                   0.562
meta-dragon-ramp                         0.250                   0.312                   0.375                   0.375                   0.312                   0.875                   0.500                   1.000                   0.125                   0.875                   0.188                   0.688                   0.375                   0.750                   0.250                   0.250
meta-forest-combo                        0.562                   0.188                   0.375                   0.562                   0.438                   0.438                   0.438                   0.812                   0.250                   0.688                   0.188                   0.750                   0.750                   0.438                   0.562                   0.250
meta-haven-amulet                        0.125                   0.062                   0.125                   0.250                   0.562                   0.438                   0.250                   0.812                   0.125                   0.188                   0.125                   0.625                   0.625                   0.438                   0.250                   0.188
meta-haven-evo                           0.562                   0.750                   0.312                   0.625                   0.688                   0.812                   0.500                   0.938                   0.625                   0.312                   0.562                   0.875                   0.625                   0.750                   0.250                   0.625
meta-haven-kukishiro                     0.125                   0.000                   0.125                   0.062                   0.125                   0.188                   0.000                   0.438                   0.000                   0.000                   0.000                   0.562                   0.188                   0.188                   0.000                   0.000
meta-portal-af                           0.750                   0.250                   0.688                   0.625                   0.812                   0.875                   0.500                   1.000                   0.312                   0.750                   0.562                   1.000                   0.812                   0.938                   0.750                   0.375
meta-portal-cutthroat                    0.438                   0.125                   0.188                   0.188                   0.250                   0.812                   0.438                   1.000                   0.250                   0.375                   0.312                   0.938                   0.312                   0.500                   0.125                   0.438
meta-portal-evo                          0.688                   0.625                   0.562                   0.562                   0.750                   0.812                   0.250                   1.000                   0.438                   0.875                   0.562                   1.000                   0.625                   0.875                   0.750                   0.625
meta-rune-crystal                        0.250                   0.062                   0.312                   0.312                   0.312                   0.375                   0.312                   0.375                   0.000                   0.375                   0.062                   0.312                   0.375                   0.188                   0.062                   0.188
meta-rune-spell                          0.250                   0.250                   0.188                   0.312                   0.500                   0.500                   0.312                   0.812                   0.188                   0.438                   0.125                   0.500                   0.562                   0.438                   0.562                   0.062
meta-rune-test-subject                   0.312                   0.312                   0.438                   0.312                   0.188                   0.500                   0.312                   0.688                   0.000                   0.812                   0.125                   0.688                   0.438                   0.562                   0.375                   0.125
meta-sword-loot                          0.375                   0.438                   0.312                   0.812                   0.438                   0.875                   0.562                   0.812                   0.250                   0.938                   0.188                   0.875                   0.500                   0.812                   0.500                   0.438
meta-sword-rally                         0.625                   0.312                   0.500                   0.438                   0.812                   0.875                   0.375                   1.000                   0.438                   0.812                   0.438                   1.000                   0.875                   0.938                   0.750                   0.625

First-player win rate / mean turns
                              meta-abyss-aggro     meta-abyss-midrange       meta-dragon-aggro        meta-dragon-ramp       meta-forest-combo       meta-haven-amulet          meta-haven-evo    meta-haven-kukishiro          meta-portal-af   meta-portal-cutthroat         meta-portal-evo       meta-rune-crystal         meta-rune-spell  meta-rune-test-subject         meta-sword-loot        meta-sword-rally
meta-abyss-aggro                 0.375 /   6.4           0.312 /   6.8           0.500 /   6.6           0.375 /   6.7           0.625 /   7.0           0.500 /   6.6           0.688 /   7.0           0.750 /   8.2           0.562 /   7.4           0.688 /   7.2           0.625 /   7.2           0.562 /   7.5           0.250 /   6.8           0.438 /   7.2           0.500 /   6.9           0.750 /   7.1
meta-abyss-midrange              0.375 /   6.1           0.750 /   8.6           0.500 /   7.6           0.625 /   8.4           0.188 /   8.3           0.500 /   8.9           0.688 /   8.3           0.500 /   8.4           0.625 /   8.4           0.562 /   7.8           0.562 /   8.0           0.500 /   7.9           0.625 /   7.8           0.500 /   7.9           0.375 /   7.4           0.625 /   8.4
meta-dragon-aggro                0.438 /   6.8           0.438 /   7.2           0.625 /   7.6           0.438 /   7.3           0.625 /   7.2           0.750 /   7.9           0.438 /   7.4           0.500 /   8.4           0.500 /   7.1           0.562 /   7.5           0.500 /   7.4           0.562 /   7.9           0.562 /   7.3           0.562 /   7.5           0.500 /   7.6           0.438 /   7.0
meta-dragon-ramp                 0.625 /   6.6           0.688 /   7.9           0.375 /   7.1           0.625 /  11.5           0.562 /   8.2           0.500 /  10.6           0.625 /  10.7           0.500 /  12.7           0.500 /   8.6           0.500 /   9.4           0.562 /   7.9           0.562 /   8.1           0.625 /   7.7           0.625 /   9.2           0.625 /   7.5           0.750 /   8.3
meta-forest-combo                0.688 /   7.4           0.438 /   8.2           0.750 /   7.6           0.812 /   8.8           0.562 /   8.8           0.562 /  11.3           0.688 /   9.1           0.562 /  10.8           0.500 /   8.0           0.562 /   8.3           0.562 /   7.9           0.500 /   8.6           0.625 /   7.8           0.688 /   8.6           0.562 /   8.3           0.500 /   8.6
meta-haven-amulet                0.625 /   7.0           0.438 /   8.2           0.500 /   7.2           0.750 /  12.0           0.438 /  10.1           0.562 /  15.2           0.625 /  12.2           0.562 /  15.5           0.625 /   8.8           0.438 /   9.2           0.500 /  11.4           0.500 /  10.1           0.500 /  12.3           0.688 /  10.8           0.625 /   9.1           0.688 /   8.9
meta-haven-evo                   0.562 /   7.1           0.625 /   8.0           0.562 /   7.6           0.500 /   8.8           0.562 /   9.1           0.562 /  12.6           0.625 /  11.1           0.562 /  10.1           0.625 /   8.9           0.438 /   9.1           0.812 /   9.1           0.625 /   8.9           0.625 /   9.1           0.625 /   9.1           0.625 /   8.4           0.500 /   8.4
meta-haven-kukishiro             0.625 /   8.0           0.500 /   7.9           0.625 /   7.8           0.562 /  10.2           0.625 /   9.6           0.562 /  15.6           0.500 /   9.6           0.562 /  16.5           0.500 /   8.2           0.500 /   9.0           0.500 /   8.5           0.562 /  11.1           0.688 /   8.9           0.438 /   9.8           0.500 /   9.2           0.500 /   7.6
meta-portal-af                   0.625 /   7.3           0.500 /   8.5           0.688 /   7.2           0.750 /   9.1           0.562 /   8.8           0.625 /   9.2           0.625 /   8.6           0.500 /   7.9           0.562 /   8.7           0.500 /   8.4           0.312 /   8.2           0.500 /   7.4           0.688 /   7.4           0.562 /   7.8           0.625 /   8.1           0.625 /   8.4
meta-portal-cutthroat            0.688 /   6.9           0.625 /   8.3           0.562 /   7.2           0.438 /   8.8           0.625 /   8.2           0.688 /   9.8           0.562 /  10.3           0.500 /   9.4           0.625 /   8.2           0.500 /   8.6           0.438 /   7.8           0.562 /   8.2           0.562 /   8.1           0.625 /   8.5           0.625 /   8.4           0.562 /   7.6
meta-portal-evo                  0.438 /   6.8           0.750 /   9.1           0.562 /   7.3           0.438 /   8.3           0.625 /   8.8           0.438 /   9.3           0.375 /   9.4           0.500 /   7.9           0.812 /   9.4           0.625 /   8.9           0.562 /   8.6           0.500 /   8.4           0.750 /   8.2           0.500 /   8.2           0.625 /   8.2           0.750 /   8.6
meta-rune-crystal                0.500 /   7.2           0.562 /   8.1           0.312 /   7.2           0.562 /   8.0           0.688 /   9.1           0.500 /   9.6           0.688 /   8.2           0.500 /  11.4           0.500 /   7.9           0.500 /   9.3           0.562 /   7.8           0.688 /   8.6           0.500 /   7.6           0.688 /   8.6           0.562 /   9.1           0.562 /   7.6
meta-rune-spell                  0.500 /   5.7           0.500 /   8.2           0.562 /   6.6           0.562 /   8.6           0.375 /   8.1           0.375 /  12.1           0.562 /   9.5           0.562 /   9.9           0.438 /   7.2           0.562 /   8.6           0.375 /   8.1           0.500 /   7.6           0.562 /   8.1           0.812 /   8.6           0.312 /   7.2           0.562 /   7.2
meta-rune-test-subject           0.562 /   7.1           0.562 /   8.1           0.562 /   7.1           0.562 /   8.8           0.438 /   8.7           0.625 /  10.1           0.688 /   8.7           0.562 /   9.6           0.500 /   8.2           0.438 /   8.6           0.625 /   7.9           0.562 /   8.7           0.562 /   8.5           0.438 /   8.5           0.500 /   7.8           0.625 /   7.9
meta-sword-loot                  0.375 /   6.9           0.688 /   7.7           0.438 /   7.4           0.562 /   7.6           0.812 /   8.2           0.500 /   7.9           0.812 /   8.4           0.562 /   8.4           0.625 /   8.0           0.438 /   7.6           0.562 /   8.2           0.500 /   7.8           0.500 /   8.5           0.562 /   7.9           0.500 /   7.6           0.812 /   7.6
meta-sword-rally                 0.375 /   7.1           0.562 /   8.9           0.625 /   7.1           0.812 /   7.8           0.688 /   8.9           0.500 /   9.4           0.625 /   8.4           0.500 /   8.4           0.688 /   8.4           0.562 /   7.6           0.438 /   8.2           0.500 /   6.9           0.500 /   7.5           0.438 /   7.6           0.500 /   7.0           0.625 /   8.8

A win rate over decisive games, Wilson 95% [lo, hi]
                              meta-abyss-aggro     meta-abyss-midrange       meta-dragon-aggro        meta-dragon-ramp       meta-forest-combo       meta-haven-amulet          meta-haven-evo    meta-haven-kukishiro          meta-portal-af   meta-portal-cutthroat         meta-portal-evo       meta-rune-crystal         meta-rune-spell  meta-rune-test-subject         meta-sword-loot        meta-sword-rally
meta-abyss-aggro          0.625 [0.386, 0.815]    0.562 [0.332, 0.769]    0.375 [0.185, 0.614]    0.625 [0.386, 0.815]    0.750 [0.505, 0.898]    0.875 [0.640, 0.965]    0.688 [0.444, 0.858]    0.625 [0.386, 0.815]    0.312 [0.142, 0.556]    0.688 [0.444, 0.858]    0.500 [0.280, 0.720]    0.688 [0.444, 0.858]    0.750 [0.505, 0.898]    0.688 [0.444, 0.858]    0.375 [0.185, 0.614]    0.625 [0.386, 0.815]
meta-abyss-midrange       0.375 [0.185, 0.614]    0.500 [0.280, 0.720]    0.625 [0.386, 0.815]    0.750 [0.505, 0.898]    0.688 [0.444, 0.858]    0.750 [0.505, 0.898]    0.688 [0.444, 0.858]    1.000 [0.806, 1.000]    0.500 [0.280, 0.720]    0.812 [0.570, 0.934]    0.438 [0.231, 0.668]    1.000 [0.806, 1.000]    0.750 [0.505, 0.898]    0.875 [0.640, 0.965]    0.625 [0.386, 0.815]    0.750 [0.505, 0.898]
meta-dragon-aggro         0.688 [0.444, 0.858]    0.312 [0.142, 0.556]    0.500 [0.280, 0.720]    0.688 [0.444, 0.858]    0.375 [0.185, 0.614]    0.750 [0.505, 0.898]    0.562 [0.332, 0.769]    0.750 [0.505, 0.898]    0.375 [0.185, 0.614]    0.812 [0.570, 0.934]    0.375 [0.185, 0.614]    0.688 [0.444, 0.858]    0.562 [0.332, 0.769]    0.562 [0.332, 0.769]    0.500 [0.280, 0.720]    0.562 [0.332, 0.769]
meta-dragon-ramp          0.250 [0.102, 0.495]    0.312 [0.142, 0.556]    0.375 [0.185, 0.614]    0.375 [0.185, 0.614]    0.312 [0.142, 0.556]    0.875 [0.640, 0.965]    0.500 [0.280, 0.720]    1.000 [0.806, 1.000]    0.125 [0.035, 0.360]    0.875 [0.640, 0.965]    0.188 [0.066, 0.430]    0.688 [0.444, 0.858]    0.375 [0.185, 0.614]    0.750 [0.505, 0.898]    0.250 [0.102, 0.495]    0.250 [0.102, 0.495]
meta-forest-combo         0.562 [0.332, 0.769]    0.188 [0.066, 0.430]    0.375 [0.185, 0.614]    0.562 [0.332, 0.769]    0.438 [0.231, 0.668]    0.438 [0.231, 0.668]    0.438 [0.231, 0.668]    0.812 [0.570, 0.934]    0.250 [0.102, 0.495]    0.688 [0.444, 0.858]    0.188 [0.066, 0.430]    0.750 [0.505, 0.898]    0.750 [0.505, 0.898]    0.438 [0.231, 0.668]    0.562 [0.332, 0.769]    0.250 [0.102, 0.495]
meta-haven-amulet         0.125 [0.035, 0.360]    0.062 [0.011, 0.283]    0.125 [0.035, 0.360]    0.250 [0.102, 0.495]    0.562 [0.332, 0.769]    0.438 [0.231, 0.668]    0.250 [0.102, 0.495]    0.812 [0.570, 0.934]    0.125 [0.035, 0.360]    0.188 [0.066, 0.430]    0.125 [0.035, 0.360]    0.625 [0.386, 0.815]    0.625 [0.386, 0.815]    0.438 [0.231, 0.668]    0.250 [0.102, 0.495]    0.188 [0.066, 0.430]
meta-haven-evo            0.562 [0.332, 0.769]    0.750 [0.505, 0.898]    0.312 [0.142, 0.556]    0.625 [0.386, 0.815]    0.688 [0.444, 0.858]    0.812 [0.570, 0.934]    0.500 [0.280, 0.720]    0.938 [0.717, 0.989]    0.625 [0.386, 0.815]    0.312 [0.142, 0.556]    0.562 [0.332, 0.769]    0.875 [0.640, 0.965]    0.625 [0.386, 0.815]    0.750 [0.505, 0.898]    0.250 [0.102, 0.495]    0.625 [0.386, 0.815]
meta-haven-kukishiro      0.125 [0.035, 0.360]    0.000 [0.000, 0.194]    0.125 [0.035, 0.360]    0.062 [0.011, 0.283]    0.125 [0.035, 0.360]    0.188 [0.066, 0.430]    0.000 [0.000, 0.194]    0.438 [0.231, 0.668]    0.000 [0.000, 0.194]    0.000 [0.000, 0.194]    0.000 [0.000, 0.194]    0.562 [0.332, 0.769]    0.188 [0.066, 0.430]    0.188 [0.066, 0.430]    0.000 [0.000, 0.194]    0.000 [0.000, 0.194]
meta-portal-af            0.750 [0.505, 0.898]    0.250 [0.102, 0.495]    0.688 [0.444, 0.858]    0.625 [0.386, 0.815]    0.812 [0.570, 0.934]    0.875 [0.640, 0.965]    0.500 [0.280, 0.720]    1.000 [0.806, 1.000]    0.312 [0.142, 0.556]    0.750 [0.505, 0.898]    0.562 [0.332, 0.769]    1.000 [0.806, 1.000]    0.812 [0.570, 0.934]    0.938 [0.717, 0.989]    0.750 [0.505, 0.898]    0.375 [0.185, 0.614]
meta-portal-cutthroat     0.438 [0.231, 0.668]    0.125 [0.035, 0.360]    0.188 [0.066, 0.430]    0.188 [0.066, 0.430]    0.250 [0.102, 0.495]    0.812 [0.570, 0.934]    0.438 [0.231, 0.668]    1.000 [0.806, 1.000]    0.250 [0.102, 0.495]    0.375 [0.185, 0.614]    0.312 [0.142, 0.556]    0.938 [0.717, 0.989]    0.312 [0.142, 0.556]    0.500 [0.280, 0.720]    0.125 [0.035, 0.360]    0.438 [0.231, 0.668]
meta-portal-evo           0.688 [0.444, 0.858]    0.625 [0.386, 0.815]    0.562 [0.332, 0.769]    0.562 [0.332, 0.769]    0.750 [0.505, 0.898]    0.812 [0.570, 0.934]    0.250 [0.102, 0.495]    1.000 [0.806, 1.000]    0.438 [0.231, 0.668]    0.875 [0.640, 0.965]    0.562 [0.332, 0.769]    1.000 [0.806, 1.000]    0.625 [0.386, 0.815]    0.875 [0.640, 0.965]    0.750 [0.505, 0.898]    0.625 [0.386, 0.815]
meta-rune-crystal         0.250 [0.102, 0.495]    0.062 [0.011, 0.283]    0.312 [0.142, 0.556]    0.312 [0.142, 0.556]    0.312 [0.142, 0.556]    0.375 [0.185, 0.614]    0.312 [0.142, 0.556]    0.375 [0.185, 0.614]    0.000 [0.000, 0.194]    0.375 [0.185, 0.614]    0.062 [0.011, 0.283]    0.312 [0.142, 0.556]    0.375 [0.185, 0.614]    0.188 [0.066, 0.430]    0.062 [0.011, 0.283]    0.188 [0.066, 0.430]
meta-rune-spell           0.250 [0.102, 0.495]    0.250 [0.102, 0.495]    0.188 [0.066, 0.430]    0.312 [0.142, 0.556]    0.500 [0.280, 0.720]    0.500 [0.280, 0.720]    0.312 [0.142, 0.556]    0.812 [0.570, 0.934]    0.188 [0.066, 0.430]    0.438 [0.231, 0.668]    0.125 [0.035, 0.360]    0.500 [0.280, 0.720]    0.562 [0.332, 0.769]    0.438 [0.231, 0.668]    0.562 [0.332, 0.769]    0.062 [0.011, 0.283]
meta-rune-test-subject    0.312 [0.142, 0.556]    0.312 [0.142, 0.556]    0.438 [0.231, 0.668]    0.312 [0.142, 0.556]    0.188 [0.066, 0.430]    0.500 [0.280, 0.720]    0.312 [0.142, 0.556]    0.688 [0.444, 0.858]    0.000 [0.000, 0.194]    0.812 [0.570, 0.934]    0.125 [0.035, 0.360]    0.688 [0.444, 0.858]    0.438 [0.231, 0.668]    0.562 [0.332, 0.769]    0.375 [0.185, 0.614]    0.125 [0.035, 0.360]
meta-sword-loot           0.375 [0.185, 0.614]    0.438 [0.231, 0.668]    0.312 [0.142, 0.556]    0.812 [0.570, 0.934]    0.438 [0.231, 0.668]    0.875 [0.640, 0.965]    0.562 [0.332, 0.769]    0.812 [0.570, 0.934]    0.250 [0.102, 0.495]    0.938 [0.717, 0.989]    0.188 [0.066, 0.430]    0.875 [0.640, 0.965]    0.500 [0.280, 0.720]    0.812 [0.570, 0.934]    0.500 [0.280, 0.720]    0.438 [0.231, 0.668]
meta-sword-rally          0.625 [0.386, 0.815]    0.312 [0.142, 0.556]    0.500 [0.280, 0.720]    0.438 [0.231, 0.668]    0.812 [0.570, 0.934]    0.875 [0.640, 0.965]    0.375 [0.185, 0.614]    1.000 [0.806, 1.000]    0.438 [0.231, 0.668]    0.812 [0.570, 0.934]    0.438 [0.231, 0.668]    1.000 [0.806, 1.000]    0.875 [0.640, 0.965]    0.938 [0.717, 0.989]    0.750 [0.505, 0.898]    0.625 [0.386, 0.815]

=== summary ===
h0:lcap=0.5 vs h0
games: 4096  decisive: 4096  draws: 0
policy_a win rate: 0.495 [0.480, 0.511]
first-player win rate: 0.559
mean turns: 8.46  mean actions: 83.84
end: lethal=4051 deckout=45 turn_cap=0 action_cap=0 no_legal=0 illegal=0
4149.620s  0.99 games/s  cpus=28
per deck:
  meta-abyss-aggro: policy_a (row) 0.609  policy_b (col) 0.562
  meta-abyss-midrange: policy_a (row) 0.695  policy_b (col) 0.684
  meta-dragon-aggro: policy_a (row) 0.566  policy_b (col) 0.625
  meta-dragon-ramp: policy_a (row) 0.469  policy_b (col) 0.531
  meta-forest-combo: policy_a (row) 0.480  policy_b (col) 0.500
  meta-haven-amulet: policy_a (row) 0.324  policy_b (col) 0.328
  meta-haven-evo: policy_a (row) 0.613  policy_b (col) 0.582
  meta-haven-kukishiro: policy_a (row) 0.125  policy_b (col) 0.184
  meta-portal-af: policy_a (row) 0.688  policy_b (col) 0.738
  meta-portal-cutthroat: policy_a (row) 0.418  policy_b (col) 0.391
  meta-portal-evo: policy_a (row) 0.688  policy_b (col) 0.703
  meta-rune-crystal: policy_a (row) 0.242  policy_b (col) 0.238
  meta-rune-spell: policy_a (row) 0.375  policy_b (col) 0.430
  meta-rune-test-subject: policy_a (row) 0.387  policy_b (col) 0.379
  meta-sword-loot: policy_a (row) 0.570  policy_b (col) 0.582
  meta-sword-rally: policy_a (row) 0.676  policy_b (col) 0.617

4096 games in 4149.620s (1.0 games/s)
wrote C:\Users\agban\projects\arena\results\sweep10\c01-final.json
