pool: meta
decks: 16 (meta-abyss-aggro, meta-abyss-midrange, meta-dragon-aggro, meta-dragon-ramp, meta-forest-combo, meta-haven-amulet, meta-haven-evo, meta-haven-kukishiro, meta-portal-af, meta-portal-cutthroat, meta-portal-evo, meta-rune-crystal, meta-rune-spell, meta-rune-test-subject, meta-sword-loot, meta-sword-rally)
pairs: 256 (16 x 16, mirrors included)
games    16 games/pair x 256 =  4096
matchup: 16 decks × 16 games = 4096 games (seed=1, policy_a=h0:clip=5, policy_b=h0, first=alternate, threads=None)
Win rate (row = A, col = B; cell = A's win rate)
                              meta-abyss-aggro     meta-abyss-midrange       meta-dragon-aggro        meta-dragon-ramp       meta-forest-combo       meta-haven-amulet          meta-haven-evo    meta-haven-kukishiro          meta-portal-af   meta-portal-cutthroat         meta-portal-evo       meta-rune-crystal         meta-rune-spell  meta-rune-test-subject         meta-sword-loot        meta-sword-rally
meta-abyss-aggro                         0.625                   0.562                   0.375                   0.688                   0.625                   0.812                   0.625                   0.750                   0.438                   0.625                   0.438                   0.688                   0.750                   0.750                   0.375                   0.625
meta-abyss-midrange                      0.812                   0.438                   0.625                   0.812                   0.625                   0.875                   0.562                   1.000                   0.562                   0.875                   0.438                   0.938                   0.875                   0.812                   0.625                   0.562
meta-dragon-aggro                        0.688                   0.500                   0.438                   0.938                   0.375                   0.750                   0.625                   0.562                   0.312                   0.812                   0.500                   0.812                   0.688                   0.812                   0.625                   0.500
meta-dragon-ramp                         0.250                   0.375                   0.375                   0.625                   0.312                   0.875                   0.500                   0.938                   0.188                   0.938                   0.188                   0.875                   0.438                   0.812                   0.312                   0.188
meta-forest-combo                        0.562                   0.188                   0.375                   0.688                   0.625                   0.688                   0.375                   0.812                   0.188                   0.750                   0.188                   0.938                   0.750                   0.500                   0.562                   0.250
meta-haven-amulet                        0.125                   0.188                   0.062                   0.188                   0.438                   0.438                   0.438                   0.812                   0.125                   0.312                   0.188                   0.500                   0.438                   0.375                   0.062                   0.062
meta-haven-evo                           0.438                   0.438                   0.438                   0.500                   0.812                   0.938                   0.500                   0.938                   0.500                   0.875                   0.500                   0.938                   0.688                   0.750                   0.500                   0.562
meta-haven-kukishiro                     0.125                   0.000                   0.375                   0.000                   0.125                   0.312                   0.062                   0.625                   0.000                   0.125                   0.000                   0.438                   0.250                   0.125                   0.062                   0.000
meta-portal-af                           0.750                   0.562                   0.750                   0.875                   0.812                   1.000                   0.500                   1.000                   0.438                   1.000                   0.562                   0.938                   0.562                   0.938                   0.750                   0.562
meta-portal-cutthroat                    0.312                   0.250                   0.500                   0.562                   0.312                   0.812                   0.625                   1.000                   0.375                   0.750                   0.500                   0.750                   0.688                   0.688                   0.438                   0.375
meta-portal-evo                          0.500                   0.438                   0.938                   0.500                   0.938                   0.875                   0.688                   1.000                   0.500                   0.938                   0.500                   0.938                   0.750                   0.875                   0.688                   0.625
meta-rune-crystal                        0.188                   0.000                   0.375                   0.375                   0.250                   0.500                   0.250                   0.688                   0.062                   0.312                   0.000                   0.625                   0.562                   0.375                   0.188                   0.062
meta-rune-spell                          0.188                   0.188                   0.438                   0.312                   0.375                   0.625                   0.312                   0.625                   0.250                   0.562                   0.188                   0.562                   0.500                   0.500                   0.562                   0.062
meta-rune-test-subject                   0.188                   0.250                   0.562                   0.188                   0.312                   0.688                   0.188                   0.875                   0.000                   0.625                   0.125                   0.625                   0.312                   0.688                   0.250                   0.125
meta-sword-loot                          0.500                   0.688                   0.375                   0.625                   0.375                   0.875                   0.750                   0.938                   0.312                   0.938                   0.438                   0.688                   0.625                   0.750                   0.312                   0.438
meta-sword-rally                         0.438                   0.312                   0.750                   0.500                   0.750                   0.938                   0.375                   1.000                   0.562                   0.875                   0.250                   1.000                   0.938                   0.875                   0.625                   0.438

First-player win rate / mean turns
                              meta-abyss-aggro     meta-abyss-midrange       meta-dragon-aggro        meta-dragon-ramp       meta-forest-combo       meta-haven-amulet          meta-haven-evo    meta-haven-kukishiro          meta-portal-af   meta-portal-cutthroat         meta-portal-evo       meta-rune-crystal         meta-rune-spell  meta-rune-test-subject         meta-sword-loot        meta-sword-rally
meta-abyss-aggro                 0.500 /   6.2           0.438 /   6.6           0.625 /   6.6           0.438 /   6.8           0.625 /   7.6           0.562 /   7.2           0.500 /   7.3           0.500 /   7.8           0.688 /   7.4           0.500 /   7.2           0.562 /   7.1           0.438 /   7.4           0.375 /   6.8           0.500 /   7.4           0.500 /   6.7           0.625 /   7.1
meta-abyss-midrange              0.562 /   6.6           0.312 /   8.3           0.500 /   7.5           0.562 /   7.9           0.250 /   8.4           0.500 /   8.2           0.562 /   8.5           0.500 /   7.6           0.562 /   8.2           0.500 /   7.8           0.688 /   8.5           0.562 /   7.7           0.500 /   7.5           0.438 /   8.6           0.500 /   7.6           0.562 /   8.6
meta-dragon-aggro                0.312 /   6.5           0.125 /   6.8           0.562 /   6.9           0.562 /   6.6           0.625 /   7.4           0.625 /   7.9           0.625 /   7.2           0.688 /   9.7           0.312 /   7.2           0.562 /   7.1           0.625 /   7.2           0.438 /   7.2           0.438 /   7.1           0.438 /   7.1           0.500 /   7.2           0.375 /   7.1
meta-dragon-ramp                 0.625 /   6.8           0.625 /   8.3           0.500 /   7.1           0.500 /  10.0           0.562 /   8.5           0.500 /  11.5           0.500 /   9.8           0.562 /  11.0           0.562 /   8.7           0.562 /   9.7           0.562 /   8.1           0.625 /   8.7           0.438 /   7.8           0.688 /   8.8           0.562 /   7.8           0.562 /   7.5
meta-forest-combo                0.438 /   7.2           0.562 /   9.1           0.750 /   7.6           0.562 /   8.1           0.750 /   8.2           0.562 /   9.4           0.750 /   9.0           0.438 /  12.1           0.688 /   8.8           0.250 /   7.6           0.562 /   8.3           0.438 /   8.4           0.625 /   8.2           0.500 /   8.9           0.562 /   8.3           0.500 /   8.1
meta-haven-amulet                0.625 /   6.9           0.438 /   8.7           0.438 /   6.8           0.438 /  12.1           0.562 /   9.8           0.562 /  15.4           0.438 /  12.0           0.562 /  14.9           0.500 /   9.2           0.312 /   9.8           0.562 /  10.4           0.500 /   9.8           0.562 /  11.3           0.625 /  10.4           0.562 /   7.8           0.438 /   7.3
meta-haven-evo                   0.562 /   7.1           0.812 /   8.4           0.688 /   7.9           0.625 /   9.3           0.688 /   9.4           0.562 /  12.1           0.750 /  10.8           0.562 /   9.7           0.750 /   8.9           0.500 /   9.6           0.875 /   9.8           0.562 /   9.8           0.312 /   7.6           0.625 /   8.6           0.500 /   8.4           0.562 /   8.6
meta-haven-kukishiro             0.625 /   8.0           0.500 /   8.6           0.750 /   9.4           0.500 /   9.7           0.500 /   9.9           0.438 /  16.4           0.562 /  10.4           0.500 /  16.4           0.500 /   8.7           0.500 /   9.3           0.500 /   8.4           0.562 /  10.8           0.750 /   9.7           0.500 /  10.5           0.562 /   9.0           0.500 /   7.6
meta-portal-af                   0.625 /   7.2           0.562 /   8.2           0.375 /   7.4           0.500 /   8.9           0.688 /   8.5           0.500 /   8.0           0.750 /   8.8           0.500 /   7.8           0.562 /   8.4           0.500 /   7.8           0.562 /   8.9           0.438 /   7.5           0.438 /   7.8           0.562 /   7.9           0.625 /   7.8           0.562 /   9.2
meta-portal-cutthroat            0.688 /   7.6           0.500 /   7.6           0.500 /   7.6           0.438 /   7.9           0.438 /   8.4           0.688 /   9.8           0.500 /  10.3           0.500 /   9.5           0.625 /   8.1           0.625 /   8.3           0.500 /   8.2           0.625 /   8.6           0.438 /   7.1           0.562 /   8.4           0.812 /   8.5           0.625 /   8.4
meta-portal-evo                  0.375 /   7.0           0.312 /   8.8           0.562 /   7.6           0.375 /   8.1           0.438 /   8.6           0.500 /   8.8           0.562 /   8.9           0.500 /   8.4           0.500 /   8.9           0.438 /   8.6           0.500 /   8.7           0.562 /   8.1           0.625 /   7.9           0.500 /   8.0           0.688 /   8.1           0.750 /   8.1
meta-rune-crystal                0.562 /   7.2           0.500 /   8.2           0.375 /   7.9           0.625 /   8.7           0.500 /   9.3           0.375 /   9.4           0.500 /   8.9           0.562 /  11.5           0.562 /   8.4           0.562 /   8.3           0.438 /   8.0           0.875 /   8.8           0.438 /   7.3           0.375 /   8.8           0.562 /   8.7           0.438 /   7.8
meta-rune-spell                  0.438 /   5.6           0.562 /   8.6           0.688 /   7.2           0.562 /   8.5           0.500 /   8.2           0.750 /  10.4           0.688 /   9.1           0.500 /  11.2           0.625 /   7.5           0.312 /   7.8           0.562 /   8.3           0.312 /   7.4           0.625 /   7.6           0.750 /   9.5           0.562 /   7.4           0.562 /   7.4
meta-rune-test-subject           0.438 /   6.4           0.625 /   8.2           0.688 /   7.6           0.562 /   8.9           0.438 /   9.3           0.562 /  10.6           0.688 /   8.8           0.500 /  10.4           0.500 /   8.1           0.750 /   8.8           0.500 /   8.6           0.625 /   8.6           0.562 /   8.6           0.312 /   8.6           0.375 /   8.1           0.375 /   7.6
meta-sword-loot                  0.625 /   7.1           0.688 /   7.4           0.500 /   7.4           0.625 /   7.8           0.875 /   8.8           0.500 /   7.6           0.750 /   7.9           0.562 /   8.8           0.438 /   7.8           0.562 /   7.4           0.562 /   8.1           0.438 /   7.8           0.625 /   8.4           0.500 /   7.6           0.562 /   7.8           0.938 /   7.7
meta-sword-rally                 0.562 /   7.1           0.688 /   8.8           0.625 /   7.1           0.875 /   8.1           0.625 /   8.5           0.562 /   8.1           0.500 /   8.6           0.500 /   8.0           0.688 /   8.1           0.625 /   8.4           0.625 /   8.2           0.500 /   7.1           0.562 /   7.1           0.500 /   7.8           0.625 /   7.4           0.438 /   8.6

A win rate over decisive games, Wilson 95% [lo, hi]
                              meta-abyss-aggro     meta-abyss-midrange       meta-dragon-aggro        meta-dragon-ramp       meta-forest-combo       meta-haven-amulet          meta-haven-evo    meta-haven-kukishiro          meta-portal-af   meta-portal-cutthroat         meta-portal-evo       meta-rune-crystal         meta-rune-spell  meta-rune-test-subject         meta-sword-loot        meta-sword-rally
meta-abyss-aggro          0.625 [0.386, 0.815]    0.562 [0.332, 0.769]    0.375 [0.185, 0.614]    0.688 [0.444, 0.858]    0.625 [0.386, 0.815]    0.812 [0.570, 0.934]    0.625 [0.386, 0.815]    0.750 [0.505, 0.898]    0.438 [0.231, 0.668]    0.625 [0.386, 0.815]    0.438 [0.231, 0.668]    0.688 [0.444, 0.858]    0.750 [0.505, 0.898]    0.750 [0.505, 0.898]    0.375 [0.185, 0.614]    0.625 [0.386, 0.815]
meta-abyss-midrange       0.812 [0.570, 0.934]    0.438 [0.231, 0.668]    0.625 [0.386, 0.815]    0.812 [0.570, 0.934]    0.625 [0.386, 0.815]    0.875 [0.640, 0.965]    0.562 [0.332, 0.769]    1.000 [0.806, 1.000]    0.562 [0.332, 0.769]    0.875 [0.640, 0.965]    0.438 [0.231, 0.668]    0.938 [0.717, 0.989]    0.875 [0.640, 0.965]    0.812 [0.570, 0.934]    0.625 [0.386, 0.815]    0.562 [0.332, 0.769]
meta-dragon-aggro         0.688 [0.444, 0.858]    0.500 [0.280, 0.720]    0.438 [0.231, 0.668]    0.938 [0.717, 0.989]    0.375 [0.185, 0.614]    0.750 [0.505, 0.898]    0.625 [0.386, 0.815]    0.562 [0.332, 0.769]    0.312 [0.142, 0.556]    0.812 [0.570, 0.934]    0.500 [0.280, 0.720]    0.812 [0.570, 0.934]    0.688 [0.444, 0.858]    0.812 [0.570, 0.934]    0.625 [0.386, 0.815]    0.500 [0.280, 0.720]
meta-dragon-ramp          0.250 [0.102, 0.495]    0.375 [0.185, 0.614]    0.375 [0.185, 0.614]    0.625 [0.386, 0.815]    0.312 [0.142, 0.556]    0.875 [0.640, 0.965]    0.500 [0.280, 0.720]    0.938 [0.717, 0.989]    0.188 [0.066, 0.430]    0.938 [0.717, 0.989]    0.188 [0.066, 0.430]    0.875 [0.640, 0.965]    0.438 [0.231, 0.668]    0.812 [0.570, 0.934]    0.312 [0.142, 0.556]    0.188 [0.066, 0.430]
meta-forest-combo         0.562 [0.332, 0.769]    0.188 [0.066, 0.430]    0.375 [0.185, 0.614]    0.688 [0.444, 0.858]    0.625 [0.386, 0.815]    0.688 [0.444, 0.858]    0.375 [0.185, 0.614]    0.812 [0.570, 0.934]    0.188 [0.066, 0.430]    0.750 [0.505, 0.898]    0.188 [0.066, 0.430]    0.938 [0.717, 0.989]    0.750 [0.505, 0.898]    0.500 [0.280, 0.720]    0.562 [0.332, 0.769]    0.250 [0.102, 0.495]
meta-haven-amulet         0.125 [0.035, 0.360]    0.188 [0.066, 0.430]    0.062 [0.011, 0.283]    0.188 [0.066, 0.430]    0.438 [0.231, 0.668]    0.438 [0.231, 0.668]    0.438 [0.231, 0.668]    0.812 [0.570, 0.934]    0.125 [0.035, 0.360]    0.312 [0.142, 0.556]    0.188 [0.066, 0.430]    0.500 [0.280, 0.720]    0.438 [0.231, 0.668]    0.375 [0.185, 0.614]    0.062 [0.011, 0.283]    0.062 [0.011, 0.283]
meta-haven-evo            0.438 [0.231, 0.668]    0.438 [0.231, 0.668]    0.438 [0.231, 0.668]    0.500 [0.280, 0.720]    0.812 [0.570, 0.934]    0.938 [0.717, 0.989]    0.500 [0.280, 0.720]    0.938 [0.717, 0.989]    0.500 [0.280, 0.720]    0.875 [0.640, 0.965]    0.500 [0.280, 0.720]    0.938 [0.717, 0.989]    0.688 [0.444, 0.858]    0.750 [0.505, 0.898]    0.500 [0.280, 0.720]    0.562 [0.332, 0.769]
meta-haven-kukishiro      0.125 [0.035, 0.360]    0.000 [0.000, 0.194]    0.375 [0.185, 0.614]    0.000 [0.000, 0.194]    0.125 [0.035, 0.360]    0.312 [0.142, 0.556]    0.062 [0.011, 0.283]    0.625 [0.386, 0.815]    0.000 [0.000, 0.194]    0.125 [0.035, 0.360]    0.000 [0.000, 0.194]    0.438 [0.231, 0.668]    0.250 [0.102, 0.495]    0.125 [0.035, 0.360]    0.062 [0.011, 0.283]    0.000 [0.000, 0.194]
meta-portal-af            0.750 [0.505, 0.898]    0.562 [0.332, 0.769]    0.750 [0.505, 0.898]    0.875 [0.640, 0.965]    0.812 [0.570, 0.934]    1.000 [0.806, 1.000]    0.500 [0.280, 0.720]    1.000 [0.806, 1.000]    0.438 [0.231, 0.668]    1.000 [0.806, 1.000]    0.562 [0.332, 0.769]    0.938 [0.717, 0.989]    0.562 [0.332, 0.769]    0.938 [0.717, 0.989]    0.750 [0.505, 0.898]    0.562 [0.332, 0.769]
meta-portal-cutthroat     0.312 [0.142, 0.556]    0.250 [0.102, 0.495]    0.500 [0.280, 0.720]    0.562 [0.332, 0.769]    0.312 [0.142, 0.556]    0.812 [0.570, 0.934]    0.625 [0.386, 0.815]    1.000 [0.806, 1.000]    0.375 [0.185, 0.614]    0.750 [0.505, 0.898]    0.500 [0.280, 0.720]    0.750 [0.505, 0.898]    0.688 [0.444, 0.858]    0.688 [0.444, 0.858]    0.438 [0.231, 0.668]    0.375 [0.185, 0.614]
meta-portal-evo           0.500 [0.280, 0.720]    0.438 [0.231, 0.668]    0.938 [0.717, 0.989]    0.500 [0.280, 0.720]    0.938 [0.717, 0.989]    0.875 [0.640, 0.965]    0.688 [0.444, 0.858]    1.000 [0.806, 1.000]    0.500 [0.280, 0.720]    0.938 [0.717, 0.989]    0.500 [0.280, 0.720]    0.938 [0.717, 0.989]    0.750 [0.505, 0.898]    0.875 [0.640, 0.965]    0.688 [0.444, 0.858]    0.625 [0.386, 0.815]
meta-rune-crystal         0.188 [0.066, 0.430]    0.000 [0.000, 0.194]    0.375 [0.185, 0.614]    0.375 [0.185, 0.614]    0.250 [0.102, 0.495]    0.500 [0.280, 0.720]    0.250 [0.102, 0.495]    0.688 [0.444, 0.858]    0.062 [0.011, 0.283]    0.312 [0.142, 0.556]    0.000 [0.000, 0.204]    0.625 [0.386, 0.815]    0.562 [0.332, 0.769]    0.375 [0.185, 0.614]    0.188 [0.066, 0.430]    0.062 [0.011, 0.283]
meta-rune-spell           0.188 [0.066, 0.430]    0.188 [0.066, 0.430]    0.438 [0.231, 0.668]    0.312 [0.142, 0.556]    0.375 [0.185, 0.614]    0.625 [0.386, 0.815]    0.312 [0.142, 0.556]    0.625 [0.386, 0.815]    0.250 [0.102, 0.495]    0.562 [0.332, 0.769]    0.188 [0.066, 0.430]    0.562 [0.332, 0.769]    0.500 [0.280, 0.720]    0.500 [0.280, 0.720]    0.562 [0.332, 0.769]    0.062 [0.011, 0.283]
meta-rune-test-subject    0.188 [0.066, 0.430]    0.250 [0.102, 0.495]    0.562 [0.332, 0.769]    0.188 [0.066, 0.430]    0.312 [0.142, 0.556]    0.688 [0.444, 0.858]    0.188 [0.066, 0.430]    0.875 [0.640, 0.965]    0.000 [0.000, 0.194]    0.625 [0.386, 0.815]    0.125 [0.035, 0.360]    0.625 [0.386, 0.815]    0.312 [0.142, 0.556]    0.688 [0.444, 0.858]    0.250 [0.102, 0.495]    0.125 [0.035, 0.360]
meta-sword-loot           0.500 [0.280, 0.720]    0.688 [0.444, 0.858]    0.375 [0.185, 0.614]    0.625 [0.386, 0.815]    0.375 [0.185, 0.614]    0.875 [0.640, 0.965]    0.750 [0.505, 0.898]    0.938 [0.717, 0.989]    0.312 [0.142, 0.556]    0.938 [0.717, 0.989]    0.438 [0.231, 0.668]    0.688 [0.444, 0.858]    0.625 [0.386, 0.815]    0.750 [0.505, 0.898]    0.312 [0.142, 0.556]    0.438 [0.231, 0.668]
meta-sword-rally          0.438 [0.231, 0.668]    0.312 [0.142, 0.556]    0.750 [0.505, 0.898]    0.500 [0.280, 0.720]    0.750 [0.505, 0.898]    0.938 [0.717, 0.989]    0.375 [0.185, 0.614]    1.000 [0.806, 1.000]    0.562 [0.332, 0.769]    0.875 [0.640, 0.965]    0.250 [0.102, 0.495]    1.000 [0.806, 1.000]    0.938 [0.717, 0.989]    0.875 [0.640, 0.965]    0.625 [0.386, 0.815]    0.438 [0.231, 0.668]

=== summary ===
h0:clip=5 vs h0
games: 4096  decisive: 4095  draws: 1
policy_a win rate: 0.529 [0.514, 0.544]
first-player win rate: 0.547
mean turns: 8.44  mean actions: 83.54
end: lethal=4038 deckout=57 turn_cap=0 action_cap=0 no_legal=0 illegal=1
3592.924s  1.14 games/s  cpus=28
per deck:
  meta-abyss-aggro: policy_a (row) 0.609  policy_b (col) 0.582
  meta-abyss-midrange: policy_a (row) 0.715  policy_b (col) 0.664
  meta-dragon-aggro: policy_a (row) 0.621  policy_b (col) 0.516
  meta-dragon-ramp: policy_a (row) 0.512  policy_b (col) 0.477
  meta-forest-combo: policy_a (row) 0.527  policy_b (col) 0.496
  meta-haven-amulet: policy_a (row) 0.297  policy_b (col) 0.250
  meta-haven-evo: policy_a (row) 0.645  policy_b (col) 0.539
  meta-haven-kukishiro: policy_a (row) 0.164  policy_b (col) 0.152
  meta-portal-af: policy_a (row) 0.750  policy_b (col) 0.699
  meta-portal-cutthroat: policy_a (row) 0.559  policy_b (col) 0.293
  meta-portal-evo: policy_a (row) 0.730  policy_b (col) 0.686
  meta-rune-crystal: policy_a (row) 0.302  policy_b (col) 0.234
  meta-rune-spell: policy_a (row) 0.391  policy_b (col) 0.387
  meta-rune-test-subject: policy_a (row) 0.375  policy_b (col) 0.336
  meta-sword-loot: policy_a (row) 0.602  policy_b (col) 0.566
  meta-sword-rally: policy_a (row) 0.664  policy_b (col) 0.660

4096 games in 3592.924s (1.1 games/s)
wrote C:\Users\agban\projects\arena\results\sweep10\c03-final.json
