matchup: 16 decks × 16 games = 4096 games (seed=2, policy_a=h0:nodes=6000, policy_b=h0, first=alternate, threads=None)
Win rate (row = A, col = B; cell = A's win rate)
                           abyss-p8rfn              abyss-pool          afnm-minatodao            basic-forest            basic-portal              basic-rune             dragon-pool            elf-neanisu2             forest-pool             portal-pool              ramp-37772           ramp-claywies            royal-nattui             rune-mach15               rune-pool              sword-pool
abyss-p8rfn                      0.625                   0.938                   0.688                   1.000                   1.000                   1.000                   0.938                   0.812                   0.938                   1.000                   0.812                   0.938                   0.625                   1.000                   1.000                   0.938
abyss-pool                       0.188                   0.688                   0.125                   1.000                   0.812                   1.000                   0.562                   0.125                   0.438                   0.688                   0.688                   0.500                   0.125                   0.312                   0.875                   0.375
afnm-minatodao                   0.625                   1.000                   0.625                   1.000                   1.000                   1.000                   0.938                   0.812                   0.875                   0.938                   0.750                   0.938                   0.750                   1.000                   1.000                   0.875
basic-forest                     0.000                   0.188                   0.000                   0.688                   0.375                   0.938                   0.062                   0.062                   0.062                   0.188                   0.062                   0.000                   0.000                   0.000                   0.375                   0.188
basic-portal                     0.000                   0.438                   0.000                   0.812                   0.875                   0.750                   0.125                   0.062                   0.062                   0.312                   0.125                   0.188                   0.000                   0.188                   0.688                   0.188
basic-rune                       0.000                   0.062                   0.000                   0.312                   0.438                   0.562                   0.125                   0.000                   0.000                   0.375                   0.125                   0.062                   0.000                   0.000                   0.312                   0.062
dragon-pool                      0.188                   0.500                   0.188                   0.938                   0.875                   1.000                   0.562                   0.188                   0.500                   0.625                   0.375                   0.500                   0.312                   0.562                   0.750                   0.562
elf-neanisu2                     0.500                   1.000                   0.312                   1.000                   1.000                   1.000                   0.875                   0.625                   0.875                   1.000                   0.625                   0.750                   0.750                   0.562                   1.000                   0.875
forest-pool                      0.188                   0.812                   0.312                   1.000                   0.875                   1.000                   0.625                   0.312                   0.625                   0.812                   0.375                   0.625                   0.125                   0.375                   0.875                   0.438
portal-pool                      0.000                   0.375                   0.188                   0.688                   0.688                   1.000                   0.625                   0.062                   0.062                   0.688                   0.188                   0.250                   0.000                   0.188                   0.750                   0.250
ramp-37772                       0.438                   0.562                   0.125                   0.938                   0.938                   1.000                   0.812                   0.562                   0.688                   0.812                   0.625                   0.438                   0.438                   0.688                   0.938                   0.875
ramp-claywies                    0.188                   0.812                   0.438                   1.000                   0.875                   1.000                   0.938                   0.312                   0.750                   0.750                   0.562                   0.625                   0.375                   0.750                   1.000                   0.875
royal-nattui                     0.562                   0.938                   0.812                   1.000                   0.938                   1.000                   0.875                   0.625                   0.750                   0.938                   0.812                   0.750                   0.438                   0.375                   1.000                   0.875
rune-mach15                      0.438                   1.000                   0.500                   1.000                   1.000                   1.000                   0.812                   0.625                   0.875                   0.875                   0.688                   0.625                   0.688                   0.750                   1.000                   0.500
rune-pool                        0.000                   0.062                   0.000                   0.625                   0.562                   0.750                   0.250                   0.062                   0.125                   0.500                   0.062                   0.062                   0.125                   0.125                   0.562                   0.062
sword-pool                       0.125                   0.625                   0.062                   1.000                   1.000                   1.000                   0.875                   0.125                   0.562                   0.688                   0.375                   0.250                   0.250                   0.625                   0.812                   0.250

First-player win rate / mean turns
                           abyss-p8rfn              abyss-pool          afnm-minatodao            basic-forest            basic-portal              basic-rune             dragon-pool            elf-neanisu2             forest-pool             portal-pool              ramp-37772           ramp-claywies            royal-nattui             rune-mach15               rune-pool              sword-pool
abyss-p8rfn              0.375 /   8.7           0.438 /   7.5           0.688 /   8.7           0.500 /   7.2           0.500 /   7.1           0.500 /   7.0           0.562 /   8.1           0.562 /   7.9           0.562 /   7.2           0.500 /   6.9           0.688 /   8.2           0.562 /   7.4           0.750 /   7.8           0.500 /   8.1           0.500 /   7.2           0.438 /   8.1
abyss-pool               0.438 /   7.8           0.688 /   8.7           0.500 /   7.6           0.500 /   8.1           0.562 /   7.8           0.500 /   6.0           0.688 /   8.2           0.500 /   8.6           0.688 /   8.9           0.438 /   9.0           0.438 /   7.6           0.375 /   7.5           0.625 /   8.7           0.438 /   8.2           0.500 /   8.6           0.750 /   9.2
afnm-minatodao           0.500 /   8.4           0.500 /   7.1           0.625 /   8.2           0.500 /   6.9           0.500 /   6.5           0.500 /   5.9           0.562 /   7.2           0.562 /   7.6           0.625 /   7.9           0.438 /   7.1           0.375 /   7.8           0.438 /   7.7           0.625 /   8.4           0.500 /   7.6           0.500 /   6.8           0.375 /   8.0
basic-forest             0.500 /   8.2           0.562 /   8.3           0.500 /   7.3           0.562 /   7.9           0.625 /   9.1           0.438 /   7.2           0.438 /   7.8           0.438 /   7.5           0.438 /   8.5           0.438 /   7.6           0.562 /   8.9           0.500 /   8.7           0.500 /   7.9           0.500 /   8.1           0.500 /   8.6           0.562 /   8.1
basic-portal             0.500 /   8.2           0.688 /   8.2           0.500 /   7.5           0.562 /   9.6           0.500 /   8.6           0.500 /   8.1           0.500 /   9.0           0.562 /   7.8           0.562 /   8.6           0.562 /   8.1           0.625 /   9.7           0.438 /   8.7           0.500 /   8.2           0.688 /   8.7           0.438 /   9.4           0.562 /   8.2
basic-rune               0.500 /   7.1           0.562 /   7.3           0.500 /   6.0           0.688 /   8.1           0.562 /   8.4           0.312 /   7.5           0.500 /   7.6           0.500 /   7.1           0.500 /   7.2           0.375 /   7.2           0.375 /   7.9           0.438 /   7.4           0.500 /   7.0           0.500 /   7.6           0.312 /   7.9           0.562 /   7.4
dragon-pool              0.562 /   8.6           0.625 /   8.2           0.688 /   8.4           0.438 /   7.7           0.500 /   8.7           0.500 /   7.3           0.688 /   7.8           0.312 /   7.6           0.625 /   8.5           0.750 /   8.2           0.625 /   8.3           0.500 /   7.8           0.438 /   7.8           0.562 /   9.2           0.375 /   9.7           0.688 /  10.3
elf-neanisu2             0.750 /   8.3           0.500 /   8.1           0.812 /   8.8           0.500 /   7.2           0.500 /   6.9           0.500 /   6.5           0.500 /   7.6           0.750 /   9.1           0.625 /   8.2           0.500 /   7.8           0.750 /   8.6           0.500 /   7.6           0.500 /   8.4           0.688 /   8.5           0.500 /   7.3           0.500 /   8.5
forest-pool              0.688 /   8.4           0.688 /   9.9           0.562 /   8.9           0.500 /   8.9           0.625 /   8.0           0.500 /   6.9           0.375 /   8.6           0.688 /   9.7           0.625 /   8.1           0.438 /   7.7           0.500 /   9.1           0.625 /   8.9           0.500 /   9.1           0.625 /   9.1           0.625 /   7.9           0.562 /   9.8
portal-pool              0.500 /   7.4           0.625 /   8.6           0.438 /   7.2           0.562 /   7.9           0.562 /   8.1           0.500 /   6.9           0.375 /   8.0           0.438 /   7.4           0.562 /   9.1           0.562 /   8.4           0.438 /   8.1           0.500 /   7.9           0.500 /   7.9           0.562 /   8.1           0.500 /   8.6           0.625 /   9.1
ramp-37772               0.688 /   9.0           0.562 /   8.4           0.500 /   8.2           0.438 /   7.6           0.562 /   8.2           0.500 /   7.4           0.562 /   9.1           0.438 /  10.4           0.562 /   8.4           0.312 /   7.6           0.625 /   9.1           0.438 /   9.4           0.562 /   8.1           0.688 /   9.9           0.562 /   8.1           0.625 /  10.0
ramp-claywies            0.562 /   8.2           0.562 /   8.6           0.438 /   8.1           0.500 /   7.9           0.625 /   8.8           0.500 /   6.8           0.562 /   9.1           0.438 /   8.8           0.500 /   8.4           0.625 /   7.8           0.938 /   9.7           0.750 /  10.9           0.625 /   8.9           0.500 /   8.6           0.500 /   8.5           0.500 /   9.8
royal-nattui             0.562 /   7.4           0.438 /   7.8           0.438 /   7.9           0.500 /   7.7           0.562 /   7.6           0.500 /   6.9           0.500 /   7.6           0.625 /   8.6           0.750 /   9.4           0.438 /   7.1           0.312 /   7.9           0.500 /   8.4           0.438 /   7.8           0.625 /   8.4           0.500 /   6.7           0.375 /   9.2
rune-mach15              0.562 /   8.1           0.500 /   8.7           0.750 /   9.4           0.500 /   7.6           0.500 /   8.2           0.500 /   6.8           0.438 /   8.5           0.750 /   9.0           0.500 /   9.1           0.500 /   8.1           0.562 /   8.6           0.375 /   9.1           0.562 /   8.4           0.750 /   8.9           0.500 /   7.9           0.750 /   9.4
rune-pool                0.500 /   7.6           0.562 /   8.1           0.500 /   7.4           0.625 /   9.6           0.438 /   9.2           0.500 /   8.2           0.625 /   9.9           0.438 /   7.9           0.375 /   9.6           0.750 /   9.9           0.438 /   8.3           0.562 /   8.5           0.625 /   7.1           0.500 /   8.6           0.562 /  12.0           0.562 /   9.9
sword-pool               0.625 /   8.9           0.500 /   9.5           0.438 /   9.3           0.500 /   8.1           0.500 /   8.3           0.500 /   6.7           0.375 /   8.5           0.625 /   9.0           0.438 /   8.5           0.438 /   8.6           0.500 /   8.7           0.500 /   9.2           0.625 /   8.8           0.750 /   9.5           0.688 /   9.1           0.750 /  10.1

A win rate over decisive games, Wilson 95% [lo, hi]
                           abyss-p8rfn              abyss-pool          afnm-minatodao            basic-forest            basic-portal              basic-rune             dragon-pool            elf-neanisu2             forest-pool             portal-pool              ramp-37772           ramp-claywies            royal-nattui             rune-mach15               rune-pool              sword-pool
abyss-p8rfn       0.625 [0.386, 0.815]    0.938 [0.717, 0.989]    0.688 [0.444, 0.858]    1.000 [0.806, 1.000]    1.000 [0.806, 1.000]    1.000 [0.806, 1.000]    0.938 [0.717, 0.989]    0.812 [0.570, 0.934]    0.938 [0.717, 0.989]    1.000 [0.806, 1.000]    0.812 [0.570, 0.934]    0.938 [0.717, 0.989]    0.625 [0.386, 0.815]    1.000 [0.806, 1.000]    1.000 [0.806, 1.000]    0.938 [0.717, 0.989]
abyss-pool        0.188 [0.066, 0.430]    0.688 [0.444, 0.858]    0.125 [0.035, 0.360]    1.000 [0.806, 1.000]    0.812 [0.570, 0.934]    1.000 [0.806, 1.000]    0.562 [0.332, 0.769]    0.125 [0.035, 0.360]    0.438 [0.231, 0.668]    0.688 [0.444, 0.858]    0.688 [0.444, 0.858]    0.500 [0.280, 0.720]    0.125 [0.035, 0.360]    0.312 [0.142, 0.556]    0.875 [0.640, 0.965]    0.375 [0.185, 0.614]
afnm-minatodao    0.625 [0.386, 0.815]    1.000 [0.806, 1.000]    0.625 [0.386, 0.815]    1.000 [0.806, 1.000]    1.000 [0.806, 1.000]    1.000 [0.806, 1.000]    0.938 [0.717, 0.989]    0.812 [0.570, 0.934]    0.875 [0.640, 0.965]    0.938 [0.717, 0.989]    0.750 [0.505, 0.898]    0.938 [0.717, 0.989]    0.750 [0.505, 0.898]    1.000 [0.806, 1.000]    1.000 [0.806, 1.000]    0.875 [0.640, 0.965]
basic-forest      0.000 [0.000, 0.194]    0.188 [0.066, 0.430]    0.000 [0.000, 0.194]    0.688 [0.444, 0.858]    0.375 [0.185, 0.614]    0.938 [0.717, 0.989]    0.062 [0.011, 0.283]    0.062 [0.011, 0.283]    0.062 [0.011, 0.283]    0.188 [0.066, 0.430]    0.062 [0.011, 0.283]    0.000 [0.000, 0.194]    0.000 [0.000, 0.194]    0.000 [0.000, 0.194]    0.375 [0.185, 0.614]    0.188 [0.066, 0.430]
basic-portal      0.000 [0.000, 0.194]    0.438 [0.231, 0.668]    0.000 [0.000, 0.194]    0.812 [0.570, 0.934]    0.875 [0.640, 0.965]    0.750 [0.505, 0.898]    0.125 [0.035, 0.360]    0.062 [0.011, 0.283]    0.062 [0.011, 0.283]    0.312 [0.142, 0.556]    0.125 [0.035, 0.360]    0.188 [0.066, 0.430]    0.000 [0.000, 0.194]    0.188 [0.066, 0.430]    0.688 [0.444, 0.858]    0.188 [0.066, 0.430]
basic-rune        0.000 [0.000, 0.194]    0.062 [0.011, 0.283]    0.000 [0.000, 0.194]    0.312 [0.142, 0.556]    0.438 [0.231, 0.668]    0.562 [0.332, 0.769]    0.125 [0.035, 0.360]    0.000 [0.000, 0.194]    0.000 [0.000, 0.194]    0.375 [0.185, 0.614]    0.125 [0.035, 0.360]    0.062 [0.011, 0.283]    0.000 [0.000, 0.194]    0.000 [0.000, 0.194]    0.312 [0.142, 0.556]    0.062 [0.011, 0.283]
dragon-pool       0.188 [0.066, 0.430]    0.500 [0.280, 0.720]    0.188 [0.066, 0.430]    0.938 [0.717, 0.989]    0.875 [0.640, 0.965]    1.000 [0.806, 1.000]    0.562 [0.332, 0.769]    0.188 [0.066, 0.430]    0.500 [0.280, 0.720]    0.625 [0.386, 0.815]    0.375 [0.185, 0.614]    0.500 [0.280, 0.720]    0.312 [0.142, 0.556]    0.562 [0.332, 0.769]    0.750 [0.505, 0.898]    0.562 [0.332, 0.769]
elf-neanisu2      0.500 [0.280, 0.720]    1.000 [0.806, 1.000]    0.312 [0.142, 0.556]    1.000 [0.806, 1.000]    1.000 [0.806, 1.000]    1.000 [0.806, 1.000]    0.875 [0.640, 0.965]    0.625 [0.386, 0.815]    0.875 [0.640, 0.965]    1.000 [0.806, 1.000]    0.625 [0.386, 0.815]    0.750 [0.505, 0.898]    0.750 [0.505, 0.898]    0.562 [0.332, 0.769]    1.000 [0.806, 1.000]    0.875 [0.640, 0.965]
forest-pool       0.188 [0.066, 0.430]    0.812 [0.570, 0.934]    0.312 [0.142, 0.556]    1.000 [0.806, 1.000]    0.875 [0.640, 0.965]    1.000 [0.806, 1.000]    0.625 [0.386, 0.815]    0.312 [0.142, 0.556]    0.625 [0.386, 0.815]    0.812 [0.570, 0.934]    0.375 [0.185, 0.614]    0.625 [0.386, 0.815]    0.125 [0.035, 0.360]    0.375 [0.185, 0.614]    0.875 [0.640, 0.965]    0.438 [0.231, 0.668]
portal-pool       0.000 [0.000, 0.194]    0.375 [0.185, 0.614]    0.188 [0.066, 0.430]    0.688 [0.444, 0.858]    0.688 [0.444, 0.858]    1.000 [0.806, 1.000]    0.625 [0.386, 0.815]    0.062 [0.011, 0.283]    0.062 [0.011, 0.283]    0.688 [0.444, 0.858]    0.188 [0.066, 0.430]    0.250 [0.102, 0.495]    0.000 [0.000, 0.194]    0.188 [0.066, 0.430]    0.750 [0.505, 0.898]    0.250 [0.102, 0.495]
ramp-37772        0.438 [0.231, 0.668]    0.562 [0.332, 0.769]    0.125 [0.035, 0.360]    0.938 [0.717, 0.989]    0.938 [0.717, 0.989]    1.000 [0.806, 1.000]    0.812 [0.570, 0.934]    0.562 [0.332, 0.769]    0.688 [0.444, 0.858]    0.812 [0.570, 0.934]    0.625 [0.386, 0.815]    0.438 [0.231, 0.668]    0.438 [0.231, 0.668]    0.688 [0.444, 0.858]    0.938 [0.717, 0.989]    0.875 [0.640, 0.965]
ramp-claywies     0.188 [0.066, 0.430]    0.812 [0.570, 0.934]    0.438 [0.231, 0.668]    1.000 [0.806, 1.000]    0.875 [0.640, 0.965]    1.000 [0.806, 1.000]    0.938 [0.717, 0.989]    0.312 [0.142, 0.556]    0.750 [0.505, 0.898]    0.750 [0.505, 0.898]    0.562 [0.332, 0.769]    0.625 [0.386, 0.815]    0.375 [0.185, 0.614]    0.750 [0.505, 0.898]    1.000 [0.806, 1.000]    0.875 [0.640, 0.965]
royal-nattui      0.562 [0.332, 0.769]    0.938 [0.717, 0.989]    0.812 [0.570, 0.934]    1.000 [0.806, 1.000]    0.938 [0.717, 0.989]    1.000 [0.806, 1.000]    0.875 [0.640, 0.965]    0.625 [0.386, 0.815]    0.750 [0.505, 0.898]    0.938 [0.717, 0.989]    0.812 [0.570, 0.934]    0.750 [0.505, 0.898]    0.438 [0.231, 0.668]    0.375 [0.185, 0.614]    1.000 [0.806, 1.000]    0.875 [0.640, 0.965]
rune-mach15       0.438 [0.231, 0.668]    1.000 [0.806, 1.000]    0.500 [0.280, 0.720]    1.000 [0.806, 1.000]    1.000 [0.806, 1.000]    1.000 [0.806, 1.000]    0.812 [0.570, 0.934]    0.625 [0.386, 0.815]    0.875 [0.640, 0.965]    0.875 [0.640, 0.965]    0.688 [0.444, 0.858]    0.625 [0.386, 0.815]    0.688 [0.444, 0.858]    0.750 [0.505, 0.898]    1.000 [0.806, 1.000]    0.500 [0.280, 0.720]
rune-pool         0.000 [0.000, 0.194]    0.062 [0.011, 0.283]    0.000 [0.000, 0.194]    0.625 [0.386, 0.815]    0.562 [0.332, 0.769]    0.750 [0.505, 0.898]    0.250 [0.102, 0.495]    0.062 [0.011, 0.283]    0.125 [0.035, 0.360]    0.500 [0.280, 0.720]    0.062 [0.011, 0.283]    0.062 [0.011, 0.283]    0.125 [0.035, 0.360]    0.125 [0.035, 0.360]    0.562 [0.332, 0.769]    0.062 [0.011, 0.283]
sword-pool        0.125 [0.035, 0.360]    0.625 [0.386, 0.815]    0.062 [0.011, 0.283]    1.000 [0.806, 1.000]    1.000 [0.806, 1.000]    1.000 [0.806, 1.000]    0.875 [0.640, 0.965]    0.125 [0.035, 0.360]    0.562 [0.332, 0.769]    0.688 [0.444, 0.858]    0.375 [0.185, 0.614]    0.250 [0.102, 0.495]    0.250 [0.102, 0.495]    0.625 [0.386, 0.815]    0.812 [0.570, 0.934]    0.250 [0.102, 0.495]
4096 games in 2189.721s (1.9 games/s)
wrote C:\Users\agban\projects\arena\results\sweep2\c04-final.json


=== summary ===
h0:nodes=6000 vs h0
games: 4096  decisive: 4096  draws: 0
policy_a win rate: 0.562 [0.547, 0.577]
first-player win rate: 0.537
mean turns: 8.24  mean actions: 76.64
end: lethal=4095 deckout=1 turn_cap=0 action_cap=0 no_legal=0 illegal=0
2189.721s  1.87 games/s  cpus=28
per deck:
  abyss-p8rfn: policy_a (row) 0.891  policy_b (col) 0.746
  abyss-pool: policy_a (row) 0.531  policy_b (col) 0.375
  afnm-minatodao: policy_a (row) 0.883  policy_b (col) 0.727
  basic-forest: policy_a (row) 0.199  policy_b (col) 0.125
  basic-portal: policy_a (row) 0.301  policy_b (col) 0.172
  basic-rune: policy_a (row) 0.152  policy_b (col) 0.062
  dragon-pool: policy_a (row) 0.539  policy_b (col) 0.375
  elf-neanisu2: policy_a (row) 0.797  policy_b (col) 0.664
  forest-pool: policy_a (row) 0.586  policy_b (col) 0.488
  portal-pool: policy_a (row) 0.375  policy_b (col) 0.301
  ramp-37772: policy_a (row) 0.680  policy_b (col) 0.547
  ramp-claywies: policy_a (row) 0.703  policy_b (col) 0.531
  royal-nattui: policy_a (row) 0.793  policy_b (col) 0.688
  rune-mach15: policy_a (row) 0.773  policy_b (col) 0.531
  rune-pool: policy_a (row) 0.246  policy_b (col) 0.191
  sword-pool: policy_a (row) 0.539  policy_b (col) 0.488
