matchup: 16 decks × 4 games = 1024 games (seed=2, policy_a=h0:depth=3,beam=12, policy_b=h0, first=alternate, threads=None)
Win rate (row = A, col = B; cell = A's win rate)
                           abyss-p8rfn              abyss-pool          afnm-minatodao            basic-forest            basic-portal              basic-rune             dragon-pool            elf-neanisu2             forest-pool             portal-pool              ramp-37772           ramp-claywies            royal-nattui             rune-mach15               rune-pool              sword-pool
abyss-p8rfn                      0.500                   1.000                   0.750                   1.000                   1.000                   1.000                   1.000                   1.000                   0.750                   1.000                   0.750                   0.250                   0.750                   1.000                   1.000                   1.000
abyss-pool                       0.000                   0.500                   0.000                   0.750                   0.750                   1.000                   0.250                   0.000                   0.250                   0.750                   0.750                   0.500                   0.000                   0.000                   0.750                   0.250
afnm-minatodao                   0.750                   1.000                   1.000                   1.000                   1.000                   1.000                   1.000                   0.750                   0.750                   1.000                   0.500                   1.000                   0.750                   0.500                   1.000                   1.000
basic-forest                     0.000                   0.250                   0.000                   0.250                   0.000                   1.000                   0.500                   0.000                   0.250                   0.750                   0.250                   0.000                   0.000                   0.250                   0.500                   0.500
basic-portal                     0.000                   0.000                   0.000                   0.500                   0.250                   0.750                   0.000                   0.250                   0.000                   0.500                   0.000                   0.500                   0.000                   0.500                   1.000                   0.000
basic-rune                       0.000                   0.000                   0.000                   0.500                   0.500                   1.000                   0.000                   0.000                   0.000                   0.250                   0.000                   0.000                   0.000                   0.000                   0.250                   0.000
dragon-pool                      0.250                   0.750                   0.500                   1.000                   1.000                   0.750                   0.750                   0.250                   0.500                   0.250                   0.000                   0.750                   0.000                   0.500                   1.000                   1.000
elf-neanisu2                     1.000                   0.750                   0.250                   1.000                   1.000                   1.000                   0.750                   0.750                   1.000                   1.000                   0.250                   0.750                   0.250                   0.750                   1.000                   0.500
forest-pool                      0.000                   0.500                   0.000                   0.750                   0.750                   0.500                   0.500                   0.750                   0.500                   0.750                   0.000                   0.500                   0.000                   0.000                   1.000                   0.000
portal-pool                      0.000                   0.000                   0.000                   0.500                   0.500                   1.000                   0.500                   0.250                   0.000                   0.000                   0.000                   0.250                   0.000                   0.250                   0.500                   0.250
ramp-37772                       0.750                   0.750                   0.250                   1.000                   1.000                   1.000                   1.000                   0.500                   0.500                   1.000                   0.250                   0.750                   0.250                   1.000                   1.000                   0.500
ramp-claywies                    0.250                   1.000                   0.250                   1.000                   0.750                   1.000                   1.000                   0.250                   0.750                   1.000                   0.750                   0.500                   0.500                   0.750                   0.750                   0.500
royal-nattui                     0.000                   1.000                   0.500                   1.000                   0.750                   1.000                   1.000                   1.000                   1.000                   1.000                   0.750                   0.750                   0.750                   0.500                   1.000                   0.500
rune-mach15                      0.000                   0.250                   0.000                   0.750                   0.750                   1.000                   0.000                   0.750                   0.500                   1.000                   0.750                   0.500                   0.500                   0.750                   0.750                   0.500
rune-pool                        0.000                   0.000                   0.000                   0.750                   0.250                   1.000                   0.250                   0.000                   0.000                   0.750                   0.000                   0.250                   0.000                   0.500                   0.750                   0.250
sword-pool                       0.250                   0.500                   0.250                   0.750                   0.750                   1.000                   0.750                   0.250                   0.500                   0.500                   0.000                   0.000                   0.000                   0.500                   0.500                   1.000

First-player win rate / mean turns
                           abyss-p8rfn              abyss-pool          afnm-minatodao            basic-forest            basic-portal              basic-rune             dragon-pool            elf-neanisu2             forest-pool             portal-pool              ramp-37772           ramp-claywies            royal-nattui             rune-mach15               rune-pool              sword-pool
abyss-p8rfn              0.500 /   7.8           0.500 /   8.0           0.750 /   9.5           0.500 /   7.5           0.500 /   7.5           0.500 /   8.0           0.500 /   7.8           0.500 /   9.0           0.750 /   8.8           0.500 /   6.2           0.750 /   8.8           0.250 /   9.0           0.750 /   7.2           0.500 /   8.5           0.500 /   8.0           0.500 /   7.2
abyss-pool               0.500 /   9.5           0.500 /  10.0           0.500 /   7.2           0.750 /   7.8           0.250 /   8.2           0.500 /   5.8           0.750 /   9.2           0.500 /   7.5           0.750 /  10.5           0.250 /   9.8           0.250 /   7.2           0.500 /   7.2           0.500 /   8.0           0.500 /   8.0           0.750 /  12.8           0.750 /   8.8
afnm-minatodao           0.250 /   8.0           0.500 /   7.0           0.500 /   8.2           0.500 /   7.5           0.500 /   6.5           0.500 /   6.2           0.500 /   6.5           0.750 /   7.8           0.750 /   7.8           0.500 /   7.5           0.500 /   9.0           0.500 /   6.8           0.750 /   8.0           0.500 /   8.8           0.500 /   7.0           0.500 /   9.2
basic-forest             0.500 /   7.8           0.750 /   7.8           0.500 /   7.0           0.250 /   8.2           0.500 /   8.8           0.500 /   7.5           0.000 /   7.0           0.500 /   7.5           0.750 /   9.8           0.250 /   7.8           0.750 /   7.5           0.500 /   9.5           0.500 /   7.0           0.750 /   7.8           0.500 /   8.2           0.500 /   8.0
basic-portal             0.500 /   7.5           0.500 /   7.5           0.500 /   7.2           0.500 /   8.5           0.750 /  10.0           0.750 /   8.2           0.500 /   7.2           0.750 /   8.8           0.500 /   9.5           0.500 /   8.8           0.500 /   9.2           1.000 /   7.8           0.500 /   6.8           0.500 /   9.0           0.500 /   8.8           0.500 /   7.2
basic-rune               0.500 /   7.2           0.500 /   7.0           0.500 /   6.8           0.500 /   8.2           0.500 /   7.5           0.500 /   7.5           0.500 /   7.5           0.500 /   7.2           0.500 /   7.0           0.750 /   7.2           0.500 /   8.5           0.500 /   8.2           0.500 /   6.8           0.500 /   7.2           0.750 /   7.5           0.500 /   6.5
dragon-pool              0.750 /   7.2           0.750 /   8.5           1.000 /   9.0           0.500 /   7.8           0.500 /   8.5           0.250 /   7.0           0.750 /   8.2           0.250 /   8.2           0.500 /   8.0           0.750 /   7.2           0.500 /  10.0           0.750 /   7.8           0.500 /   6.8           1.000 /   7.5           0.500 /  12.2           0.500 /   7.5
elf-neanisu2             0.500 /   8.5           0.750 /   7.5           0.250 /   8.0           0.500 /   7.5           0.500 /   7.2           0.500 /   6.2           0.250 /   6.5           0.750 /  10.0           0.500 /   6.8           0.500 /   7.5           0.750 /   9.0           0.750 /   8.8           0.750 /   9.0           0.750 /   8.8           0.500 /   7.2           0.500 /   9.8
forest-pool              0.500 /   9.5           1.000 /   7.8           0.500 /   7.0           0.250 /   7.0           0.750 /  10.0           0.500 /   7.5           0.500 /   8.5           0.250 /   8.8           0.500 /   8.2           0.750 /   7.5           0.500 /   7.0           1.000 /   9.0           0.500 /   7.5           0.500 /  10.2           0.500 /   8.5           0.500 /  10.5
portal-pool              0.500 /   7.5           0.500 /   8.5           0.500 /   7.0           1.000 /  10.5           0.500 /   9.2           0.500 /   7.8           0.500 /   7.0           0.750 /   8.2           0.500 /   7.0           0.500 /   7.5           0.500 /   7.8           0.250 /   8.5           0.500 /   8.5           0.250 /   7.8           1.000 /   9.0           0.750 /   9.2
ramp-37772               0.250 /   8.2           0.750 /   9.0           0.750 /   8.5           0.500 /   8.0           0.500 /   8.0           0.500 /   8.5           0.500 /   9.0           1.000 /  10.8           1.000 /   9.0           0.500 /   7.5           0.250 /  11.0           0.250 /   9.2           0.750 /   8.2           0.500 /  10.8           0.500 /   8.0           1.000 /   9.0
ramp-claywies            0.750 /   8.2           0.500 /   7.8           0.750 /   9.0           0.500 /   8.8           0.750 /   8.8           0.500 /   7.2           0.500 /   8.2           0.250 /   8.2           0.250 /   8.0           0.500 /   8.8           0.750 /  11.8           0.500 /   8.0           0.500 /   9.5           0.750 /   8.5           0.750 /   9.0           0.500 /  10.0
royal-nattui             0.500 /   7.2           0.500 /   8.8           0.000 /   7.8           0.500 /   8.5           0.250 /   8.5           0.500 /   8.0           0.500 /   8.8           0.500 /   8.8           0.500 /   7.2           0.500 /   7.0           0.750 /   7.5           0.750 /   7.5           0.750 /   8.8           0.500 /   9.0           0.500 /   7.0           0.500 /   9.0
rune-mach15              0.500 /   7.0           0.250 /   7.0           0.500 /   7.8           0.250 /   7.0           0.750 /   9.2           0.500 /   7.2           0.500 /   7.8           0.750 /   8.0           1.000 /   7.2           0.500 /   8.0           0.250 /   7.2           0.500 /   9.2           1.000 /   9.2           0.750 /   9.8           0.750 /   8.0           0.500 /  10.5
rune-pool                0.500 /   8.5           0.500 /   6.8           0.500 /   7.5           0.750 /   9.0           0.750 /   9.8           0.500 /   9.2           0.250 /   7.8           0.500 /  10.2           0.500 /   8.2           0.750 /  11.0           0.500 /   7.2           0.250 /   8.2           0.500 /   8.0           0.500 /   8.5           0.250 /  14.8           0.250 /  11.2
sword-pool               0.250 /   7.8           0.500 /   9.0           0.750 /  11.0           0.750 /   8.0           0.250 /   8.0           0.500 /   7.5           0.750 /  10.2           0.250 /   6.8           1.000 /   8.0           1.000 /   9.0           0.500 /   7.8           0.500 /   7.8           0.500 /   8.8           1.000 /   9.0           0.000 /   9.5           0.500 /   7.8

A win rate over decisive games, Wilson 95% [lo, hi]
                           abyss-p8rfn              abyss-pool          afnm-minatodao            basic-forest            basic-portal              basic-rune             dragon-pool            elf-neanisu2             forest-pool             portal-pool              ramp-37772           ramp-claywies            royal-nattui             rune-mach15               rune-pool              sword-pool
abyss-p8rfn       0.500 [0.150, 0.850]    1.000 [0.510, 1.000]    0.750 [0.301, 0.954]    1.000 [0.510, 1.000]    1.000 [0.510, 1.000]    1.000 [0.510, 1.000]    1.000 [0.510, 1.000]    1.000 [0.510, 1.000]    0.750 [0.301, 0.954]    1.000 [0.510, 1.000]    0.750 [0.301, 0.954]    0.250 [0.046, 0.699]    0.750 [0.301, 0.954]    1.000 [0.510, 1.000]    1.000 [0.510, 1.000]    1.000 [0.510, 1.000]
abyss-pool        0.000 [0.000, 0.490]    0.500 [0.150, 0.850]    0.000 [0.000, 0.490]    0.750 [0.301, 0.954]    0.750 [0.301, 0.954]    1.000 [0.510, 1.000]    0.250 [0.046, 0.699]    0.000 [0.000, 0.490]    0.250 [0.046, 0.699]    0.750 [0.301, 0.954]    0.750 [0.301, 0.954]    0.500 [0.150, 0.850]    0.000 [0.000, 0.490]    0.000 [0.000, 0.490]    0.750 [0.301, 0.954]    0.250 [0.046, 0.699]
afnm-minatodao    0.750 [0.301, 0.954]    1.000 [0.510, 1.000]    1.000 [0.510, 1.000]    1.000 [0.510, 1.000]    1.000 [0.510, 1.000]    1.000 [0.510, 1.000]    1.000 [0.510, 1.000]    0.750 [0.301, 0.954]    0.750 [0.301, 0.954]    1.000 [0.510, 1.000]    0.500 [0.150, 0.850]    1.000 [0.510, 1.000]    0.750 [0.301, 0.954]    0.500 [0.150, 0.850]    1.000 [0.510, 1.000]    1.000 [0.510, 1.000]
basic-forest      0.000 [0.000, 0.490]    0.250 [0.046, 0.699]    0.000 [0.000, 0.490]    0.250 [0.046, 0.699]    0.000 [0.000, 0.490]    1.000 [0.510, 1.000]    0.500 [0.150, 0.850]    0.000 [0.000, 0.490]    0.250 [0.046, 0.699]    0.750 [0.301, 0.954]    0.250 [0.046, 0.699]    0.000 [0.000, 0.490]    0.000 [0.000, 0.490]    0.250 [0.046, 0.699]    0.500 [0.150, 0.850]    0.500 [0.150, 0.850]
basic-portal      0.000 [0.000, 0.490]    0.000 [0.000, 0.490]    0.000 [0.000, 0.490]    0.500 [0.150, 0.850]    0.250 [0.046, 0.699]    0.750 [0.301, 0.954]    0.000 [0.000, 0.490]    0.250 [0.046, 0.699]    0.000 [0.000, 0.490]    0.500 [0.150, 0.850]    0.000 [0.000, 0.490]    0.500 [0.150, 0.850]    0.000 [0.000, 0.490]    0.500 [0.150, 0.850]    1.000 [0.510, 1.000]    0.000 [0.000, 0.490]
basic-rune        0.000 [0.000, 0.490]    0.000 [0.000, 0.490]    0.000 [0.000, 0.490]    0.500 [0.150, 0.850]    0.500 [0.150, 0.850]    1.000 [0.510, 1.000]    0.000 [0.000, 0.490]    0.000 [0.000, 0.490]    0.000 [0.000, 0.490]    0.250 [0.046, 0.699]    0.000 [0.000, 0.490]    0.000 [0.000, 0.490]    0.000 [0.000, 0.490]    0.000 [0.000, 0.490]    0.250 [0.046, 0.699]    0.000 [0.000, 0.490]
dragon-pool       0.250 [0.046, 0.699]    0.750 [0.301, 0.954]    0.500 [0.150, 0.850]    1.000 [0.510, 1.000]    1.000 [0.510, 1.000]    0.750 [0.301, 0.954]    0.750 [0.301, 0.954]    0.250 [0.046, 0.699]    0.500 [0.150, 0.850]    0.250 [0.046, 0.699]    0.000 [0.000, 0.490]    0.750 [0.301, 0.954]    0.000 [0.000, 0.490]    0.500 [0.150, 0.850]    1.000 [0.510, 1.000]    1.000 [0.510, 1.000]
elf-neanisu2      1.000 [0.510, 1.000]    0.750 [0.301, 0.954]    0.250 [0.046, 0.699]    1.000 [0.510, 1.000]    1.000 [0.510, 1.000]    1.000 [0.510, 1.000]    0.750 [0.301, 0.954]    0.750 [0.301, 0.954]    1.000 [0.510, 1.000]    1.000 [0.510, 1.000]    0.250 [0.046, 0.699]    0.750 [0.301, 0.954]    0.250 [0.046, 0.699]    0.750 [0.301, 0.954]    1.000 [0.510, 1.000]    0.500 [0.150, 0.850]
forest-pool       0.000 [0.000, 0.490]    0.500 [0.150, 0.850]    0.000 [0.000, 0.490]    0.750 [0.301, 0.954]    0.750 [0.301, 0.954]    0.500 [0.150, 0.850]    0.500 [0.150, 0.850]    0.750 [0.301, 0.954]    0.500 [0.150, 0.850]    0.750 [0.301, 0.954]    0.000 [0.000, 0.490]    0.500 [0.150, 0.850]    0.000 [0.000, 0.490]    0.000 [0.000, 0.490]    1.000 [0.510, 1.000]    0.000 [0.000, 0.490]
portal-pool       0.000 [0.000, 0.490]    0.000 [0.000, 0.490]    0.000 [0.000, 0.490]    0.500 [0.150, 0.850]    0.500 [0.150, 0.850]    1.000 [0.510, 1.000]    0.500 [0.150, 0.850]    0.250 [0.046, 0.699]    0.000 [0.000, 0.490]    0.000 [0.000, 0.490]    0.000 [0.000, 0.490]    0.250 [0.046, 0.699]    0.000 [0.000, 0.490]    0.250 [0.046, 0.699]    0.500 [0.150, 0.850]    0.250 [0.046, 0.699]
ramp-37772        0.750 [0.301, 0.954]    0.750 [0.301, 0.954]    0.250 [0.046, 0.699]    1.000 [0.510, 1.000]    1.000 [0.510, 1.000]    1.000 [0.510, 1.000]    1.000 [0.510, 1.000]    0.500 [0.150, 0.850]    0.500 [0.150, 0.850]    1.000 [0.510, 1.000]    0.250 [0.046, 0.699]    0.750 [0.301, 0.954]    0.250 [0.046, 0.699]    1.000 [0.510, 1.000]    1.000 [0.510, 1.000]    0.500 [0.150, 0.850]
ramp-claywies     0.250 [0.046, 0.699]    1.000 [0.510, 1.000]    0.250 [0.046, 0.699]    1.000 [0.510, 1.000]    0.750 [0.301, 0.954]    1.000 [0.510, 1.000]    1.000 [0.510, 1.000]    0.250 [0.046, 0.699]    0.750 [0.301, 0.954]    1.000 [0.510, 1.000]    0.750 [0.301, 0.954]    0.500 [0.150, 0.850]    0.500 [0.150, 0.850]    0.750 [0.301, 0.954]    0.750 [0.301, 0.954]    0.500 [0.150, 0.850]
royal-nattui      0.000 [0.000, 0.490]    1.000 [0.510, 1.000]    0.500 [0.150, 0.850]    1.000 [0.510, 1.000]    0.750 [0.301, 0.954]    1.000 [0.510, 1.000]    1.000 [0.510, 1.000]    1.000 [0.510, 1.000]    1.000 [0.510, 1.000]    1.000 [0.510, 1.000]    0.750 [0.301, 0.954]    0.750 [0.301, 0.954]    0.750 [0.301, 0.954]    0.500 [0.150, 0.850]    1.000 [0.510, 1.000]    0.500 [0.150, 0.850]
rune-mach15       0.000 [0.000, 0.490]    0.250 [0.046, 0.699]    0.000 [0.000, 0.490]    0.750 [0.301, 0.954]    0.750 [0.301, 0.954]    1.000 [0.510, 1.000]    0.000 [0.000, 0.490]    0.750 [0.301, 0.954]    0.500 [0.150, 0.850]    1.000 [0.510, 1.000]    0.750 [0.301, 0.954]    0.500 [0.150, 0.850]    0.500 [0.150, 0.850]    0.750 [0.301, 0.954]    0.750 [0.301, 0.954]    0.500 [0.150, 0.850]
rune-pool         0.000 [0.000, 0.490]    0.000 [0.000, 0.490]    0.000 [0.000, 0.490]    0.750 [0.301, 0.954]    0.250 [0.046, 0.699]    1.000 [0.510, 1.000]    0.250 [0.046, 0.699]    0.000 [0.000, 0.490]    0.000 [0.000, 0.490]    0.750 [0.301, 0.954]    0.000 [0.000, 0.490]    0.250 [0.046, 0.699]    0.000 [0.000, 0.490]    0.500 [0.150, 0.850]    0.750 [0.301, 0.954]    0.250 [0.046, 0.699]
sword-pool        0.250 [0.046, 0.699]    0.500 [0.150, 0.850]    0.250 [0.046, 0.699]    0.750 [0.301, 0.954]    0.750 [0.301, 0.954]    1.000 [0.510, 1.000]    0.750 [0.301, 0.954]    0.250 [0.046, 0.699]    0.500 [0.150, 0.850]    0.500 [0.150, 0.850]    0.000 [0.000, 0.490]    0.000 [0.000, 0.490]    0.000 [0.000, 0.490]    0.500 [0.150, 0.850]    0.500 [0.150, 0.850]    1.000 [0.510, 1.000]
1024 games in 356.818s (2.9 games/s)
wrote C:\Users\agban\projects\arena\results\sweep2\c06-screen.json


=== summary ===
h0:depth=3,beam=12 vs h0
games: 1024  decisive: 1024  draws: 0
policy_a win rate: 0.521 [0.490, 0.551]
first-player win rate: 0.550
mean turns: 8.26  mean actions: 76.10
end: lethal=1024 deckout=0 turn_cap=0 action_cap=0 no_legal=0 illegal=0
356.818s  2.87 games/s  cpus=28
per deck:
  abyss-p8rfn: policy_a (row) 0.859  policy_b (col) 0.766
  abyss-pool: policy_a (row) 0.406  policy_b (col) 0.484
  afnm-minatodao: policy_a (row) 0.875  policy_b (col) 0.766
  basic-forest: policy_a (row) 0.281  policy_b (col) 0.219
  basic-portal: policy_a (row) 0.266  policy_b (col) 0.312
  basic-rune: policy_a (row) 0.156  policy_b (col) 0.062
  dragon-pool: policy_a (row) 0.578  policy_b (col) 0.422
  elf-neanisu2: policy_a (row) 0.750  policy_b (col) 0.578
  forest-pool: policy_a (row) 0.406  policy_b (col) 0.547
  portal-pool: policy_a (row) 0.250  policy_b (col) 0.281
  ramp-37772: policy_a (row) 0.719  policy_b (col) 0.688
  ramp-claywies: policy_a (row) 0.688  policy_b (col) 0.547
  royal-nattui: policy_a (row) 0.781  policy_b (col) 0.766
  rune-mach15: policy_a (row) 0.547  policy_b (col) 0.516
  rune-pool: policy_a (row) 0.297  policy_b (col) 0.203
  sword-pool: policy_a (row) 0.469  policy_b (col) 0.516
