matchup: 16 decks × 1 games = 256 games (seed=2, policy_a=h0:nodes=6000, policy_b=h0:nodes=6000, first=alternate, threads=None)
Win rate (row = A, col = B; cell = A's win rate)
                           abyss-p8rfn              abyss-pool          afnm-minatodao            basic-forest            basic-portal              basic-rune             dragon-pool            elf-neanisu2             forest-pool             portal-pool              ramp-37772           ramp-claywies            royal-nattui             rune-mach15               rune-pool              sword-pool
abyss-p8rfn                      0.000                   1.000                   0.000                   1.000                   1.000                   1.000                   1.000                   1.000                   1.000                   1.000                   0.000                   1.000                   1.000                   1.000                   1.000                   1.000
abyss-pool                       0.000                   1.000                   0.000                   1.000                   0.000                   1.000                   0.000                   0.000                   0.000                   1.000                   1.000                   1.000                   0.000                   0.000                   1.000                   0.000
afnm-minatodao                   0.000                   1.000                   0.000                   1.000                   1.000                   1.000                   1.000                   1.000                   1.000                   1.000                   0.000                   1.000                   1.000                   0.000                   1.000                   1.000
basic-forest                     1.000                   0.000                   0.000                   0.000                   1.000                   1.000                   0.000                   0.000                   0.000                   1.000                   0.000                   0.000                   0.000                   0.000                   1.000                   0.000
basic-portal                     0.000                   0.000                   0.000                   1.000                   1.000                   0.000                   0.000                   0.000                   1.000                   1.000                   0.000                   0.000                   0.000                   0.000                   1.000                   0.000
basic-rune                       0.000                   0.000                   0.000                   1.000                   1.000                   1.000                   0.000                   0.000                   0.000                   0.000                   0.000                   0.000                   0.000                   0.000                   0.000                   0.000
dragon-pool                      0.000                   0.000                   0.000                   0.000                   1.000                   1.000                   0.000                   0.000                   0.000                   1.000                   0.000                   1.000                   1.000                   1.000                   1.000                   0.000
elf-neanisu2                     1.000                   1.000                   0.000                   1.000                   0.000                   1.000                   1.000                   0.000                   1.000                   1.000                   1.000                   1.000                   1.000                   1.000                   1.000                   0.000
forest-pool                      1.000                   1.000                   0.000                   1.000                   1.000                   1.000                   0.000                   0.000                   0.000                   1.000                   0.000                   1.000                   0.000                   0.000                   1.000                   0.000
portal-pool                      0.000                   0.000                   0.000                   1.000                   0.000                   1.000                   0.000                   0.000                   0.000                   0.000                   0.000                   0.000                   0.000                   0.000                   1.000                   0.000
ramp-37772                       0.000                   1.000                   1.000                   1.000                   1.000                   1.000                   1.000                   1.000                   1.000                   1.000                   1.000                   0.000                   1.000                   1.000                   1.000                   1.000
ramp-claywies                    0.000                   1.000                   0.000                   0.000                   1.000                   1.000                   1.000                   1.000                   1.000                   1.000                   1.000                   0.000                   0.000                   1.000                   1.000                   1.000
royal-nattui                     1.000                   1.000                   1.000                   1.000                   1.000                   1.000                   1.000                   1.000                   1.000                   1.000                   1.000                   1.000                   0.000                   0.000                   1.000                   1.000
rune-mach15                      0.000                   1.000                   1.000                   1.000                   1.000                   1.000                   0.000                   0.000                   1.000                   1.000                   1.000                   1.000                   1.000                   0.000                   1.000                   0.000
rune-pool                        0.000                   0.000                   0.000                   0.000                   0.000                   1.000                   1.000                   0.000                   0.000                   1.000                   0.000                   0.000                   0.000                   0.000                   0.000                   0.000
sword-pool                       0.000                   1.000                   0.000                   1.000                   1.000                   1.000                   1.000                   0.000                   1.000                   0.000                   0.000                   0.000                   0.000                   1.000                   1.000                   1.000

First-player win rate / mean turns
                           abyss-p8rfn              abyss-pool          afnm-minatodao            basic-forest            basic-portal              basic-rune             dragon-pool            elf-neanisu2             forest-pool             portal-pool              ramp-37772           ramp-claywies            royal-nattui             rune-mach15               rune-pool              sword-pool
abyss-p8rfn              0.000 /   6.0           1.000 /   7.0           0.000 /   6.0           1.000 /   7.0           1.000 /   8.0           1.000 /   9.0           1.000 /   9.0           1.000 /   9.0           1.000 /   9.0           1.000 /   7.0           0.000 /  13.0           1.000 /   8.0           1.000 /   8.0           1.000 /   8.0           1.000 /   8.0           1.000 /   7.0
abyss-pool               0.000 /   8.0           1.000 /  11.0           0.000 /   6.0           1.000 /   8.0           0.000 /   9.0           1.000 /   6.0           0.000 /   7.0           0.000 /   8.0           0.000 /  10.0           1.000 /   8.0           1.000 /   6.0           1.000 /   6.0           0.000 /   9.0           0.000 /  11.0           1.000 /  12.0           0.000 /  10.0
afnm-minatodao           0.000 /   9.0           1.000 /   7.0           0.000 /   7.0           1.000 /   7.0           1.000 /   6.0           1.000 /   6.0           1.000 /   7.0           1.000 /   7.0           1.000 /   8.0           1.000 /   7.0           0.000 /   9.0           1.000 /   8.0           1.000 /   7.0           0.000 /  10.0           1.000 /   7.0           1.000 /   7.0
basic-forest             1.000 /   7.0           0.000 /   8.0           0.000 /   6.0           0.000 /   6.0           1.000 /   9.0           1.000 /   8.0           0.000 /   9.0           0.000 /   6.0           0.000 /   9.0           1.000 /   7.0           0.000 /   9.0           0.000 /   9.0           0.000 /  10.0           0.000 /   6.0           1.000 /   9.0           0.000 /   5.0
basic-portal             0.000 /   6.0           0.000 /   6.0           0.000 /   6.0           1.000 /   8.0           1.000 /   8.0           0.000 /   6.0           0.000 /   6.0           0.000 /   7.0           1.000 /   8.0           1.000 /  13.0           0.000 /  13.0           0.000 /  12.0           0.000 /   6.0           0.000 /   6.0           1.000 /   8.0           0.000 /   6.0
basic-rune               0.000 /   7.0           0.000 /   5.0           0.000 /   6.0           1.000 /  11.0           1.000 /  10.0           1.000 /   7.0           0.000 /  10.0           0.000 /   6.0           0.000 /   6.0           0.000 /   7.0           0.000 /   6.0           0.000 /   7.0           0.000 /   7.0           0.000 /   8.0           0.000 /   8.0           0.000 /   5.0
dragon-pool              0.000 /   9.0           0.000 /   6.0           0.000 /   6.0           0.000 /   8.0           1.000 /  11.0           1.000 /   7.0           0.000 /  12.0           0.000 /   6.0           0.000 /   9.0           1.000 /   7.0           0.000 /   6.0           1.000 /   7.0           1.000 /   7.0           1.000 /   9.0           1.000 /   9.0           0.000 /  12.0
elf-neanisu2             1.000 /   7.0           1.000 /   7.0           0.000 /   8.0           1.000 /   8.0           0.000 /   7.0           1.000 /   7.0           1.000 /  10.0           0.000 /   8.0           1.000 /   7.0           1.000 /  10.0           1.000 /   7.0           1.000 /  10.0           1.000 /   7.0           1.000 /   8.0           1.000 /   6.0           0.000 /  12.0
forest-pool              1.000 /   7.0           1.000 /   9.0           0.000 /   6.0           1.000 /   9.0           1.000 /  10.0           1.000 /   9.0           0.000 /   9.0           0.000 /   8.0           0.000 /   6.0           1.000 /   6.0           0.000 /   7.0           1.000 /   6.0           0.000 /   8.0           0.000 /   9.0           1.000 /   8.0           0.000 /   8.0
portal-pool              0.000 /   8.0           0.000 /   5.0           0.000 /   7.0           1.000 /   8.0           0.000 /   8.0           1.000 /   8.0           0.000 /   7.0           0.000 /   7.0           0.000 /   5.0           0.000 /   7.0           0.000 /   7.0           0.000 /   9.0           0.000 /   8.0           0.000 /   7.0           1.000 /  13.0           0.000 /  10.0
ramp-37772               0.000 /   8.0           1.000 /   7.0           1.000 /  13.0           1.000 /   7.0           1.000 /   8.0           1.000 /   9.0           1.000 /  10.0           1.000 /  16.0           1.000 /  10.0           1.000 /   8.0           1.000 /  10.0           0.000 /  16.0           1.000 /   8.0           1.000 /   8.0           1.000 /   8.0           1.000 /  11.0
ramp-claywies            0.000 /   6.0           1.000 /  10.0           0.000 /   8.0           0.000 /   7.0           1.000 /   7.0           1.000 /   8.0           1.000 /   9.0           1.000 /   9.0           1.000 /   8.0           1.000 /   8.0           1.000 /   9.0           0.000 /  12.0           0.000 /   9.0           1.000 /  10.0           1.000 /   9.0           1.000 /   9.0
royal-nattui             1.000 /   8.0           1.000 /   6.0           1.000 /   9.0           1.000 /   7.0           1.000 /   6.0           1.000 /   6.0           1.000 /   7.0           1.000 /   8.0           1.000 /  11.0           1.000 /   6.0           1.000 /   7.0           1.000 /   8.0           0.000 /   7.0           0.000 /   7.0           1.000 /   6.0           1.000 /   7.0
rune-mach15              0.000 /   6.0           1.000 /   8.0           1.000 /  10.0           1.000 /   8.0           1.000 /   9.0           1.000 /   7.0           0.000 /   8.0           0.000 /   7.0           1.000 /   9.0           1.000 /   6.0           1.000 /   6.0           1.000 /  12.0           1.000 /   8.0           0.000 /   7.0           1.000 /   7.0           0.000 /  11.0
rune-pool                0.000 /   7.0           0.000 /   8.0           0.000 /   8.0           0.000 /   6.0           0.000 /   7.0           1.000 /   8.0           1.000 /  11.0           0.000 /   6.0           0.000 /  10.0           1.000 /  12.0           0.000 /   6.0           0.000 /  10.0           0.000 /   6.0           0.000 /   9.0           0.000 /  17.0           0.000 /   9.0
sword-pool               0.000 /   6.0           1.000 /  10.0           0.000 /   9.0           1.000 /  10.0           1.000 /  10.0           1.000 /   7.0           1.000 /   9.0           0.000 /   6.0           1.000 /  11.0           0.000 /   7.0           0.000 /   5.0           0.000 /   9.0           0.000 /  10.0           1.000 /   9.0           1.000 /   7.0           1.000 /   8.0

A win rate over decisive games, Wilson 95% [lo, hi]
                           abyss-p8rfn              abyss-pool          afnm-minatodao            basic-forest            basic-portal              basic-rune             dragon-pool            elf-neanisu2             forest-pool             portal-pool              ramp-37772           ramp-claywies            royal-nattui             rune-mach15               rune-pool              sword-pool
abyss-p8rfn       0.000 [0.000, 0.793]    1.000 [0.207, 1.000]    0.000 [0.000, 0.793]    1.000 [0.207, 1.000]    1.000 [0.207, 1.000]    1.000 [0.207, 1.000]    1.000 [0.207, 1.000]    1.000 [0.207, 1.000]    1.000 [0.207, 1.000]    1.000 [0.207, 1.000]    0.000 [0.000, 0.793]    1.000 [0.207, 1.000]    1.000 [0.207, 1.000]    1.000 [0.207, 1.000]    1.000 [0.207, 1.000]    1.000 [0.207, 1.000]
abyss-pool        0.000 [0.000, 0.793]    1.000 [0.207, 1.000]    0.000 [0.000, 0.793]    1.000 [0.207, 1.000]    0.000 [0.000, 0.793]    1.000 [0.207, 1.000]    0.000 [0.000, 0.793]    0.000 [0.000, 0.793]    0.000 [0.000, 0.793]    1.000 [0.207, 1.000]    1.000 [0.207, 1.000]    1.000 [0.207, 1.000]    0.000 [0.000, 0.793]    0.000 [0.000, 0.793]    1.000 [0.207, 1.000]    0.000 [0.000, 0.793]
afnm-minatodao    0.000 [0.000, 0.793]    1.000 [0.207, 1.000]    0.000 [0.000, 0.793]    1.000 [0.207, 1.000]    1.000 [0.207, 1.000]    1.000 [0.207, 1.000]    1.000 [0.207, 1.000]    1.000 [0.207, 1.000]    1.000 [0.207, 1.000]    1.000 [0.207, 1.000]    0.000 [0.000, 0.793]    1.000 [0.207, 1.000]    1.000 [0.207, 1.000]    0.000 [0.000, 0.793]    1.000 [0.207, 1.000]    1.000 [0.207, 1.000]
basic-forest      1.000 [0.207, 1.000]    0.000 [0.000, 0.793]    0.000 [0.000, 0.793]    0.000 [0.000, 0.793]    1.000 [0.207, 1.000]    1.000 [0.207, 1.000]    0.000 [0.000, 0.793]    0.000 [0.000, 0.793]    0.000 [0.000, 0.793]    1.000 [0.207, 1.000]    0.000 [0.000, 0.793]    0.000 [0.000, 0.793]    0.000 [0.000, 0.793]    0.000 [0.000, 0.793]    1.000 [0.207, 1.000]    0.000 [0.000, 0.793]
basic-portal      0.000 [0.000, 0.793]    0.000 [0.000, 0.793]    0.000 [0.000, 0.793]    1.000 [0.207, 1.000]    1.000 [0.207, 1.000]    0.000 [0.000, 0.793]    0.000 [0.000, 0.793]    0.000 [0.000, 0.793]    1.000 [0.207, 1.000]    1.000 [0.207, 1.000]    0.000 [0.000, 0.793]    0.000 [0.000, 0.793]    0.000 [0.000, 0.793]    0.000 [0.000, 0.793]    1.000 [0.207, 1.000]    0.000 [0.000, 0.793]
basic-rune        0.000 [0.000, 0.793]    0.000 [0.000, 0.793]    0.000 [0.000, 0.793]    1.000 [0.207, 1.000]    1.000 [0.207, 1.000]    1.000 [0.207, 1.000]    0.000 [0.000, 0.793]    0.000 [0.000, 0.793]    0.000 [0.000, 0.793]    0.000 [0.000, 0.793]    0.000 [0.000, 0.793]    0.000 [0.000, 0.793]    0.000 [0.000, 0.793]    0.000 [0.000, 0.793]    0.000 [0.000, 0.793]    0.000 [0.000, 0.793]
dragon-pool       0.000 [0.000, 0.793]    0.000 [0.000, 0.793]    0.000 [0.000, 0.793]    0.000 [0.000, 0.793]    1.000 [0.207, 1.000]    1.000 [0.207, 1.000]    0.000 [0.000, 0.793]    0.000 [0.000, 0.793]    0.000 [0.000, 0.793]    1.000 [0.207, 1.000]    0.000 [0.000, 0.793]    1.000 [0.207, 1.000]    1.000 [0.207, 1.000]    1.000 [0.207, 1.000]    1.000 [0.207, 1.000]    0.000 [0.000, 0.793]
elf-neanisu2      1.000 [0.207, 1.000]    1.000 [0.207, 1.000]    0.000 [0.000, 0.793]    1.000 [0.207, 1.000]    0.000 [0.000, 0.793]    1.000 [0.207, 1.000]    1.000 [0.207, 1.000]    0.000 [0.000, 0.793]    1.000 [0.207, 1.000]    1.000 [0.207, 1.000]    1.000 [0.207, 1.000]    1.000 [0.207, 1.000]    1.000 [0.207, 1.000]    1.000 [0.207, 1.000]    1.000 [0.207, 1.000]    0.000 [0.000, 0.793]
forest-pool       1.000 [0.207, 1.000]    1.000 [0.207, 1.000]    0.000 [0.000, 0.793]    1.000 [0.207, 1.000]    1.000 [0.207, 1.000]    1.000 [0.207, 1.000]    0.000 [0.000, 0.793]    0.000 [0.000, 0.793]    0.000 [0.000, 0.793]    1.000 [0.207, 1.000]    0.000 [0.000, 0.793]    1.000 [0.207, 1.000]    0.000 [0.000, 0.793]    0.000 [0.000, 0.793]    1.000 [0.207, 1.000]    0.000 [0.000, 0.793]
portal-pool       0.000 [0.000, 0.793]    0.000 [0.000, 0.793]    0.000 [0.000, 0.793]    1.000 [0.207, 1.000]    0.000 [0.000, 0.793]    1.000 [0.207, 1.000]    0.000 [0.000, 0.793]    0.000 [0.000, 0.793]    0.000 [0.000, 0.793]    0.000 [0.000, 0.793]    0.000 [0.000, 0.793]    0.000 [0.000, 0.793]    0.000 [0.000, 0.793]    0.000 [0.000, 0.793]    1.000 [0.207, 1.000]    0.000 [0.000, 0.793]
ramp-37772        0.000 [0.000, 0.793]    1.000 [0.207, 1.000]    1.000 [0.207, 1.000]    1.000 [0.207, 1.000]    1.000 [0.207, 1.000]    1.000 [0.207, 1.000]    1.000 [0.207, 1.000]    1.000 [0.207, 1.000]    1.000 [0.207, 1.000]    1.000 [0.207, 1.000]    1.000 [0.207, 1.000]    0.000 [0.000, 0.793]    1.000 [0.207, 1.000]    1.000 [0.207, 1.000]    1.000 [0.207, 1.000]    1.000 [0.207, 1.000]
ramp-claywies     0.000 [0.000, 0.793]    1.000 [0.207, 1.000]    0.000 [0.000, 0.793]    0.000 [0.000, 0.793]    1.000 [0.207, 1.000]    1.000 [0.207, 1.000]    1.000 [0.207, 1.000]    1.000 [0.207, 1.000]    1.000 [0.207, 1.000]    1.000 [0.207, 1.000]    1.000 [0.207, 1.000]    0.000 [0.000, 0.793]    0.000 [0.000, 0.793]    1.000 [0.207, 1.000]    1.000 [0.207, 1.000]    1.000 [0.207, 1.000]
royal-nattui      1.000 [0.207, 1.000]    1.000 [0.207, 1.000]    1.000 [0.207, 1.000]    1.000 [0.207, 1.000]    1.000 [0.207, 1.000]    1.000 [0.207, 1.000]    1.000 [0.207, 1.000]    1.000 [0.207, 1.000]    1.000 [0.207, 1.000]    1.000 [0.207, 1.000]    1.000 [0.207, 1.000]    1.000 [0.207, 1.000]    0.000 [0.000, 0.793]    0.000 [0.000, 0.793]    1.000 [0.207, 1.000]    1.000 [0.207, 1.000]
rune-mach15       0.000 [0.000, 0.793]    1.000 [0.207, 1.000]    1.000 [0.207, 1.000]    1.000 [0.207, 1.000]    1.000 [0.207, 1.000]    1.000 [0.207, 1.000]    0.000 [0.000, 0.793]    0.000 [0.000, 0.793]    1.000 [0.207, 1.000]    1.000 [0.207, 1.000]    1.000 [0.207, 1.000]    1.000 [0.207, 1.000]    1.000 [0.207, 1.000]    0.000 [0.000, 0.793]    1.000 [0.207, 1.000]    0.000 [0.000, 0.793]
rune-pool         0.000 [0.000, 0.793]    0.000 [0.000, 0.793]    0.000 [0.000, 0.793]    0.000 [0.000, 0.793]    0.000 [0.000, 0.793]    1.000 [0.207, 1.000]    1.000 [0.207, 1.000]    0.000 [0.000, 0.793]    0.000 [0.000, 0.793]    1.000 [0.207, 1.000]    0.000 [0.000, 0.793]    0.000 [0.000, 0.793]    0.000 [0.000, 0.793]    0.000 [0.000, 0.793]    0.000 [0.000, 0.793]    0.000 [0.000, 0.793]
sword-pool        0.000 [0.000, 0.793]    1.000 [0.207, 1.000]    0.000 [0.000, 0.793]    1.000 [0.207, 1.000]    1.000 [0.207, 1.000]    1.000 [0.207, 1.000]    1.000 [0.207, 1.000]    0.000 [0.000, 0.793]    1.000 [0.207, 1.000]    0.000 [0.000, 0.793]    0.000 [0.000, 0.793]    0.000 [0.000, 0.793]    0.000 [0.000, 0.793]    1.000 [0.207, 1.000]    1.000 [0.207, 1.000]    1.000 [0.207, 1.000]
256 games in 194.275s (1.3 games/s)
wrote C:\Users\agban\projects\arena\results\sweep2\tp-c04.json


=== summary ===
h0:nodes=6000 vs h0:nodes=6000
games: 256  decisive: 256  draws: 0
policy_a win rate: 0.535 [0.474, 0.595]
first-player win rate: 0.535
mean turns: 8.08  mean actions: 74.96
end: lethal=256 deckout=0 turn_cap=0 action_cap=0 no_legal=0 illegal=0
194.275s  1.32 games/s  cpus=28
per deck:
  abyss-p8rfn: policy_a (row) 0.812  policy_b (col) 0.750
  abyss-pool: policy_a (row) 0.438  policy_b (col) 0.375
  afnm-minatodao: policy_a (row) 0.750  policy_b (col) 0.812
  basic-forest: policy_a (row) 0.312  policy_b (col) 0.250
  basic-portal: policy_a (row) 0.312  policy_b (col) 0.250
  basic-rune: policy_a (row) 0.188  policy_b (col) 0.062
  dragon-pool: policy_a (row) 0.438  policy_b (col) 0.500
  elf-neanisu2: policy_a (row) 0.750  policy_b (col) 0.688
  forest-pool: policy_a (row) 0.500  policy_b (col) 0.438
  portal-pool: policy_a (row) 0.188  policy_b (col) 0.188
  ramp-37772: policy_a (row) 0.875  policy_b (col) 0.625
  ramp-claywies: policy_a (row) 0.688  policy_b (col) 0.500
  royal-nattui: policy_a (row) 0.875  policy_b (col) 0.625
  rune-mach15: policy_a (row) 0.688  policy_b (col) 0.625
  rune-pool: policy_a (row) 0.188  policy_b (col) 0.125
  sword-pool: policy_a (row) 0.562  policy_b (col) 0.625
