matchup: 16 decks × 8 games = 2048 games (seed=6, policy_a=h0, policy_b=h0:olethal=1, first=alternate, threads=None)
Win rate (row = A, col = B; cell = A's win rate)
                           abyss-p8rfn              abyss-pool          afnm-minatodao            basic-forest            basic-portal              basic-rune             dragon-pool            elf-neanisu2             forest-pool             portal-pool              ramp-37772           ramp-claywies            royal-nattui             rune-mach15               rune-pool              sword-pool
abyss-p8rfn                      0.375                   0.875                   0.625                   1.000                   1.000                   1.000                   0.625                   0.875                   0.750                   1.000                   0.750                   0.625                   0.875                   0.625                   1.000                   1.000
abyss-pool                       0.000                   0.625                   0.000                   1.000                   0.875                   1.000                   0.375                   0.125                   0.375                   0.875                   0.250                   0.375                   0.000                   0.250                   1.000                   0.250
afnm-minatodao                   0.375                   0.875                   0.625                   1.000                   1.000                   1.000                   0.750                   1.000                   1.000                   1.000                   0.625                   0.625                   0.750                   0.875                   1.000                   1.000
basic-forest                     0.000                   0.000                   0.000                   0.500                   0.875                   0.375                   0.375                   0.000                   0.125                   0.500                   0.250                   0.000                   0.000                   0.125                   0.375                   0.000
basic-portal                     0.000                   0.125                   0.000                   0.625                   0.750                   0.750                   0.125                   0.125                   0.250                   0.500                   0.000                   0.000                   0.125                   0.125                   0.125                   0.250
basic-rune                       0.000                   0.000                   0.000                   0.125                   0.250                   0.375                   0.125                   0.000                   0.000                   0.250                   0.000                   0.000                   0.000                   0.000                   0.250                   0.000
dragon-pool                      0.125                   0.500                   0.000                   1.000                   1.000                   0.875                   0.500                   0.125                   0.375                   0.625                   0.125                   0.250                   0.125                   0.375                   0.500                   0.500
elf-neanisu2                     0.375                   1.000                   0.500                   1.000                   0.750                   1.000                   1.000                   0.500                   0.500                   1.000                   0.500                   0.375                   0.375                   0.625                   1.000                   0.875
forest-pool                      0.000                   0.500                   0.000                   0.875                   0.750                   1.000                   0.500                   0.000                   0.250                   1.000                   0.625                   0.125                   0.125                   0.625                   1.000                   0.375
portal-pool                      0.250                   0.250                   0.000                   0.625                   0.625                   0.750                   0.250                   0.000                   0.250                   0.500                   0.250                   0.250                   0.125                   0.000                   0.625                   0.000
ramp-37772                       0.375                   0.625                   0.000                   1.000                   1.000                   0.875                   0.750                   0.500                   0.375                   1.000                   0.500                   0.500                   0.250                   0.625                   1.000                   1.000
ramp-claywies                    0.250                   0.750                   0.500                   1.000                   0.875                   1.000                   0.750                   0.125                   0.500                   0.875                   0.625                   0.625                   0.250                   0.625                   0.875                   1.000
royal-nattui                     0.500                   1.000                   0.375                   1.000                   0.625                   1.000                   0.875                   0.625                   0.875                   1.000                   0.375                   0.250                   0.250                   0.625                   1.000                   0.750
rune-mach15                      0.250                   1.000                   0.125                   0.875                   0.750                   0.875                   0.250                   0.250                   0.375                   0.750                   0.250                   0.500                   0.375                   0.375                   1.000                   0.500
rune-pool                        0.000                   0.125                   0.000                   0.625                   0.500                   0.625                   0.375                   0.125                   0.250                   0.500                   0.000                   0.000                   0.000                   0.000                   0.250                   0.000
sword-pool                       0.000                   0.625                   0.250                   0.875                   0.875                   1.000                   0.750                   0.000                   0.375                   0.750                   0.125                   0.500                   0.125                   0.125                   0.875                   0.125

First-player win rate / mean turns
                           abyss-p8rfn              abyss-pool          afnm-minatodao            basic-forest            basic-portal              basic-rune             dragon-pool            elf-neanisu2             forest-pool             portal-pool              ramp-37772           ramp-claywies            royal-nattui             rune-mach15               rune-pool              sword-pool
abyss-p8rfn              0.625 /   8.4           0.375 /   7.4           0.625 /   8.2           0.500 /   8.0           0.500 /   7.6           0.500 /   6.6           0.875 /   8.4           0.375 /   7.8           0.500 /   7.2           0.500 /   7.4           0.500 /   8.8           0.375 /   7.0           0.625 /   7.9           0.625 /   8.0           0.500 /   7.0           0.500 /   7.8
abyss-pool               0.500 /   7.5           0.875 /   9.4           0.500 /   7.5           0.500 /   8.9           0.625 /   8.0           0.500 /   6.2           0.375 /   8.9           0.375 /   7.9           0.625 /   9.0           0.625 /   7.2           0.500 /   8.4           0.625 /   7.8           0.500 /   7.8           0.500 /   8.5           0.500 /   7.9           0.250 /   8.6
afnm-minatodao           0.375 /   7.6           0.625 /   8.0           0.375 /   7.1           0.500 /   6.6           0.500 /   6.8           0.500 /   6.1           0.750 /   7.4           0.500 /   7.9           0.500 /   7.6           0.500 /   6.8           0.875 /   9.0           0.375 /   8.4           0.500 /   8.4           0.625 /   8.1           0.500 /   6.8           0.500 /   7.9
basic-forest             0.500 /   7.6           0.500 /   7.6           0.500 /   7.2           0.750 /   8.6           0.375 /   7.4           0.125 /   7.2           0.375 /   7.6           0.500 /   7.4           0.375 /   8.4           0.500 /   9.0           0.750 /   8.5           0.500 /   7.4           0.500 /   7.8           0.625 /   7.8           0.875 /   9.0           0.500 /   8.9
basic-portal             0.500 /   7.6           0.625 /   9.1           0.500 /   6.5           0.625 /   9.6           0.500 /   8.4           0.500 /   8.4           0.375 /   8.1           0.625 /   7.2           0.500 /   8.1           0.250 /   9.2           0.500 /   8.1           0.500 /   8.1           0.375 /   8.6           0.375 /   9.0           0.625 /   9.4           0.500 /   7.4
basic-rune               0.500 /   6.6           0.500 /   6.6           0.500 /   6.1           0.375 /   7.2           0.500 /   8.4           0.375 /   7.1           0.625 /   7.5           0.500 /   7.0           0.500 /   7.1           0.250 /   7.6           0.500 /   7.5           0.500 /   7.5           0.500 /   7.0           0.500 /   8.0           0.750 /   7.6           0.500 /   7.6
dragon-pool              0.375 /   8.2           0.500 /   7.9           0.500 /   8.0           0.500 /   7.9           0.500 /   8.0           0.375 /   6.5           0.500 /   7.8           0.375 /   9.0           0.375 /   7.6           0.625 /   8.2           0.625 /   9.0           0.500 /   8.9           0.375 /   8.0           0.625 /   7.9           0.750 /  11.5           0.750 /   8.4
elf-neanisu2             0.625 /   8.1           0.500 /   7.5           0.750 /   8.1           0.500 /   7.0           0.500 /   7.6           0.500 /   6.6           0.500 /   7.8           0.500 /   8.2           0.250 /   9.6           0.500 /   7.0           0.750 /   8.8           0.375 /   8.8           0.625 /   8.9           0.625 /   8.6           0.500 /   7.1           0.625 /   9.0
forest-pool              0.500 /   8.2           0.750 /   9.8           0.500 /   7.0           0.625 /   8.2           0.750 /   9.6           0.500 /   6.9           0.500 /   8.6           0.500 /   7.9           0.750 /   8.4           0.500 /   7.1           0.625 /   8.8           0.625 /   8.9           0.625 /   8.8           0.625 /  11.2           0.500 /   8.6           0.875 /  10.4
portal-pool              0.750 /   6.9           0.250 /   7.6           0.500 /   7.6           0.375 /   7.4           0.375 /   8.8           0.500 /   8.2           0.250 /   8.4           0.500 /   7.1           0.500 /   9.4           0.750 /   8.6           0.750 /   7.2           0.500 /   8.1           0.625 /   7.1           0.500 /   7.9           0.625 /   8.4           0.500 /   8.6
ramp-37772               0.375 /   7.5           0.625 /   8.0           0.500 /   7.6           0.500 /   8.6           0.500 /   9.4           0.625 /   8.4           0.500 /   8.0           0.250 /   8.4           0.375 /   8.9           0.500 /   8.1           1.000 /  10.9           0.500 /   9.0           0.250 /   9.1           0.625 /   9.1           0.500 /   8.2           0.500 /   9.2
ramp-claywies            0.500 /   7.9           0.500 /   7.6           0.750 /   8.6           0.500 /   8.5           0.625 /   8.2           0.500 /   7.8           0.500 /   7.9           0.625 /   7.5           0.750 /   8.8           0.375 /   8.9           0.375 /   9.4           0.375 /   9.8           0.750 /   7.8           0.875 /   9.4           0.625 /   8.0           0.500 /  10.4
royal-nattui             0.250 /   8.0           0.500 /   8.2           0.375 /   7.6           0.500 /   7.5           0.375 /   8.0           0.500 /   6.6           0.625 /   7.2           0.625 /   9.4           0.625 /   8.6           0.500 /   8.0           0.375 /   9.4           0.500 /   8.1           0.500 /   8.5           0.375 /   8.1           0.500 /   7.6           0.750 /   8.9
rune-mach15              0.500 /   8.0           0.500 /   8.1           0.375 /   6.9           0.625 /   8.0           0.750 /   7.8           0.375 /   7.5           0.250 /   9.5           0.750 /   7.5           0.625 /   9.2           0.500 /   7.6           0.500 /   8.9           0.500 /   7.2           0.875 /   8.5           0.625 /   9.4           0.500 /   8.4           0.750 /   9.1
rune-pool                0.500 /   7.0           0.375 /   8.8           0.500 /   7.1           0.625 /  10.0           0.500 /   8.9           0.625 /   8.4           0.625 /   9.5           0.625 /   7.2           0.500 /  10.6           0.750 /   9.1           0.500 /   7.2           0.500 /   7.8           0.500 /   6.4           0.500 /   8.2           0.750 /  13.8           0.500 /  12.2
sword-pool               0.500 /   6.9           0.625 /   8.0           0.750 /   9.8           0.375 /   7.8           0.625 /   8.5           0.500 /   6.9           0.750 /   9.9           0.500 /   8.0           0.875 /   8.6           0.750 /   9.0           0.625 /   8.1           0.500 /   8.6           0.625 /   8.6           0.375 /   9.8           0.625 /  10.8           0.625 /  11.0

A win rate over decisive games, Wilson 95% [lo, hi]
                           abyss-p8rfn              abyss-pool          afnm-minatodao            basic-forest            basic-portal              basic-rune             dragon-pool            elf-neanisu2             forest-pool             portal-pool              ramp-37772           ramp-claywies            royal-nattui             rune-mach15               rune-pool              sword-pool
abyss-p8rfn       0.375 [0.137, 0.694]    0.875 [0.529, 0.978]    0.625 [0.306, 0.863]    1.000 [0.676, 1.000]    1.000 [0.676, 1.000]    1.000 [0.676, 1.000]    0.625 [0.306, 0.863]    0.875 [0.529, 0.978]    0.750 [0.409, 0.929]    1.000 [0.676, 1.000]    0.750 [0.409, 0.929]    0.625 [0.306, 0.863]    0.875 [0.529, 0.978]    0.625 [0.306, 0.863]    1.000 [0.676, 1.000]    1.000 [0.676, 1.000]
abyss-pool        0.000 [0.000, 0.324]    0.625 [0.306, 0.863]    0.000 [0.000, 0.324]    1.000 [0.676, 1.000]    0.875 [0.529, 0.978]    1.000 [0.676, 1.000]    0.375 [0.137, 0.694]    0.125 [0.022, 0.471]    0.375 [0.137, 0.694]    0.875 [0.529, 0.978]    0.250 [0.071, 0.591]    0.375 [0.137, 0.694]    0.000 [0.000, 0.324]    0.250 [0.071, 0.591]    1.000 [0.676, 1.000]    0.250 [0.071, 0.591]
afnm-minatodao    0.375 [0.137, 0.694]    0.875 [0.529, 0.978]    0.625 [0.306, 0.863]    1.000 [0.676, 1.000]    1.000 [0.676, 1.000]    1.000 [0.676, 1.000]    0.750 [0.409, 0.929]    1.000 [0.676, 1.000]    1.000 [0.676, 1.000]    1.000 [0.676, 1.000]    0.625 [0.306, 0.863]    0.625 [0.306, 0.863]    0.750 [0.409, 0.929]    0.875 [0.529, 0.978]    1.000 [0.676, 1.000]    1.000 [0.676, 1.000]
basic-forest      0.000 [0.000, 0.324]    0.000 [0.000, 0.324]    0.000 [0.000, 0.324]    0.500 [0.215, 0.785]    0.875 [0.529, 0.978]    0.375 [0.137, 0.694]    0.375 [0.137, 0.694]    0.000 [0.000, 0.324]    0.125 [0.022, 0.471]    0.500 [0.215, 0.785]    0.250 [0.071, 0.591]    0.000 [0.000, 0.324]    0.000 [0.000, 0.324]    0.125 [0.022, 0.471]    0.375 [0.137, 0.694]    0.000 [0.000, 0.324]
basic-portal      0.000 [0.000, 0.324]    0.125 [0.022, 0.471]    0.000 [0.000, 0.324]    0.625 [0.306, 0.863]    0.750 [0.409, 0.929]    0.750 [0.409, 0.929]    0.125 [0.022, 0.471]    0.125 [0.022, 0.471]    0.250 [0.071, 0.591]    0.500 [0.215, 0.785]    0.000 [0.000, 0.324]    0.000 [0.000, 0.324]    0.125 [0.022, 0.471]    0.125 [0.022, 0.471]    0.125 [0.022, 0.471]    0.250 [0.071, 0.591]
basic-rune        0.000 [0.000, 0.324]    0.000 [0.000, 0.324]    0.000 [0.000, 0.324]    0.125 [0.022, 0.471]    0.250 [0.071, 0.591]    0.375 [0.137, 0.694]    0.125 [0.022, 0.471]    0.000 [0.000, 0.324]    0.000 [0.000, 0.324]    0.250 [0.071, 0.591]    0.000 [0.000, 0.324]    0.000 [0.000, 0.324]    0.000 [0.000, 0.324]    0.000 [0.000, 0.324]    0.250 [0.071, 0.591]    0.000 [0.000, 0.324]
dragon-pool       0.125 [0.022, 0.471]    0.500 [0.215, 0.785]    0.000 [0.000, 0.324]    1.000 [0.676, 1.000]    1.000 [0.676, 1.000]    0.875 [0.529, 0.978]    0.500 [0.215, 0.785]    0.125 [0.022, 0.471]    0.375 [0.137, 0.694]    0.625 [0.306, 0.863]    0.125 [0.022, 0.471]    0.250 [0.071, 0.591]    0.125 [0.022, 0.471]    0.375 [0.137, 0.694]    0.500 [0.215, 0.785]    0.500 [0.215, 0.785]
elf-neanisu2      0.375 [0.137, 0.694]    1.000 [0.676, 1.000]    0.500 [0.215, 0.785]    1.000 [0.676, 1.000]    0.750 [0.409, 0.929]    1.000 [0.676, 1.000]    1.000 [0.676, 1.000]    0.500 [0.215, 0.785]    0.500 [0.215, 0.785]    1.000 [0.676, 1.000]    0.500 [0.215, 0.785]    0.375 [0.137, 0.694]    0.375 [0.137, 0.694]    0.625 [0.306, 0.863]    1.000 [0.676, 1.000]    0.875 [0.529, 0.978]
forest-pool       0.000 [0.000, 0.324]    0.500 [0.215, 0.785]    0.000 [0.000, 0.324]    0.875 [0.529, 0.978]    0.750 [0.409, 0.929]    1.000 [0.676, 1.000]    0.500 [0.215, 0.785]    0.000 [0.000, 0.324]    0.250 [0.071, 0.591]    1.000 [0.676, 1.000]    0.625 [0.306, 0.863]    0.125 [0.022, 0.471]    0.125 [0.022, 0.471]    0.625 [0.306, 0.863]    1.000 [0.676, 1.000]    0.375 [0.137, 0.694]
portal-pool       0.250 [0.071, 0.591]    0.250 [0.071, 0.591]    0.000 [0.000, 0.324]    0.625 [0.306, 0.863]    0.625 [0.306, 0.863]    0.750 [0.409, 0.929]    0.250 [0.071, 0.591]    0.000 [0.000, 0.324]    0.250 [0.071, 0.591]    0.500 [0.215, 0.785]    0.250 [0.071, 0.591]    0.250 [0.071, 0.591]    0.125 [0.022, 0.471]    0.000 [0.000, 0.324]    0.625 [0.306, 0.863]    0.000 [0.000, 0.324]
ramp-37772        0.375 [0.137, 0.694]    0.625 [0.306, 0.863]    0.000 [0.000, 0.324]    1.000 [0.676, 1.000]    1.000 [0.676, 1.000]    0.875 [0.529, 0.978]    0.750 [0.409, 0.929]    0.500 [0.215, 0.785]    0.375 [0.137, 0.694]    1.000 [0.676, 1.000]    0.500 [0.215, 0.785]    0.500 [0.215, 0.785]    0.250 [0.071, 0.591]    0.625 [0.306, 0.863]    1.000 [0.676, 1.000]    1.000 [0.676, 1.000]
ramp-claywies     0.250 [0.071, 0.591]    0.750 [0.409, 0.929]    0.500 [0.215, 0.785]    1.000 [0.676, 1.000]    0.875 [0.529, 0.978]    1.000 [0.676, 1.000]    0.750 [0.409, 0.929]    0.125 [0.022, 0.471]    0.500 [0.215, 0.785]    0.875 [0.529, 0.978]    0.625 [0.306, 0.863]    0.625 [0.306, 0.863]    0.250 [0.071, 0.591]    0.625 [0.306, 0.863]    0.875 [0.529, 0.978]    1.000 [0.676, 1.000]
royal-nattui      0.500 [0.215, 0.785]    1.000 [0.676, 1.000]    0.375 [0.137, 0.694]    1.000 [0.676, 1.000]    0.625 [0.306, 0.863]    1.000 [0.676, 1.000]    0.875 [0.529, 0.978]    0.625 [0.306, 0.863]    0.875 [0.529, 0.978]    1.000 [0.676, 1.000]    0.375 [0.137, 0.694]    0.250 [0.071, 0.591]    0.250 [0.071, 0.591]    0.625 [0.306, 0.863]    1.000 [0.676, 1.000]    0.750 [0.409, 0.929]
rune-mach15       0.250 [0.071, 0.591]    1.000 [0.676, 1.000]    0.125 [0.022, 0.471]    0.875 [0.529, 0.978]    0.750 [0.409, 0.929]    0.875 [0.529, 0.978]    0.250 [0.071, 0.591]    0.250 [0.071, 0.591]    0.375 [0.137, 0.694]    0.750 [0.409, 0.929]    0.250 [0.071, 0.591]    0.500 [0.215, 0.785]    0.375 [0.137, 0.694]    0.375 [0.137, 0.694]    1.000 [0.676, 1.000]    0.500 [0.215, 0.785]
rune-pool         0.000 [0.000, 0.324]    0.125 [0.022, 0.471]    0.000 [0.000, 0.324]    0.625 [0.306, 0.863]    0.500 [0.215, 0.785]    0.625 [0.306, 0.863]    0.375 [0.137, 0.694]    0.125 [0.022, 0.471]    0.250 [0.071, 0.591]    0.500 [0.215, 0.785]    0.000 [0.000, 0.324]    0.000 [0.000, 0.324]    0.000 [0.000, 0.324]    0.000 [0.000, 0.324]    0.250 [0.071, 0.591]    0.000 [0.000, 0.324]
sword-pool        0.000 [0.000, 0.324]    0.625 [0.306, 0.863]    0.250 [0.071, 0.591]    0.875 [0.529, 0.978]    0.875 [0.529, 0.978]    1.000 [0.676, 1.000]    0.750 [0.409, 0.929]    0.000 [0.000, 0.324]    0.375 [0.137, 0.694]    0.750 [0.409, 0.929]    0.125 [0.022, 0.471]    0.500 [0.215, 0.785]    0.125 [0.022, 0.471]    0.125 [0.022, 0.471]    0.875 [0.529, 0.978]    0.125 [0.022, 0.471]

=== summary ===
h0 vs h0:olethal=1
games: 2048  decisive: 2048  draws: 0
policy_a win rate: 0.488 [0.466, 0.509]
first-player win rate: 0.535
mean turns: 8.19  mean actions: 74.78
end: lethal=2046 deckout=2 turn_cap=0 action_cap=0 no_legal=0 illegal=0
1480.650s  1.38 games/s  cpus=28
per deck:
  abyss-p8rfn: policy_a (row) 0.812  policy_b (col) 0.820
  abyss-pool: policy_a (row) 0.461  policy_b (col) 0.445
  afnm-minatodao: policy_a (row) 0.844  policy_b (col) 0.812
  basic-forest: policy_a (row) 0.219  policy_b (col) 0.180
  basic-portal: policy_a (row) 0.242  policy_b (col) 0.219
  basic-rune: policy_a (row) 0.086  policy_b (col) 0.156
  dragon-pool: policy_a (row) 0.438  policy_b (col) 0.477
  elf-neanisu2: policy_a (row) 0.711  policy_b (col) 0.727
  forest-pool: policy_a (row) 0.484  policy_b (col) 0.586
  portal-pool: policy_a (row) 0.297  policy_b (col) 0.242
  ramp-37772: policy_a (row) 0.648  policy_b (col) 0.672
  ramp-claywies: policy_a (row) 0.664  policy_b (col) 0.688
  royal-nattui: policy_a (row) 0.695  policy_b (col) 0.766
  rune-mach15: policy_a (row) 0.531  policy_b (col) 0.625
  rune-pool: policy_a (row) 0.211  policy_b (col) 0.258
  sword-pool: policy_a (row) 0.461  policy_b (col) 0.523

2048 games in 1480.650s (1.4 games/s)
wrote C:\Users\agban\projects\arena\results\sweep5\c01-reverse.json
