matchup: 16 decks × 16 games = 4096 games (seed=6, policy_a=h0:olethal=1, policy_b=h0, first=alternate, threads=None)
Win rate (row = A, col = B; cell = A's win rate)
                           abyss-p8rfn              abyss-pool          afnm-minatodao            basic-forest            basic-portal              basic-rune             dragon-pool            elf-neanisu2             forest-pool             portal-pool              ramp-37772           ramp-claywies            royal-nattui             rune-mach15               rune-pool              sword-pool
abyss-p8rfn                      0.625                   1.000                   0.438                   1.000                   0.938                   1.000                   0.938                   0.625                   0.875                   1.000                   0.688                   0.812                   0.875                   0.625                   1.000                   0.875
abyss-pool                       0.062                   0.375                   0.000                   0.875                   0.812                   0.938                   0.500                   0.250                   0.500                   0.750                   0.250                   0.125                   0.125                   0.188                   0.750                   0.500
afnm-minatodao                   0.625                   1.000                   0.625                   1.000                   1.000                   1.000                   0.688                   0.812                   0.938                   1.000                   0.750                   0.625                   0.438                   0.750                   1.000                   0.938
basic-forest                     0.000                   0.188                   0.062                   0.688                   0.625                   0.562                   0.125                   0.000                   0.188                   0.250                   0.188                   0.062                   0.188                   0.062                   0.438                   0.250
basic-portal                     0.000                   0.125                   0.000                   0.562                   0.750                   0.875                   0.062                   0.062                   0.250                   0.438                   0.062                   0.062                   0.062                   0.062                   0.438                   0.062
basic-rune                       0.062                   0.000                   0.000                   0.062                   0.375                   0.500                   0.125                   0.000                   0.000                   0.250                   0.125                   0.062                   0.000                   0.000                   0.250                   0.000
dragon-pool                      0.125                   0.688                   0.062                   0.750                   0.938                   0.938                   0.625                   0.125                   0.562                   0.625                   0.062                   0.312                   0.188                   0.312                   0.688                   0.375
elf-neanisu2                     0.438                   0.938                   0.375                   1.000                   0.875                   1.000                   0.750                   0.500                   0.875                   1.000                   0.688                   0.812                   0.562                   0.562                   0.938                   0.938
forest-pool                      0.188                   0.750                   0.062                   0.875                   0.750                   0.938                   0.625                   0.125                   0.625                   0.938                   0.562                   0.500                   0.375                   0.562                   1.000                   0.375
portal-pool                      0.062                   0.250                   0.000                   0.688                   0.688                   0.750                   0.500                   0.062                   0.188                   0.625                   0.188                   0.188                   0.000                   0.000                   0.625                   0.000
ramp-37772                       0.188                   0.750                   0.125                   0.938                   1.000                   1.000                   0.938                   0.500                   0.562                   0.875                   0.562                   0.562                   0.188                   0.688                   0.875                   0.938
ramp-claywies                    0.312                   0.688                   0.250                   1.000                   1.000                   0.938                   0.875                   0.375                   0.688                   0.938                   0.438                   0.625                   0.438                   0.625                   0.938                   0.812
royal-nattui                     0.312                   0.938                   0.125                   0.938                   0.938                   1.000                   0.938                   0.562                   0.938                   0.875                   0.750                   0.562                   0.625                   0.562                   1.000                   0.688
rune-mach15                      0.125                   0.875                   0.188                   0.875                   1.000                   0.938                   0.562                   0.375                   0.562                   0.812                   0.250                   0.500                   0.312                   0.625                   0.938                   0.375
rune-pool                        0.000                   0.250                   0.000                   0.562                   0.438                   0.688                   0.125                   0.000                   0.250                   0.438                   0.000                   0.062                   0.000                   0.125                   0.625                   0.062
sword-pool                       0.062                   0.562                   0.250                   0.812                   1.000                   1.000                   0.500                   0.000                   0.562                   0.688                   0.125                   0.312                   0.375                   0.438                   1.000                   0.375

First-player win rate / mean turns
                           abyss-p8rfn              abyss-pool          afnm-minatodao            basic-forest            basic-portal              basic-rune             dragon-pool            elf-neanisu2             forest-pool             portal-pool              ramp-37772           ramp-claywies            royal-nattui             rune-mach15               rune-pool              sword-pool
abyss-p8rfn              0.500 /   8.2           0.500 /   7.9           0.438 /   8.4           0.500 /   7.7           0.562 /   7.2           0.500 /   6.6           0.562 /   8.1           0.750 /   8.5           0.375 /   7.4           0.500 /   7.4           0.562 /   7.6           0.562 /   7.9           0.500 /   7.6           0.500 /   8.1           0.500 /   7.1           0.500 /   7.9
abyss-pool               0.562 /   7.7           0.500 /   8.8           0.500 /   7.8           0.500 /   8.3           0.438 /   8.3           0.438 /   6.3           0.375 /   8.2           0.625 /   8.5           0.500 /   9.1           0.625 /   8.3           0.625 /   8.4           0.500 /   8.2           0.625 /   8.1           0.562 /   8.4           0.500 /   7.4           0.500 /   7.8
afnm-minatodao           0.500 /   8.1           0.500 /   7.7           0.375 /   7.5           0.500 /   6.9           0.500 /   6.7           0.500 /   6.3           0.688 /   7.2           0.312 /   8.4           0.438 /   7.2           0.500 /   7.2           0.500 /   8.1           0.500 /   9.4           0.312 /   8.4           0.625 /   8.1           0.500 /   7.0           0.562 /   7.8
basic-forest             0.500 /   7.4           0.562 /   8.8           0.562 /   7.1           0.562 /   8.3           0.375 /   8.1           0.438 /   7.6           0.375 /   7.3           0.500 /   6.9           0.312 /   8.1           0.500 /   8.5           0.562 /   8.5           0.438 /   7.9           0.562 /   7.9           0.562 /   7.9           0.688 /   8.9           0.625 /   8.6
basic-portal             0.500 /   7.6           0.625 /   8.6           0.500 /   6.8           0.438 /   8.8           0.500 /   9.6           0.500 /   7.6           0.562 /   8.2           0.562 /   7.4           0.500 /   8.2           0.562 /   9.0           0.562 /   8.5           0.562 /   7.9           0.438 /   8.2           0.438 /   7.8           0.562 /   9.8           0.438 /   8.0
basic-rune               0.438 /   6.8           0.500 /   6.6           0.500 /   6.0           0.562 /   7.6           0.375 /   7.9           0.500 /   7.1           0.500 /   7.2           0.500 /   6.8           0.500 /   7.1           0.375 /   7.2           0.500 /   7.4           0.438 /   7.8           0.500 /   6.8           0.500 /   7.6           0.500 /   8.1           0.500 /   7.4
dragon-pool              0.500 /   8.1           0.562 /   8.4           0.562 /   7.6           0.375 /   7.8           0.562 /   7.8           0.438 /   7.7           0.500 /   7.6           0.500 /   7.8           0.688 /   8.2           0.625 /   7.8           0.562 /   8.8           0.438 /   8.4           0.438 /   8.2           0.562 /   9.6           0.438 /   9.3           0.500 /   8.8
elf-neanisu2             0.688 /   8.2           0.562 /   7.9           0.875 /   9.2           0.500 /   7.1           0.625 /   7.4           0.500 /   6.6           0.625 /   7.3           0.750 /   9.0           0.625 /   7.8           0.500 /   7.4           0.562 /   7.8           0.562 /   8.8           0.688 /   8.6           0.688 /   8.8           0.562 /   7.4           0.562 /   8.8
forest-pool              0.562 /   8.7           0.750 /   8.8           0.562 /   7.6           0.625 /   8.3           0.625 /   9.1           0.562 /   7.0           0.500 /   8.3           0.500 /   8.6           0.875 /   9.2           0.562 /   8.0           0.688 /   8.7           0.750 /   8.8           0.500 /   8.8           0.688 /   9.3           0.500 /   9.3           0.875 /   9.2
portal-pool              0.562 /   7.2           0.375 /   8.4           0.500 /   6.9           0.562 /   8.2           0.562 /   8.4           0.375 /   7.8           0.500 /   8.4           0.438 /   7.9           0.688 /   8.4           0.625 /   8.4           0.562 /   8.0           0.562 /   8.4           0.500 /   6.9           0.500 /   7.6           0.375 /   9.4           0.500 /   9.2
ramp-37772               0.562 /   7.6           0.500 /   8.3           0.500 /   7.6           0.562 /   8.5           0.500 /   8.7           0.500 /   7.9           0.562 /   8.4           0.500 /   8.8           0.562 /   9.1           0.500 /   7.9           0.688 /   9.5           0.312 /   8.9           0.562 /   7.9           0.562 /   8.9           0.500 /   8.2           0.438 /   9.4
ramp-claywies            0.312 /   7.7           0.562 /   8.1           0.500 /   8.2           0.500 /   8.2           0.500 /   8.3           0.562 /   7.4           0.375 /   8.2           0.750 /   7.7           0.688 /   9.6           0.438 /   7.9           0.312 /   9.2           0.375 /   8.9           0.812 /   8.3           0.500 /   9.7           0.562 /   7.6           0.688 /   9.2
royal-nattui             0.438 /   8.2           0.562 /   8.6           0.500 /   8.1           0.562 /   7.9           0.438 /   7.6           0.500 /   6.9           0.562 /   7.4           0.562 /   9.0           0.562 /   8.6           0.500 /   8.1           0.500 /   7.8           0.688 /   8.4           0.625 /   8.1           0.562 /   8.4           0.500 /   7.2           0.688 /   9.9
rune-mach15              0.500 /   7.4           0.625 /   8.5           0.562 /   7.8           0.625 /   8.2           0.500 /   8.6           0.438 /   7.4           0.312 /   8.7           0.750 /   8.2           0.438 /   8.9           0.312 /   7.9           0.750 /   9.6           0.750 /   8.7           0.812 /   8.9           0.875 /   8.8           0.562 /   9.1           0.750 /   9.2
rune-pool                0.500 /   7.2           0.375 /   9.3           0.500 /   7.4           0.688 /   8.5           0.562 /  10.3           0.562 /   8.3           0.500 /   8.8           0.500 /   7.1           0.750 /   9.5           0.562 /   8.9           0.500 /   8.2           0.438 /   7.8           0.500 /   7.8           0.625 /   9.3           0.250 /  12.6           0.562 /   9.8
sword-pool               0.562 /   8.0           0.688 /   9.2           0.625 /   9.1           0.438 /   7.5           0.500 /   8.4           0.500 /   7.1           0.625 /  10.0           0.500 /   7.6           0.688 /   8.9           0.562 /   8.4           0.625 /   8.7           0.438 /   8.2           0.750 /   9.4           0.438 /   9.9           0.500 /   9.9           0.750 /  10.4

A win rate over decisive games, Wilson 95% [lo, hi]
                           abyss-p8rfn              abyss-pool          afnm-minatodao            basic-forest            basic-portal              basic-rune             dragon-pool            elf-neanisu2             forest-pool             portal-pool              ramp-37772           ramp-claywies            royal-nattui             rune-mach15               rune-pool              sword-pool
abyss-p8rfn       0.625 [0.386, 0.815]    1.000 [0.806, 1.000]    0.438 [0.231, 0.668]    1.000 [0.806, 1.000]    0.938 [0.717, 0.989]    1.000 [0.806, 1.000]    0.938 [0.717, 0.989]    0.625 [0.386, 0.815]    0.875 [0.640, 0.965]    1.000 [0.806, 1.000]    0.688 [0.444, 0.858]    0.812 [0.570, 0.934]    0.875 [0.640, 0.965]    0.625 [0.386, 0.815]    1.000 [0.806, 1.000]    0.875 [0.640, 0.965]
abyss-pool        0.062 [0.011, 0.283]    0.375 [0.185, 0.614]    0.000 [0.000, 0.194]    0.875 [0.640, 0.965]    0.812 [0.570, 0.934]    0.938 [0.717, 0.989]    0.500 [0.280, 0.720]    0.250 [0.102, 0.495]    0.500 [0.280, 0.720]    0.750 [0.505, 0.898]    0.250 [0.102, 0.495]    0.125 [0.035, 0.360]    0.125 [0.035, 0.360]    0.188 [0.066, 0.430]    0.750 [0.505, 0.898]    0.500 [0.280, 0.720]
afnm-minatodao    0.625 [0.386, 0.815]    1.000 [0.806, 1.000]    0.625 [0.386, 0.815]    1.000 [0.806, 1.000]    1.000 [0.806, 1.000]    1.000 [0.806, 1.000]    0.688 [0.444, 0.858]    0.812 [0.570, 0.934]    0.938 [0.717, 0.989]    1.000 [0.806, 1.000]    0.750 [0.505, 0.898]    0.625 [0.386, 0.815]    0.438 [0.231, 0.668]    0.750 [0.505, 0.898]    1.000 [0.806, 1.000]    0.938 [0.717, 0.989]
basic-forest      0.000 [0.000, 0.194]    0.188 [0.066, 0.430]    0.062 [0.011, 0.283]    0.688 [0.444, 0.858]    0.625 [0.386, 0.815]    0.562 [0.332, 0.769]    0.125 [0.035, 0.360]    0.000 [0.000, 0.194]    0.188 [0.066, 0.430]    0.250 [0.102, 0.495]    0.188 [0.066, 0.430]    0.062 [0.011, 0.283]    0.188 [0.066, 0.430]    0.062 [0.011, 0.283]    0.438 [0.231, 0.668]    0.250 [0.102, 0.495]
basic-portal      0.000 [0.000, 0.194]    0.125 [0.035, 0.360]    0.000 [0.000, 0.194]    0.562 [0.332, 0.769]    0.750 [0.505, 0.898]    0.875 [0.640, 0.965]    0.062 [0.011, 0.283]    0.062 [0.011, 0.283]    0.250 [0.102, 0.495]    0.438 [0.231, 0.668]    0.062 [0.011, 0.283]    0.062 [0.011, 0.283]    0.062 [0.011, 0.283]    0.062 [0.011, 0.283]    0.438 [0.231, 0.668]    0.062 [0.011, 0.283]
basic-rune        0.062 [0.011, 0.283]    0.000 [0.000, 0.194]    0.000 [0.000, 0.194]    0.062 [0.011, 0.283]    0.375 [0.185, 0.614]    0.500 [0.280, 0.720]    0.125 [0.035, 0.360]    0.000 [0.000, 0.194]    0.000 [0.000, 0.194]    0.250 [0.102, 0.495]    0.125 [0.035, 0.360]    0.062 [0.011, 0.283]    0.000 [0.000, 0.194]    0.000 [0.000, 0.194]    0.250 [0.102, 0.495]    0.000 [0.000, 0.194]
dragon-pool       0.125 [0.035, 0.360]    0.688 [0.444, 0.858]    0.062 [0.011, 0.283]    0.750 [0.505, 0.898]    0.938 [0.717, 0.989]    0.938 [0.717, 0.989]    0.625 [0.386, 0.815]    0.125 [0.035, 0.360]    0.562 [0.332, 0.769]    0.625 [0.386, 0.815]    0.062 [0.011, 0.283]    0.312 [0.142, 0.556]    0.188 [0.066, 0.430]    0.312 [0.142, 0.556]    0.688 [0.444, 0.858]    0.375 [0.185, 0.614]
elf-neanisu2      0.438 [0.231, 0.668]    0.938 [0.717, 0.989]    0.375 [0.185, 0.614]    1.000 [0.806, 1.000]    0.875 [0.640, 0.965]    1.000 [0.806, 1.000]    0.750 [0.505, 0.898]    0.500 [0.280, 0.720]    0.875 [0.640, 0.965]    1.000 [0.806, 1.000]    0.688 [0.444, 0.858]    0.812 [0.570, 0.934]    0.562 [0.332, 0.769]    0.562 [0.332, 0.769]    0.938 [0.717, 0.989]    0.938 [0.717, 0.989]
forest-pool       0.188 [0.066, 0.430]    0.750 [0.505, 0.898]    0.062 [0.011, 0.283]    0.875 [0.640, 0.965]    0.750 [0.505, 0.898]    0.938 [0.717, 0.989]    0.625 [0.386, 0.815]    0.125 [0.035, 0.360]    0.625 [0.386, 0.815]    0.938 [0.717, 0.989]    0.562 [0.332, 0.769]    0.500 [0.280, 0.720]    0.375 [0.185, 0.614]    0.562 [0.332, 0.769]    1.000 [0.806, 1.000]    0.375 [0.185, 0.614]
portal-pool       0.062 [0.011, 0.283]    0.250 [0.102, 0.495]    0.000 [0.000, 0.194]    0.688 [0.444, 0.858]    0.688 [0.444, 0.858]    0.750 [0.505, 0.898]    0.500 [0.280, 0.720]    0.062 [0.011, 0.283]    0.188 [0.066, 0.430]    0.625 [0.386, 0.815]    0.188 [0.066, 0.430]    0.188 [0.066, 0.430]    0.000 [0.000, 0.194]    0.000 [0.000, 0.194]    0.625 [0.386, 0.815]    0.000 [0.000, 0.194]
ramp-37772        0.188 [0.066, 0.430]    0.750 [0.505, 0.898]    0.125 [0.035, 0.360]    0.938 [0.717, 0.989]    1.000 [0.806, 1.000]    1.000 [0.806, 1.000]    0.938 [0.717, 0.989]    0.500 [0.280, 0.720]    0.562 [0.332, 0.769]    0.875 [0.640, 0.965]    0.562 [0.332, 0.769]    0.562 [0.332, 0.769]    0.188 [0.066, 0.430]    0.688 [0.444, 0.858]    0.875 [0.640, 0.965]    0.938 [0.717, 0.989]
ramp-claywies     0.312 [0.142, 0.556]    0.688 [0.444, 0.858]    0.250 [0.102, 0.495]    1.000 [0.806, 1.000]    1.000 [0.806, 1.000]    0.938 [0.717, 0.989]    0.875 [0.640, 0.965]    0.375 [0.185, 0.614]    0.688 [0.444, 0.858]    0.938 [0.717, 0.989]    0.438 [0.231, 0.668]    0.625 [0.386, 0.815]    0.438 [0.231, 0.668]    0.625 [0.386, 0.815]    0.938 [0.717, 0.989]    0.812 [0.570, 0.934]
royal-nattui      0.312 [0.142, 0.556]    0.938 [0.717, 0.989]    0.125 [0.035, 0.360]    0.938 [0.717, 0.989]    0.938 [0.717, 0.989]    1.000 [0.806, 1.000]    0.938 [0.717, 0.989]    0.562 [0.332, 0.769]    0.938 [0.717, 0.989]    0.875 [0.640, 0.965]    0.750 [0.505, 0.898]    0.562 [0.332, 0.769]    0.625 [0.386, 0.815]    0.562 [0.332, 0.769]    1.000 [0.806, 1.000]    0.688 [0.444, 0.858]
rune-mach15       0.125 [0.035, 0.360]    0.875 [0.640, 0.965]    0.188 [0.066, 0.430]    0.875 [0.640, 0.965]    1.000 [0.806, 1.000]    0.938 [0.717, 0.989]    0.562 [0.332, 0.769]    0.375 [0.185, 0.614]    0.562 [0.332, 0.769]    0.812 [0.570, 0.934]    0.250 [0.102, 0.495]    0.500 [0.280, 0.720]    0.312 [0.142, 0.556]    0.625 [0.386, 0.815]    0.938 [0.717, 0.989]    0.375 [0.185, 0.614]
rune-pool         0.000 [0.000, 0.194]    0.250 [0.102, 0.495]    0.000 [0.000, 0.194]    0.562 [0.332, 0.769]    0.438 [0.231, 0.668]    0.688 [0.444, 0.858]    0.125 [0.035, 0.360]    0.000 [0.000, 0.194]    0.250 [0.102, 0.495]    0.438 [0.231, 0.668]    0.000 [0.000, 0.194]    0.062 [0.011, 0.283]    0.000 [0.000, 0.194]    0.125 [0.035, 0.360]    0.625 [0.386, 0.815]    0.062 [0.011, 0.283]
sword-pool        0.062 [0.011, 0.283]    0.562 [0.332, 0.769]    0.250 [0.102, 0.495]    0.812 [0.570, 0.934]    1.000 [0.806, 1.000]    1.000 [0.806, 1.000]    0.500 [0.280, 0.720]    0.000 [0.000, 0.194]    0.562 [0.332, 0.769]    0.688 [0.444, 0.858]    0.125 [0.035, 0.360]    0.312 [0.142, 0.556]    0.375 [0.185, 0.614]    0.438 [0.231, 0.668]    1.000 [0.806, 1.000]    0.375 [0.185, 0.614]

=== summary ===
h0:olethal=1 vs h0
games: 4096  decisive: 4096  draws: 0
policy_a win rate: 0.512 [0.497, 0.527]
first-player win rate: 0.538
mean turns: 8.19  mean actions: 74.79
end: lethal=4096 deckout=0 turn_cap=0 action_cap=0 no_legal=0 illegal=0
2999.470s  1.37 games/s  cpus=28
per deck:
  abyss-p8rfn: policy_a (row) 0.832  policy_b (col) 0.801
  abyss-pool: policy_a (row) 0.438  policy_b (col) 0.414
  afnm-minatodao: policy_a (row) 0.824  policy_b (col) 0.840
  basic-forest: policy_a (row) 0.242  policy_b (col) 0.211
  basic-portal: policy_a (row) 0.242  policy_b (col) 0.180
  basic-rune: policy_a (row) 0.113  policy_b (col) 0.121
  dragon-pool: policy_a (row) 0.461  policy_b (col) 0.445
  elf-neanisu2: policy_a (row) 0.766  policy_b (col) 0.727
  forest-pool: policy_a (row) 0.578  policy_b (col) 0.465
  portal-pool: policy_a (row) 0.301  policy_b (col) 0.281
  ramp-37772: policy_a (row) 0.668  policy_b (col) 0.645
  ramp-claywies: policy_a (row) 0.684  policy_b (col) 0.613
  royal-nattui: policy_a (row) 0.734  policy_b (col) 0.703
  rune-mach15: policy_a (row) 0.582  policy_b (col) 0.613
  rune-pool: policy_a (row) 0.227  policy_b (col) 0.219
  sword-pool: policy_a (row) 0.504  policy_b (col) 0.527

4096 games in 2999.470s (1.4 games/s)
wrote C:\Users\agban\projects\arena\results\sweep5\c01-final.json
