matchup: 16 decks × 16 games = 4096 games (seed=6, policy_a=h0:olethal=1,osteps=6, policy_b=h0, first=alternate, threads=None)
Win rate (row = A, col = B; cell = A's win rate)
                           abyss-p8rfn              abyss-pool          afnm-minatodao            basic-forest            basic-portal              basic-rune             dragon-pool            elf-neanisu2             forest-pool             portal-pool              ramp-37772           ramp-claywies            royal-nattui             rune-mach15               rune-pool              sword-pool
abyss-p8rfn                      0.250                   1.000                   0.500                   0.938                   0.938                   1.000                   0.875                   0.812                   0.875                   0.938                   0.875                   0.688                   0.938                   0.875                   1.000                   0.875
abyss-pool                       0.000                   0.375                   0.125                   0.875                   0.750                   1.000                   0.438                   0.125                   0.500                   0.812                   0.188                   0.125                   0.188                   0.312                   0.750                   0.438
afnm-minatodao                   0.625                   1.000                   0.625                   1.000                   1.000                   1.000                   0.875                   0.688                   1.000                   1.000                   0.750                   0.812                   0.750                   0.875                   1.000                   0.938
basic-forest                     0.000                   0.250                   0.000                   0.562                   0.625                   0.625                   0.125                   0.062                   0.250                   0.312                   0.062                   0.062                   0.062                   0.000                   0.375                   0.125
basic-portal                     0.000                   0.125                   0.000                   0.688                   0.625                   0.812                   0.062                   0.000                   0.062                   0.312                   0.125                   0.125                   0.062                   0.000                   0.500                   0.000
basic-rune                       0.062                   0.000                   0.000                   0.500                   0.188                   0.500                   0.062                   0.062                   0.000                   0.000                   0.125                   0.000                   0.000                   0.125                   0.375                   0.062
dragon-pool                      0.062                   0.625                   0.062                   0.938                   1.000                   0.938                   0.688                   0.250                   0.625                   0.688                   0.062                   0.250                   0.000                   0.562                   0.812                   0.438
elf-neanisu2                     0.375                   0.938                   0.438                   1.000                   1.000                   1.000                   0.812                   0.562                   0.875                   0.938                   0.688                   0.688                   0.438                   0.750                   0.938                   0.875
forest-pool                      0.125                   0.812                   0.125                   0.875                   0.875                   1.000                   0.438                   0.250                   0.750                   0.938                   0.500                   0.562                   0.375                   0.562                   0.938                   0.500
portal-pool                      0.125                   0.312                   0.000                   0.688                   0.500                   0.812                   0.375                   0.062                   0.250                   0.625                   0.125                   0.125                   0.000                   0.000                   0.562                   0.312
ramp-37772                       0.250                   0.938                   0.312                   1.000                   0.938                   0.938                   0.812                   0.500                   0.812                   0.750                   0.688                   0.562                   0.250                   0.562                   0.938                   0.938
ramp-claywies                    0.250                   0.750                   0.375                   0.938                   0.875                   1.000                   0.750                   0.312                   0.688                   0.938                   0.625                   0.500                   0.688                   0.688                   0.938                   0.812
royal-nattui                     0.438                   0.812                   0.312                   0.875                   0.938                   1.000                   0.938                   0.625                   0.875                   1.000                   0.688                   0.500                   0.562                   0.625                   1.000                   0.812
rune-mach15                      0.000                   0.938                   0.000                   0.938                   0.812                   0.875                   0.750                   0.312                   0.562                   0.812                   0.375                   0.438                   0.312                   0.562                   1.000                   0.562
rune-pool                        0.000                   0.312                   0.000                   0.625                   0.562                   0.938                   0.188                   0.000                   0.250                   0.312                   0.000                   0.000                   0.000                   0.125                   0.438                   0.062
sword-pool                       0.188                   0.688                   0.188                   0.938                   0.938                   0.938                   0.625                   0.125                   0.625                   0.750                   0.125                   0.312                   0.562                   0.688                   1.000                   0.375

First-player win rate / mean turns
                           abyss-p8rfn              abyss-pool          afnm-minatodao            basic-forest            basic-portal              basic-rune             dragon-pool            elf-neanisu2             forest-pool             portal-pool              ramp-37772           ramp-claywies            royal-nattui             rune-mach15               rune-pool              sword-pool
abyss-p8rfn              0.500 /   8.6           0.500 /   8.2           0.625 /   8.7           0.438 /   7.4           0.438 /   7.4           0.500 /   6.7           0.625 /   7.8           0.562 /   8.2           0.500 /   7.9           0.562 /   7.4           0.625 /   7.8           0.562 /   8.4           0.438 /   7.5           0.625 /   8.4           0.500 /   7.1           0.625 /   8.6
abyss-pool               0.500 /   7.5           0.750 /   9.4           0.375 /   7.8           0.375 /   8.3           0.625 /   9.0           0.500 /   6.4           0.562 /   8.1           0.500 /   8.9           0.500 /  10.1           0.562 /   8.6           0.688 /   8.6           0.375 /   8.0           0.688 /   8.4           0.688 /   8.2           0.500 /   8.1           0.438 /   8.3
afnm-minatodao           0.375 /   7.9           0.500 /   7.6           0.750 /   8.4           0.500 /   6.9           0.500 /   6.8           0.500 /   6.4           0.625 /   7.5           0.438 /   8.5           0.500 /   7.6           0.500 /   6.9           0.500 /   7.9           0.438 /   7.6           0.625 /   8.2           0.625 /   8.1           0.500 /   6.9           0.562 /   7.6
basic-forest             0.500 /   7.6           0.625 /   8.6           0.500 /   7.3           0.562 /   8.4           0.250 /   8.4           0.375 /   7.9           0.375 /   7.5           0.562 /   7.3           0.625 /   8.9           0.438 /   8.8           0.562 /   8.8           0.562 /   8.3           0.562 /   7.7           0.500 /   7.9           0.625 /   8.9           0.375 /   8.4
basic-portal             0.500 /   7.6           0.500 /   8.1           0.500 /   6.9           0.562 /   9.1           0.375 /   8.5           0.562 /   8.1           0.562 /   9.1           0.500 /   6.8           0.562 /   8.9           0.562 /   9.2           0.500 /   8.3           0.625 /   8.8           0.438 /   7.7           0.500 /   7.6           0.375 /  11.5           0.500 /   8.3
basic-rune               0.438 /   6.8           0.500 /   6.6           0.500 /   6.2           0.500 /   8.2           0.438 /   8.0           0.625 /   7.4           0.438 /   7.1           0.562 /   6.7           0.500 /   7.2           0.500 /   6.9           0.500 /   7.5           0.500 /   7.6           0.500 /   6.8           0.375 /   7.2           0.750 /   8.5           0.438 /   7.8
dragon-pool              0.562 /   8.4           0.750 /   9.0           0.562 /   7.5           0.438 /   7.9           0.500 /   8.5           0.438 /   7.7           0.438 /   8.1           0.500 /   8.4           0.625 /   8.5           0.438 /   8.2           0.562 /   8.6           0.500 /   8.6           0.500 /   7.8           0.812 /   9.5           0.688 /   9.9           0.562 /   9.1
elf-neanisu2             0.625 /   8.2           0.562 /   8.1           0.562 /   8.6           0.500 /   6.9           0.500 /   7.5           0.500 /   6.3           0.688 /   8.1           0.688 /   9.1           0.375 /   7.4           0.562 /   7.5           0.688 /   8.1           0.562 /   8.6           0.688 /   9.2           0.500 /   9.0           0.562 /   7.3           0.625 /   8.4
forest-pool              0.500 /   8.6           0.688 /   9.9           0.500 /   8.0           0.625 /   8.2           0.500 /   9.3           0.500 /   7.9           0.562 /   8.2           0.625 /   7.9           0.625 /   9.9           0.562 /   8.2           0.750 /   9.4           0.688 /   8.4           0.625 /   9.2           0.688 /   9.9           0.562 /   9.9           0.500 /  10.6
portal-pool              0.500 /   7.2           0.438 /   8.6           0.500 /   7.5           0.562 /   8.2           0.500 /   8.0           0.438 /   8.7           0.750 /   8.6           0.562 /   8.0           0.625 /   9.1           0.625 /   8.3           0.625 /   8.4           0.625 /   8.1           0.500 /   7.6           0.500 /   8.0           0.438 /   9.9           0.438 /   9.8
ramp-37772               0.625 /   7.9           0.562 /   8.8           0.438 /   9.1           0.500 /   8.2           0.562 /   8.8           0.438 /   8.2           0.562 /   7.8           0.750 /   9.1           0.688 /  10.4           0.375 /   7.7           0.562 /  10.3           0.312 /   9.5           0.625 /   8.8           0.312 /   8.2           0.562 /   8.1           0.562 /   9.4
ramp-claywies            0.500 /   8.2           0.625 /   8.3           0.625 /   9.0           0.562 /   8.5           0.625 /   8.0           0.500 /   7.8           0.500 /   8.3           0.688 /   7.9           0.688 /   8.9           0.438 /   8.2           0.500 /   9.8           0.500 /   9.0           0.688 /   8.6           0.688 /   8.8           0.562 /   7.5           0.688 /   9.6
royal-nattui             0.312 /   7.9           0.688 /   8.9           0.562 /   8.8           0.625 /   8.1           0.562 /   7.5           0.500 /   6.8           0.438 /   8.0           0.375 /   9.2           0.625 /   8.8           0.500 /   8.1           0.312 /   8.3           0.750 /  10.0           0.562 /   8.8           0.625 /   8.0           0.500 /   7.6           0.562 /   9.7
rune-mach15              0.500 /   7.6           0.562 /   8.3           0.500 /   7.9           0.562 /   8.6           0.562 /   8.1           0.375 /   7.5           0.500 /   8.8           0.688 /   8.1           0.562 /   9.0           0.562 /   8.1           0.625 /   9.4           0.688 /   9.1           0.812 /   9.0           0.562 /   9.0           0.500 /   8.8           0.688 /   9.8
rune-pool                0.500 /   7.3           0.312 /   9.9           0.500 /   7.6           0.625 /   8.8           0.812 /  11.1           0.562 /   8.3           0.438 /   9.8           0.500 /   7.4           0.625 /   9.8           0.688 /   9.1           0.500 /   8.4           0.500 /   7.9           0.500 /   8.2           0.500 /   8.4           0.438 /  11.3           0.562 /   9.9
sword-pool               0.562 /   7.4           0.562 /   9.8           0.562 /   8.6           0.438 /   7.9           0.562 /   7.9           0.562 /   7.2           0.625 /  10.8           0.500 /   8.0           0.750 /  10.1           0.625 /   8.6           0.625 /   9.5           0.562 /   8.1           0.812 /   9.8           0.688 /   9.3           0.500 /   9.5           0.625 /  10.8

A win rate over decisive games, Wilson 95% [lo, hi]
                           abyss-p8rfn              abyss-pool          afnm-minatodao            basic-forest            basic-portal              basic-rune             dragon-pool            elf-neanisu2             forest-pool             portal-pool              ramp-37772           ramp-claywies            royal-nattui             rune-mach15               rune-pool              sword-pool
abyss-p8rfn       0.250 [0.102, 0.495]    1.000 [0.806, 1.000]    0.500 [0.280, 0.720]    0.938 [0.717, 0.989]    0.938 [0.717, 0.989]    1.000 [0.806, 1.000]    0.875 [0.640, 0.965]    0.812 [0.570, 0.934]    0.875 [0.640, 0.965]    0.938 [0.717, 0.989]    0.875 [0.640, 0.965]    0.688 [0.444, 0.858]    0.938 [0.717, 0.989]    0.875 [0.640, 0.965]    1.000 [0.806, 1.000]    0.875 [0.640, 0.965]
abyss-pool        0.000 [0.000, 0.194]    0.375 [0.185, 0.614]    0.125 [0.035, 0.360]    0.875 [0.640, 0.965]    0.750 [0.505, 0.898]    1.000 [0.806, 1.000]    0.438 [0.231, 0.668]    0.125 [0.035, 0.360]    0.500 [0.280, 0.720]    0.812 [0.570, 0.934]    0.188 [0.066, 0.430]    0.125 [0.035, 0.360]    0.188 [0.066, 0.430]    0.312 [0.142, 0.556]    0.750 [0.505, 0.898]    0.438 [0.231, 0.668]
afnm-minatodao    0.625 [0.386, 0.815]    1.000 [0.806, 1.000]    0.625 [0.386, 0.815]    1.000 [0.806, 1.000]    1.000 [0.806, 1.000]    1.000 [0.806, 1.000]    0.875 [0.640, 0.965]    0.688 [0.444, 0.858]    1.000 [0.806, 1.000]    1.000 [0.806, 1.000]    0.750 [0.505, 0.898]    0.812 [0.570, 0.934]    0.750 [0.505, 0.898]    0.875 [0.640, 0.965]    1.000 [0.806, 1.000]    0.938 [0.717, 0.989]
basic-forest      0.000 [0.000, 0.194]    0.250 [0.102, 0.495]    0.000 [0.000, 0.194]    0.562 [0.332, 0.769]    0.625 [0.386, 0.815]    0.625 [0.386, 0.815]    0.125 [0.035, 0.360]    0.062 [0.011, 0.283]    0.250 [0.102, 0.495]    0.312 [0.142, 0.556]    0.062 [0.011, 0.283]    0.062 [0.011, 0.283]    0.062 [0.011, 0.283]    0.000 [0.000, 0.194]    0.375 [0.185, 0.614]    0.125 [0.035, 0.360]
basic-portal      0.000 [0.000, 0.194]    0.125 [0.035, 0.360]    0.000 [0.000, 0.194]    0.688 [0.444, 0.858]    0.625 [0.386, 0.815]    0.812 [0.570, 0.934]    0.062 [0.011, 0.283]    0.000 [0.000, 0.194]    0.062 [0.011, 0.283]    0.312 [0.142, 0.556]    0.125 [0.035, 0.360]    0.125 [0.035, 0.360]    0.062 [0.011, 0.283]    0.000 [0.000, 0.194]    0.500 [0.280, 0.720]    0.000 [0.000, 0.194]
basic-rune        0.062 [0.011, 0.283]    0.000 [0.000, 0.194]    0.000 [0.000, 0.194]    0.500 [0.280, 0.720]    0.188 [0.066, 0.430]    0.500 [0.280, 0.720]    0.062 [0.011, 0.283]    0.062 [0.011, 0.283]    0.000 [0.000, 0.194]    0.000 [0.000, 0.194]    0.125 [0.035, 0.360]    0.000 [0.000, 0.194]    0.000 [0.000, 0.194]    0.125 [0.035, 0.360]    0.375 [0.185, 0.614]    0.062 [0.011, 0.283]
dragon-pool       0.062 [0.011, 0.283]    0.625 [0.386, 0.815]    0.062 [0.011, 0.283]    0.938 [0.717, 0.989]    1.000 [0.806, 1.000]    0.938 [0.717, 0.989]    0.688 [0.444, 0.858]    0.250 [0.102, 0.495]    0.625 [0.386, 0.815]    0.688 [0.444, 0.858]    0.062 [0.011, 0.283]    0.250 [0.102, 0.495]    0.000 [0.000, 0.194]    0.562 [0.332, 0.769]    0.812 [0.570, 0.934]    0.438 [0.231, 0.668]
elf-neanisu2      0.375 [0.185, 0.614]    0.938 [0.717, 0.989]    0.438 [0.231, 0.668]    1.000 [0.806, 1.000]    1.000 [0.806, 1.000]    1.000 [0.806, 1.000]    0.812 [0.570, 0.934]    0.562 [0.332, 0.769]    0.875 [0.640, 0.965]    0.938 [0.717, 0.989]    0.688 [0.444, 0.858]    0.688 [0.444, 0.858]    0.438 [0.231, 0.668]    0.750 [0.505, 0.898]    0.938 [0.717, 0.989]    0.875 [0.640, 0.965]
forest-pool       0.125 [0.035, 0.360]    0.812 [0.570, 0.934]    0.125 [0.035, 0.360]    0.875 [0.640, 0.965]    0.875 [0.640, 0.965]    1.000 [0.806, 1.000]    0.438 [0.231, 0.668]    0.250 [0.102, 0.495]    0.750 [0.505, 0.898]    0.938 [0.717, 0.989]    0.500 [0.280, 0.720]    0.562 [0.332, 0.769]    0.375 [0.185, 0.614]    0.562 [0.332, 0.769]    0.938 [0.717, 0.989]    0.500 [0.280, 0.720]
portal-pool       0.125 [0.035, 0.360]    0.312 [0.142, 0.556]    0.000 [0.000, 0.194]    0.688 [0.444, 0.858]    0.500 [0.280, 0.720]    0.812 [0.570, 0.934]    0.375 [0.185, 0.614]    0.062 [0.011, 0.283]    0.250 [0.102, 0.495]    0.625 [0.386, 0.815]    0.125 [0.035, 0.360]    0.125 [0.035, 0.360]    0.000 [0.000, 0.194]    0.000 [0.000, 0.194]    0.562 [0.332, 0.769]    0.312 [0.142, 0.556]
ramp-37772        0.250 [0.102, 0.495]    0.938 [0.717, 0.989]    0.312 [0.142, 0.556]    1.000 [0.806, 1.000]    0.938 [0.717, 0.989]    0.938 [0.717, 0.989]    0.812 [0.570, 0.934]    0.500 [0.280, 0.720]    0.812 [0.570, 0.934]    0.750 [0.505, 0.898]    0.688 [0.444, 0.858]    0.562 [0.332, 0.769]    0.250 [0.102, 0.495]    0.562 [0.332, 0.769]    0.938 [0.717, 0.989]    0.938 [0.717, 0.989]
ramp-claywies     0.250 [0.102, 0.495]    0.750 [0.505, 0.898]    0.375 [0.185, 0.614]    0.938 [0.717, 0.989]    0.875 [0.640, 0.965]    1.000 [0.806, 1.000]    0.750 [0.505, 0.898]    0.312 [0.142, 0.556]    0.688 [0.444, 0.858]    0.938 [0.717, 0.989]    0.625 [0.386, 0.815]    0.500 [0.280, 0.720]    0.688 [0.444, 0.858]    0.688 [0.444, 0.858]    0.938 [0.717, 0.989]    0.812 [0.570, 0.934]
royal-nattui      0.438 [0.231, 0.668]    0.812 [0.570, 0.934]    0.312 [0.142, 0.556]    0.875 [0.640, 0.965]    0.938 [0.717, 0.989]    1.000 [0.806, 1.000]    0.938 [0.717, 0.989]    0.625 [0.386, 0.815]    0.875 [0.640, 0.965]    1.000 [0.806, 1.000]    0.688 [0.444, 0.858]    0.500 [0.280, 0.720]    0.562 [0.332, 0.769]    0.625 [0.386, 0.815]    1.000 [0.806, 1.000]    0.812 [0.570, 0.934]
rune-mach15       0.000 [0.000, 0.194]    0.938 [0.717, 0.989]    0.000 [0.000, 0.194]    0.938 [0.717, 0.989]    0.812 [0.570, 0.934]    0.875 [0.640, 0.965]    0.750 [0.505, 0.898]    0.312 [0.142, 0.556]    0.562 [0.332, 0.769]    0.812 [0.570, 0.934]    0.375 [0.185, 0.614]    0.438 [0.231, 0.668]    0.312 [0.142, 0.556]    0.562 [0.332, 0.769]    1.000 [0.806, 1.000]    0.562 [0.332, 0.769]
rune-pool         0.000 [0.000, 0.194]    0.312 [0.142, 0.556]    0.000 [0.000, 0.194]    0.625 [0.386, 0.815]    0.562 [0.332, 0.769]    0.938 [0.717, 0.989]    0.188 [0.066, 0.430]    0.000 [0.000, 0.194]    0.250 [0.102, 0.495]    0.312 [0.142, 0.556]    0.000 [0.000, 0.194]    0.000 [0.000, 0.194]    0.000 [0.000, 0.194]    0.125 [0.035, 0.360]    0.438 [0.231, 0.668]    0.062 [0.011, 0.283]
sword-pool        0.188 [0.066, 0.430]    0.688 [0.444, 0.858]    0.188 [0.066, 0.430]    0.938 [0.717, 0.989]    0.938 [0.717, 0.989]    0.938 [0.717, 0.989]    0.625 [0.386, 0.815]    0.125 [0.035, 0.360]    0.625 [0.386, 0.815]    0.750 [0.505, 0.898]    0.125 [0.035, 0.360]    0.312 [0.142, 0.556]    0.562 [0.332, 0.769]    0.688 [0.444, 0.858]    1.000 [0.806, 1.000]    0.375 [0.185, 0.614]

=== summary ===
h0:olethal=1,osteps=6 vs h0
games: 4096  decisive: 4096  draws: 0
policy_a win rate: 0.526 [0.511, 0.541]
first-player win rate: 0.546
mean turns: 8.35  mean actions: 76.47
end: lethal=4094 deckout=2 turn_cap=0 action_cap=0 no_legal=0 illegal=0
3448.422s  1.19 games/s  cpus=28
per deck:
  abyss-p8rfn: policy_a (row) 0.836  policy_b (col) 0.828
  abyss-pool: policy_a (row) 0.438  policy_b (col) 0.383
  afnm-minatodao: policy_a (row) 0.871  policy_b (col) 0.809
  basic-forest: policy_a (row) 0.219  policy_b (col) 0.164
  basic-portal: policy_a (row) 0.219  policy_b (col) 0.215
  basic-rune: policy_a (row) 0.129  policy_b (col) 0.102
  dragon-pool: policy_a (row) 0.500  policy_b (col) 0.449
  elf-neanisu2: policy_a (row) 0.770  policy_b (col) 0.703
  forest-pool: policy_a (row) 0.602  policy_b (col) 0.438
  portal-pool: policy_a (row) 0.305  policy_b (col) 0.305
  ramp-37772: policy_a (row) 0.699  policy_b (col) 0.625
  ramp-claywies: policy_a (row) 0.695  policy_b (col) 0.641
  royal-nattui: policy_a (row) 0.750  policy_b (col) 0.676
  rune-mach15: policy_a (row) 0.578  policy_b (col) 0.543
  rune-pool: policy_a (row) 0.238  policy_b (col) 0.215
  sword-pool: policy_a (row) 0.566  policy_b (col) 0.492

4096 games in 3448.422s (1.2 games/s)
wrote C:\Users\agban\projects\arena\results\sweep5\c02-final.json
