matchup: 16 decks × 4 games = 1024 games (seed=6, policy_a=h0:odepth=1, policy_b=h0, first=alternate, threads=None)
Win rate (row = A, col = B; cell = A's win rate)
                           abyss-p8rfn              abyss-pool          afnm-minatodao            basic-forest            basic-portal              basic-rune             dragon-pool            elf-neanisu2             forest-pool             portal-pool              ramp-37772           ramp-claywies            royal-nattui             rune-mach15               rune-pool              sword-pool
abyss-p8rfn                      0.250                   1.000                   0.000                   0.750                   1.000                   1.000                   1.000                   0.750                   0.500                   1.000                   0.000                   0.500                   0.750                   0.750                   1.000                   0.500
abyss-pool                       0.000                   0.250                   0.250                   0.500                   0.750                   1.000                   0.500                   0.250                   0.500                   1.000                   0.000                   0.000                   0.000                   0.000                   0.750                   0.000
afnm-minatodao                   0.500                   1.000                   0.750                   1.000                   1.000                   1.000                   1.000                   0.500                   0.750                   1.000                   0.500                   0.750                   0.250                   0.750                   1.000                   0.500
basic-forest                     0.000                   0.000                   0.000                   0.250                   0.500                   0.250                   0.000                   0.000                   0.000                   0.250                   0.250                   0.250                   0.000                   0.000                   0.500                   0.000
basic-portal                     0.000                   0.000                   0.000                   0.500                   0.250                   0.500                   0.250                   0.000                   0.000                   0.500                   0.000                   0.000                   0.000                   0.000                   0.000                   0.000
basic-rune                       0.000                   0.000                   0.000                   0.000                   0.000                   0.250                   0.000                   0.000                   0.000                   0.250                   0.000                   0.000                   0.000                   0.000                   0.000                   0.000
dragon-pool                      0.000                   0.250                   0.000                   0.750                   0.250                   1.000                   0.250                   0.000                   0.250                   0.250                   0.000                   0.250                   0.000                   0.000                   0.750                   0.000
elf-neanisu2                     0.500                   0.000                   0.000                   0.750                   0.750                   1.000                   1.000                   0.500                   0.000                   1.000                   0.250                   1.000                   0.750                   0.750                   1.000                   0.500
forest-pool                      0.000                   0.250                   0.000                   0.750                   0.750                   1.000                   0.250                   0.000                   0.500                   0.500                   0.000                   0.000                   0.000                   0.500                   1.000                   0.500
portal-pool                      0.000                   0.000                   0.000                   1.000                   0.000                   1.000                   0.250                   0.250                   0.000                   0.250                   0.000                   0.000                   0.000                   0.000                   0.500                   0.000
ramp-37772                       0.000                   0.500                   0.000                   0.500                   0.750                   0.750                   0.250                   0.250                   0.000                   0.500                   0.250                   0.000                   0.000                   0.250                   0.750                   0.250
ramp-claywies                    0.250                   0.750                   0.000                   1.000                   1.000                   0.750                   0.500                   0.250                   0.000                   0.500                   0.250                   0.250                   0.000                   0.750                   0.250                   0.500
royal-nattui                     0.000                   0.500                   0.000                   1.000                   1.000                   1.000                   1.000                   0.500                   1.000                   1.000                   0.750                   0.500                   0.000                   0.250                   1.000                   0.500
rune-mach15                      0.250                   0.000                   0.000                   0.750                   0.750                   1.000                   0.250                   0.250                   0.250                   0.750                   0.250                   0.250                   0.000                   0.500                   1.000                   0.750
rune-pool                        0.000                   0.000                   0.000                   0.500                   0.250                   1.000                   0.000                   0.000                   0.250                   0.250                   0.000                   0.000                   0.000                   0.250                   0.000                   0.000
sword-pool                       0.000                   0.750                   0.000                   0.500                   0.750                   0.750                   0.750                   0.000                   0.000                   1.000                   0.000                   0.000                   0.000                   0.000                   1.000                   0.250

First-player win rate / mean turns
                           abyss-p8rfn              abyss-pool          afnm-minatodao            basic-forest            basic-portal              basic-rune             dragon-pool            elf-neanisu2             forest-pool             portal-pool              ramp-37772           ramp-claywies            royal-nattui             rune-mach15               rune-pool              sword-pool
abyss-p8rfn              0.750 /   8.0           0.500 /   7.8           0.500 /   6.5           0.750 /   8.2           0.500 /   7.8           0.500 /   6.8           0.500 /   8.0           0.250 /   7.5           1.000 /   7.5           0.500 /   7.5           0.500 /  10.0           0.500 /   8.5           0.750 /   8.0           0.750 /   8.2           0.500 /   7.8           0.500 /   7.8
abyss-pool               0.500 /   7.0           0.750 /  10.0           0.250 /   6.8           1.000 /   8.5           0.750 /   9.0           0.500 /   6.2           1.000 /   9.2           0.750 /   8.8           0.500 /   7.2           0.500 /   8.0           0.500 /   7.8           0.500 /   8.2           0.500 /   6.5           0.500 /   7.8           0.250 /   6.5           0.500 /   8.0
afnm-minatodao           0.500 /   8.8           0.500 /   8.0           0.750 /   7.5           0.500 /   7.5           0.500 /   7.5           0.500 /   6.0           0.500 /   7.8           0.000 /   7.0           0.250 /   6.2           0.500 /   7.0           1.000 /   8.5           0.750 /   7.8           0.750 /   7.5           0.250 /   6.8           0.500 /   8.0           1.000 /   7.8
basic-forest             0.500 /   7.8           0.500 /   7.0           0.500 /   6.5           0.750 /   8.2           0.500 /   8.0           0.250 /   7.5           0.500 /   7.0           0.500 /   6.8           0.500 /   7.5           0.750 /   8.2           0.250 /   8.2           0.750 /   7.2           0.500 /   7.2           0.500 /   7.2           0.500 /   8.0           0.500 /   7.0
basic-portal             0.500 /   6.8           0.500 /   7.0           0.500 /   6.2           0.500 /   8.2           0.750 /   9.0           0.500 /   7.8           0.750 /   7.5           0.500 /   6.5           0.500 /   7.0           0.500 /   9.2           0.500 /   8.0           0.500 /   7.5           0.500 /   6.8           0.500 /   9.0           0.500 /   9.2           0.500 /   7.2
basic-rune               0.500 /   7.5           0.500 /   6.5           0.500 /   5.5           0.500 /   6.0           0.500 /   7.2           0.250 /   7.2           0.500 /   7.2           0.500 /   6.2           0.500 /   6.2           0.250 /   7.0           0.500 /   7.5           0.500 /   7.8           0.500 /   6.2           0.500 /   7.2           0.500 /   7.8           0.500 /   6.8
dragon-pool              0.500 /   7.2           0.250 /   7.2           0.500 /   6.8           0.750 /   8.0           0.750 /   7.8           0.500 /   8.0           0.750 /   7.8           0.500 /   8.0           0.250 /   6.0           0.250 /   7.5           0.500 /   7.2           0.250 /   7.8           0.500 /   6.8           0.500 /   8.8           0.750 /   9.5           0.500 /   7.8
elf-neanisu2             0.500 /   7.8           0.500 /   6.5           0.500 /   7.5           0.250 /   7.0           0.750 /   8.2           0.500 /   6.8           0.500 /   7.8           0.500 /   7.2           0.500 /   8.0           0.500 /   7.5           0.250 /   7.8           0.500 /   7.2           0.750 /   8.0           0.250 /   8.5           0.500 /   7.8           1.000 /   8.2
forest-pool              0.500 /   8.0           0.250 /   7.8           0.500 /   7.5           0.250 /   7.2           0.250 /   8.2           0.500 /   7.8           0.750 /   7.5           0.500 /   6.5           0.500 /   7.8           1.000 /   9.2           0.500 /   7.8           0.500 /   8.2           0.500 /   8.0           0.000 /   8.2           0.500 /   8.8           0.500 /   8.5
portal-pool              0.500 /   7.0           0.500 /   6.2           0.500 /   6.0           0.500 /   8.8           0.500 /   7.0           0.500 /   9.0           0.250 /   6.8           0.750 /   7.0           0.500 /   7.5           0.250 /   9.2           0.500 /   8.2           0.500 /   8.8           0.500 /   6.5           0.500 /   6.8           0.500 /   8.2           0.500 /   7.8
ramp-37772               0.500 /   6.8           0.500 /   8.0           0.500 /   6.5           0.500 /   7.8           0.750 /   8.8           0.250 /   7.8           0.250 /   8.2           0.750 /   7.5           0.500 /   7.5           0.500 /   8.2           0.750 /   7.5           0.500 /   7.0           0.500 /   7.2           0.750 /   8.2           0.250 /   9.2           0.250 /   7.8
ramp-claywies            0.750 /   7.2           0.750 /   8.0           0.500 /   6.8           0.500 /   9.2           0.500 /   8.8           0.750 /   7.8           0.000 /   8.2           0.750 /   7.8           0.500 /   6.8           0.000 /   8.0           0.750 /   8.2           0.750 /   8.8           0.500 /   6.2           0.750 /   8.2           0.250 /   7.5           1.000 /   6.8
royal-nattui             0.500 /   7.8           0.500 /   9.0           0.500 /   7.0           0.500 /   7.5           0.500 /   7.8           0.500 /   7.0           0.500 /   9.5           0.500 /   8.2           0.500 /   8.8           0.500 /   8.5           0.750 /   7.8           1.000 /   7.2           0.500 /   7.0           0.750 /   7.5           0.500 /   9.0           0.500 /   8.5
rune-mach15              0.750 /   7.5           0.500 /   5.8           0.500 /   6.8           0.750 /   8.5           0.750 /   8.2           0.500 /   7.5           0.750 /   9.0           0.750 /   7.5           0.750 /   6.8           0.250 /   7.8           0.750 /   9.8           0.250 /   7.8           0.500 /   7.2           0.500 /   8.0           0.500 /   9.2           0.750 /   8.2
rune-pool                0.500 /   6.8           0.500 /   6.2           0.500 /   6.5           1.000 /   8.8           0.750 /   8.0           0.500 /   8.8           0.500 /   8.5           0.500 /   6.5           0.750 /   6.5           0.750 /   8.2           0.500 /   8.8           0.500 /   8.2           0.500 /   6.2           0.750 /   8.0           0.500 /  10.2           0.500 /   7.5
sword-pool               0.500 /   6.8           0.750 /   9.5           0.500 /   6.2           1.000 /   8.0           0.250 /   8.5           0.750 /   7.2           0.750 /   8.5           0.500 /   7.5           0.500 /   7.8           0.500 /   9.0           0.500 /   8.0           0.500 /   8.2           0.500 /   6.8           0.500 /   8.0           0.500 /   9.2           0.750 /   9.0

A win rate over decisive games, Wilson 95% [lo, hi]
                           abyss-p8rfn              abyss-pool          afnm-minatodao            basic-forest            basic-portal              basic-rune             dragon-pool            elf-neanisu2             forest-pool             portal-pool              ramp-37772           ramp-claywies            royal-nattui             rune-mach15               rune-pool              sword-pool
abyss-p8rfn       0.250 [0.046, 0.699]    1.000 [0.510, 1.000]    0.000 [0.000, 0.490]    0.750 [0.301, 0.954]    1.000 [0.510, 1.000]    1.000 [0.510, 1.000]    1.000 [0.510, 1.000]    0.750 [0.301, 0.954]    0.500 [0.150, 0.850]    1.000 [0.510, 1.000]    0.000 [0.000, 0.490]    0.500 [0.150, 0.850]    0.750 [0.301, 0.954]    0.750 [0.301, 0.954]    1.000 [0.510, 1.000]    0.500 [0.150, 0.850]
abyss-pool        0.000 [0.000, 0.490]    0.250 [0.046, 0.699]    0.250 [0.046, 0.699]    0.500 [0.150, 0.850]    0.750 [0.301, 0.954]    1.000 [0.510, 1.000]    0.500 [0.150, 0.850]    0.250 [0.046, 0.699]    0.500 [0.150, 0.850]    1.000 [0.510, 1.000]    0.000 [0.000, 0.490]    0.000 [0.000, 0.490]    0.000 [0.000, 0.490]    0.000 [0.000, 0.490]    0.750 [0.301, 0.954]    0.000 [0.000, 0.490]
afnm-minatodao    0.500 [0.150, 0.850]    1.000 [0.510, 1.000]    0.750 [0.301, 0.954]    1.000 [0.510, 1.000]    1.000 [0.510, 1.000]    1.000 [0.510, 1.000]    1.000 [0.510, 1.000]    0.500 [0.150, 0.850]    0.750 [0.301, 0.954]    1.000 [0.510, 1.000]    0.500 [0.150, 0.850]    0.750 [0.301, 0.954]    0.250 [0.046, 0.699]    0.750 [0.301, 0.954]    1.000 [0.510, 1.000]    0.500 [0.150, 0.850]
basic-forest      0.000 [0.000, 0.490]    0.000 [0.000, 0.490]    0.000 [0.000, 0.490]    0.250 [0.046, 0.699]    0.500 [0.150, 0.850]    0.250 [0.046, 0.699]    0.000 [0.000, 0.490]    0.000 [0.000, 0.490]    0.000 [0.000, 0.490]    0.250 [0.046, 0.699]    0.250 [0.046, 0.699]    0.250 [0.046, 0.699]    0.000 [0.000, 0.490]    0.000 [0.000, 0.490]    0.500 [0.150, 0.850]    0.000 [0.000, 0.490]
basic-portal      0.000 [0.000, 0.490]    0.000 [0.000, 0.490]    0.000 [0.000, 0.490]    0.500 [0.150, 0.850]    0.250 [0.046, 0.699]    0.500 [0.150, 0.850]    0.250 [0.046, 0.699]    0.000 [0.000, 0.490]    0.000 [0.000, 0.490]    0.500 [0.150, 0.850]    0.000 [0.000, 0.490]    0.000 [0.000, 0.490]    0.000 [0.000, 0.490]    0.000 [0.000, 0.490]    0.000 [0.000, 0.490]    0.000 [0.000, 0.490]
basic-rune        0.000 [0.000, 0.490]    0.000 [0.000, 0.490]    0.000 [0.000, 0.490]    0.000 [0.000, 0.490]    0.000 [0.000, 0.490]    0.250 [0.046, 0.699]    0.000 [0.000, 0.490]    0.000 [0.000, 0.490]    0.000 [0.000, 0.490]    0.250 [0.046, 0.699]    0.000 [0.000, 0.490]    0.000 [0.000, 0.490]    0.000 [0.000, 0.490]    0.000 [0.000, 0.490]    0.000 [0.000, 0.490]    0.000 [0.000, 0.490]
dragon-pool       0.000 [0.000, 0.490]    0.250 [0.046, 0.699]    0.000 [0.000, 0.490]    0.750 [0.301, 0.954]    0.250 [0.046, 0.699]    1.000 [0.510, 1.000]    0.250 [0.046, 0.699]    0.000 [0.000, 0.490]    0.250 [0.046, 0.699]    0.250 [0.046, 0.699]    0.000 [0.000, 0.490]    0.250 [0.046, 0.699]    0.000 [0.000, 0.490]    0.000 [0.000, 0.490]    0.750 [0.301, 0.954]    0.000 [0.000, 0.490]
elf-neanisu2      0.500 [0.150, 0.850]    0.000 [0.000, 0.490]    0.000 [0.000, 0.490]    0.750 [0.301, 0.954]    0.750 [0.301, 0.954]    1.000 [0.510, 1.000]    1.000 [0.510, 1.000]    0.500 [0.150, 0.850]    0.000 [0.000, 0.490]    1.000 [0.510, 1.000]    0.250 [0.046, 0.699]    1.000 [0.510, 1.000]    0.750 [0.301, 0.954]    0.750 [0.301, 0.954]    1.000 [0.510, 1.000]    0.500 [0.150, 0.850]
forest-pool       0.000 [0.000, 0.490]    0.250 [0.046, 0.699]    0.000 [0.000, 0.490]    0.750 [0.301, 0.954]    0.750 [0.301, 0.954]    1.000 [0.510, 1.000]    0.250 [0.046, 0.699]    0.000 [0.000, 0.490]    0.500 [0.150, 0.850]    0.500 [0.150, 0.850]    0.000 [0.000, 0.490]    0.000 [0.000, 0.490]    0.000 [0.000, 0.490]    0.500 [0.150, 0.850]    1.000 [0.510, 1.000]    0.500 [0.150, 0.850]
portal-pool       0.000 [0.000, 0.490]    0.000 [0.000, 0.490]    0.000 [0.000, 0.490]    1.000 [0.510, 1.000]    0.000 [0.000, 0.490]    1.000 [0.510, 1.000]    0.250 [0.046, 0.699]    0.250 [0.046, 0.699]    0.000 [0.000, 0.490]    0.250 [0.046, 0.699]    0.000 [0.000, 0.490]    0.000 [0.000, 0.490]    0.000 [0.000, 0.490]    0.000 [0.000, 0.490]    0.500 [0.150, 0.850]    0.000 [0.000, 0.490]
ramp-37772        0.000 [0.000, 0.490]    0.500 [0.150, 0.850]    0.000 [0.000, 0.490]    0.500 [0.150, 0.850]    0.750 [0.301, 0.954]    0.750 [0.301, 0.954]    0.250 [0.046, 0.699]    0.250 [0.046, 0.699]    0.000 [0.000, 0.490]    0.500 [0.150, 0.850]    0.250 [0.046, 0.699]    0.000 [0.000, 0.490]    0.000 [0.000, 0.490]    0.250 [0.046, 0.699]    0.750 [0.301, 0.954]    0.250 [0.046, 0.699]
ramp-claywies     0.250 [0.046, 0.699]    0.750 [0.301, 0.954]    0.000 [0.000, 0.490]    1.000 [0.510, 1.000]    1.000 [0.510, 1.000]    0.750 [0.301, 0.954]    0.500 [0.150, 0.850]    0.250 [0.046, 0.699]    0.000 [0.000, 0.490]    0.500 [0.150, 0.850]    0.250 [0.046, 0.699]    0.250 [0.046, 0.699]    0.000 [0.000, 0.490]    0.750 [0.301, 0.954]    0.250 [0.046, 0.699]    0.500 [0.150, 0.850]
royal-nattui      0.000 [0.000, 0.490]    0.500 [0.150, 0.850]    0.000 [0.000, 0.490]    1.000 [0.510, 1.000]    1.000 [0.510, 1.000]    1.000 [0.510, 1.000]    1.000 [0.510, 1.000]    0.500 [0.150, 0.850]    1.000 [0.510, 1.000]    1.000 [0.510, 1.000]    0.750 [0.301, 0.954]    0.500 [0.150, 0.850]    0.000 [0.000, 0.490]    0.250 [0.046, 0.699]    1.000 [0.510, 1.000]    0.500 [0.150, 0.850]
rune-mach15       0.250 [0.046, 0.699]    0.000 [0.000, 0.490]    0.000 [0.000, 0.490]    0.750 [0.301, 0.954]    0.750 [0.301, 0.954]    1.000 [0.510, 1.000]    0.250 [0.046, 0.699]    0.250 [0.046, 0.699]    0.250 [0.046, 0.699]    0.750 [0.301, 0.954]    0.250 [0.046, 0.699]    0.250 [0.046, 0.699]    0.000 [0.000, 0.490]    0.500 [0.150, 0.850]    1.000 [0.510, 1.000]    0.750 [0.301, 0.954]
rune-pool         0.000 [0.000, 0.490]    0.000 [0.000, 0.490]    0.000 [0.000, 0.490]    0.500 [0.150, 0.850]    0.250 [0.046, 0.699]    1.000 [0.510, 1.000]    0.000 [0.000, 0.490]    0.000 [0.000, 0.490]    0.250 [0.046, 0.699]    0.250 [0.046, 0.699]    0.000 [0.000, 0.490]    0.000 [0.000, 0.490]    0.000 [0.000, 0.490]    0.250 [0.046, 0.699]    0.000 [0.000, 0.490]    0.000 [0.000, 0.490]
sword-pool        0.000 [0.000, 0.490]    0.750 [0.301, 0.954]    0.000 [0.000, 0.490]    0.500 [0.150, 0.850]    0.750 [0.301, 0.954]    0.750 [0.301, 0.954]    0.750 [0.301, 0.954]    0.000 [0.000, 0.490]    0.000 [0.000, 0.490]    1.000 [0.510, 1.000]    0.000 [0.000, 0.490]    0.000 [0.000, 0.490]    0.000 [0.000, 0.490]    0.000 [0.000, 0.490]    1.000 [0.510, 1.000]    0.250 [0.046, 0.699]

=== summary ===
h0:odepth=1 vs h0
games: 1024  decisive: 1024  draws: 0
policy_a win rate: 0.366 [0.337, 0.396]
first-player win rate: 0.536
mean turns: 7.69  mean actions: 68.31
end: lethal=1024 deckout=0 turn_cap=0 action_cap=0 no_legal=0 illegal=0
375.185s  2.73 games/s  cpus=28
per deck:
  abyss-p8rfn: policy_a (row) 0.672  policy_b (col) 0.891
  abyss-pool: policy_a (row) 0.359  policy_b (col) 0.672
  afnm-minatodao: policy_a (row) 0.766  policy_b (col) 0.938
  basic-forest: policy_a (row) 0.141  policy_b (col) 0.344
  basic-portal: policy_a (row) 0.125  policy_b (col) 0.391
  basic-rune: policy_a (row) 0.031  policy_b (col) 0.172
  dragon-pool: policy_a (row) 0.250  policy_b (col) 0.547
  elf-neanisu2: policy_a (row) 0.609  policy_b (col) 0.781
  forest-pool: policy_a (row) 0.375  policy_b (col) 0.750
  portal-pool: policy_a (row) 0.203  policy_b (col) 0.375
  ramp-37772: policy_a (row) 0.312  policy_b (col) 0.844
  ramp-claywies: policy_a (row) 0.438  policy_b (col) 0.766
  royal-nattui: policy_a (row) 0.625  policy_b (col) 0.891
  rune-mach15: policy_a (row) 0.438  policy_b (col) 0.703
  rune-pool: policy_a (row) 0.156  policy_b (col) 0.344
  sword-pool: policy_a (row) 0.359  policy_b (col) 0.734

1024 games in 375.185s (2.7 games/s)
wrote C:\Users\agban\projects\arena\results\sweep5\c03-screen.json
