matchup: 16 decks × 4 games = 1024 games (seed=6, policy_a=h0:osteps=6, policy_b=h0, first=alternate, threads=None)
Win rate (row = A, col = B; cell = A's win rate)
                           abyss-p8rfn              abyss-pool          afnm-minatodao            basic-forest            basic-portal              basic-rune             dragon-pool            elf-neanisu2             forest-pool             portal-pool              ramp-37772           ramp-claywies            royal-nattui             rune-mach15               rune-pool              sword-pool
abyss-p8rfn                      1.000                   1.000                   0.000                   1.000                   1.000                   1.000                   0.750                   1.000                   0.750                   1.000                   0.750                   0.750                   0.750                   1.000                   1.000                   0.750
abyss-pool                       0.000                   0.500                   0.000                   0.500                   1.000                   1.000                   0.750                   0.250                   0.250                   1.000                   0.250                   0.250                   0.000                   0.000                   1.000                   0.250
afnm-minatodao                   1.000                   1.000                   0.750                   1.000                   1.000                   1.000                   1.000                   0.750                   1.000                   1.000                   1.000                   0.750                   1.000                   1.000                   1.000                   1.000
basic-forest                     0.000                   0.500                   0.000                   0.250                   1.000                   0.250                   0.250                   0.000                   0.250                   0.000                   0.000                   0.000                   0.250                   0.000                   0.500                   0.000
basic-portal                     0.000                   0.500                   0.000                   0.500                   1.000                   0.500                   0.000                   0.000                   0.000                   0.500                   0.000                   0.000                   0.250                   0.000                   0.250                   0.000
basic-rune                       0.000                   0.000                   0.000                   0.250                   0.250                   0.750                   0.000                   0.000                   0.000                   0.000                   0.250                   0.000                   0.000                   0.250                   0.250                   0.250
dragon-pool                      0.000                   0.750                   0.000                   1.000                   1.000                   1.000                   0.500                   0.000                   0.500                   0.500                   0.500                   0.250                   0.000                   0.500                   0.500                   0.000
elf-neanisu2                     0.250                   1.000                   0.250                   0.750                   1.000                   1.000                   1.000                   0.750                   0.500                   1.000                   0.500                   1.000                   1.000                   1.000                   1.000                   0.500
forest-pool                      0.000                   0.500                   0.250                   1.000                   1.000                   1.000                   0.250                   0.000                   0.500                   0.750                   0.750                   0.250                   0.250                   0.500                   1.000                   0.500
portal-pool                      0.000                   0.000                   0.000                   0.500                   0.500                   0.500                   0.000                   0.000                   0.250                   0.750                   0.000                   0.500                   0.000                   0.000                   0.750                   0.250
ramp-37772                       0.500                   1.000                   0.250                   1.000                   1.000                   1.000                   0.750                   1.000                   0.750                   1.000                   0.500                   0.500                   0.500                   0.500                   0.750                   1.000
ramp-claywies                    0.750                   0.750                   0.500                   1.000                   1.000                   1.000                   0.250                   0.000                   0.250                   0.750                   0.250                   0.250                   0.750                   0.750                   0.750                   0.750
royal-nattui                     0.500                   0.750                   0.250                   1.000                   1.000                   1.000                   1.000                   1.000                   0.750                   1.000                   1.000                   0.500                   0.500                   0.750                   1.000                   1.000
rune-mach15                      0.000                   0.500                   0.000                   1.000                   1.000                   0.750                   0.750                   0.250                   0.250                   1.000                   0.500                   0.500                   0.500                   0.500                   0.750                   0.500
rune-pool                        0.000                   0.250                   0.000                   0.000                   0.750                   1.000                   0.000                   0.000                   0.250                   0.500                   0.000                   0.000                   0.000                   0.500                   0.500                   0.000
sword-pool                       0.250                   1.000                   0.000                   1.000                   0.750                   0.750                   0.750                   0.000                   0.750                   0.750                   0.250                   0.000                   0.500                   0.250                   1.000                   0.250

First-player win rate / mean turns
                           abyss-p8rfn              abyss-pool          afnm-minatodao            basic-forest            basic-portal              basic-rune             dragon-pool            elf-neanisu2             forest-pool             portal-pool              ramp-37772           ramp-claywies            royal-nattui             rune-mach15               rune-pool              sword-pool
abyss-p8rfn              0.500 /   8.5           0.500 /   7.8           0.500 /   8.2           0.500 /   9.0           0.500 /   7.0           0.500 /   6.5           0.750 /   8.0           0.500 /   8.5           0.750 /   9.5           0.500 /   8.2           0.750 /   9.2           0.250 /   7.0           0.250 /   7.0           0.500 /   8.2           0.500 /   7.0           0.750 /   8.5
abyss-pool               0.500 /   7.2           1.000 /   8.8           0.500 /   8.0           0.500 /   9.2           0.500 /   8.5           0.500 /   6.0           0.250 /   7.2           0.250 /   8.5           0.250 /  10.0           0.500 /   8.2           0.750 /   8.2           0.250 /   8.2           0.500 /   7.5           0.500 /   8.0           0.500 /   7.2           0.750 /   9.8
afnm-minatodao           0.500 /   6.5           0.500 /   7.5           0.750 /   7.2           0.500 /   6.8           0.500 /   6.5           0.500 /   6.5           0.500 /   8.0           0.250 /   7.8           0.500 /   8.5           0.500 /   6.8           0.500 /   8.5           0.250 /   8.5           0.500 /   8.5           0.500 /   7.8           0.500 /   7.0           0.500 /   6.8
basic-forest             0.500 /   8.0           0.500 /   8.0           0.500 /   7.0           0.750 /   9.2           0.500 /   8.2           0.250 /   7.8           0.250 /   7.2           0.500 /   7.0           0.750 /   9.0           0.500 /   9.5           0.500 /   8.2           0.500 /   6.8           0.750 /   9.0           0.500 /   8.0           0.000 /  10.0           0.500 /   9.0
basic-portal             0.500 /   8.0           0.500 /   8.5           0.500 /   6.8           0.000 /   7.5           0.500 /   8.2           0.500 /   7.8           0.500 /   8.5           0.500 /   7.0           0.500 /   9.0           0.500 /  10.0           0.500 /   8.2           0.500 /   8.0           0.250 /   7.5           0.500 /   6.5           0.750 /  12.0           0.500 /   7.0
basic-rune               0.500 /   7.0           0.500 /   7.0           0.500 /   6.2           0.750 /   8.5           0.750 /   8.0           0.250 /   7.5           0.500 /   8.5           0.500 /   6.2           0.500 /   8.5           0.500 /   6.8           0.750 /   7.5           0.500 /   7.2           0.500 /   6.8           0.250 /   7.5           0.750 /   8.5           0.250 /   7.2
dragon-pool              0.500 /   7.8           0.750 /   8.5           0.500 /   7.2           0.500 /   8.0           0.500 /   9.8           0.500 /   7.8           0.500 /   7.5           0.500 /   8.5           1.000 /   9.8           0.500 /   7.0           1.000 /   8.0           0.250 /   9.8           0.500 /   8.2           1.000 /   9.2           1.000 /  10.0           0.500 /   9.0
elf-neanisu2             0.250 /   9.0           0.500 /   7.5           0.750 /   9.0           0.750 /   7.8           0.500 /   7.8           0.500 /   6.5           0.500 /   9.0           0.750 /   8.8           0.000 /   7.2           0.500 /   8.0           0.500 /   9.8           0.500 /   7.0           0.500 /  10.0           0.500 /   9.5           0.500 /   7.8           0.500 /  11.5
forest-pool              0.500 /   7.8           0.500 /   9.2           0.250 /   7.0           0.500 /   8.5           0.500 /   9.5           0.500 /   7.8           0.750 /   8.2           0.500 /   8.8           1.000 /  11.0           0.750 /   9.0           0.750 /   9.2           0.750 /   8.8           0.750 /   8.8           0.500 /   9.5           0.500 /   8.5           1.000 /   9.5
portal-pool              0.500 /   6.8           0.500 /   8.2           0.500 /   6.8           0.500 /   7.5           0.000 /   7.8           0.500 /   9.2           0.500 /   8.8           0.500 /   7.5           0.750 /   8.5           0.750 /   8.5           0.500 /   7.0           0.500 /   8.0           0.500 /   8.2           0.500 /   8.2           0.750 /  10.5           0.250 /   9.5
ramp-37772               0.500 /   8.5           0.500 /   9.0           0.250 /   9.0           0.500 /   8.2           0.500 /   9.5           0.500 /   8.8           0.250 /   7.5           0.500 /  10.5           0.250 /  10.2           0.500 /   8.0           0.500 /  13.2           0.000 /   6.8           0.500 /   9.0           0.000 /   8.0           0.750 /   9.5           0.500 /  11.0
ramp-claywies            0.250 /   7.8           0.250 /   9.0           0.500 /   8.5           0.500 /   8.8           0.500 /   7.5           0.500 /   8.0           0.750 /   8.5           0.500 /   7.8           0.750 /   7.8           0.250 /   7.0           0.750 /   8.5           0.250 /  10.8           0.250 /   7.8           0.750 /   8.5           0.750 /   7.8           0.750 /   7.2
royal-nattui             0.500 /   7.5           0.750 /   8.2           0.250 /   7.0           0.500 /   8.8           0.500 /   8.0           0.500 /   6.8           0.500 /   8.0           0.500 /  10.8           0.250 /   9.0           0.500 /   7.0           0.500 /   7.0           0.500 /   9.0           0.500 /   8.2           0.250 /   7.0           0.500 /   7.2           0.500 /   8.8
rune-mach15              0.500 /   7.8           0.500 /   9.8           0.500 /   7.2           0.500 /   8.2           0.500 /   8.0           0.250 /   7.2           0.750 /   7.2           0.750 /   6.5           0.750 /   9.8           0.500 /   8.2           0.500 /   9.0           0.500 /   7.5           1.000 /   7.8           1.000 /   9.2           0.250 /   7.5           1.000 /  11.0
rune-pool                0.500 /   6.5           0.750 /   8.8           0.500 /   7.8           0.500 /   7.8           0.750 /  11.8           0.500 /   8.0           0.500 /   8.5           0.500 /   7.0           0.750 /   8.5           1.000 /   9.8           0.500 /   8.0           0.500 /   7.2           0.500 /   8.5           0.500 /   8.2           0.000 /  14.2           0.500 /  10.2
sword-pool               0.750 /   8.2           0.500 /  11.5           0.500 /   7.2           0.500 /   8.8           0.750 /   9.0           0.750 /   7.0           0.750 /   9.0           0.500 /   7.2           0.750 /   9.8           0.750 /   9.2           0.750 /   9.0           0.500 /   8.2           1.000 /   8.8           0.750 /  11.2           0.500 /  12.8           0.250 /  10.0

A win rate over decisive games, Wilson 95% [lo, hi]
                           abyss-p8rfn              abyss-pool          afnm-minatodao            basic-forest            basic-portal              basic-rune             dragon-pool            elf-neanisu2             forest-pool             portal-pool              ramp-37772           ramp-claywies            royal-nattui             rune-mach15               rune-pool              sword-pool
abyss-p8rfn       1.000 [0.510, 1.000]    1.000 [0.510, 1.000]    0.000 [0.000, 0.490]    1.000 [0.510, 1.000]    1.000 [0.510, 1.000]    1.000 [0.510, 1.000]    0.750 [0.301, 0.954]    1.000 [0.510, 1.000]    0.750 [0.301, 0.954]    1.000 [0.510, 1.000]    0.750 [0.301, 0.954]    0.750 [0.301, 0.954]    0.750 [0.301, 0.954]    1.000 [0.510, 1.000]    1.000 [0.510, 1.000]    0.750 [0.301, 0.954]
abyss-pool        0.000 [0.000, 0.490]    0.500 [0.150, 0.850]    0.000 [0.000, 0.490]    0.500 [0.150, 0.850]    1.000 [0.510, 1.000]    1.000 [0.510, 1.000]    0.750 [0.301, 0.954]    0.250 [0.046, 0.699]    0.250 [0.046, 0.699]    1.000 [0.510, 1.000]    0.250 [0.046, 0.699]    0.250 [0.046, 0.699]    0.000 [0.000, 0.490]    0.000 [0.000, 0.490]    1.000 [0.510, 1.000]    0.250 [0.046, 0.699]
afnm-minatodao    1.000 [0.510, 1.000]    1.000 [0.510, 1.000]    0.750 [0.301, 0.954]    1.000 [0.510, 1.000]    1.000 [0.510, 1.000]    1.000 [0.510, 1.000]    1.000 [0.510, 1.000]    0.750 [0.301, 0.954]    1.000 [0.510, 1.000]    1.000 [0.510, 1.000]    1.000 [0.510, 1.000]    0.750 [0.301, 0.954]    1.000 [0.510, 1.000]    1.000 [0.510, 1.000]    1.000 [0.510, 1.000]    1.000 [0.510, 1.000]
basic-forest      0.000 [0.000, 0.490]    0.500 [0.150, 0.850]    0.000 [0.000, 0.490]    0.250 [0.046, 0.699]    1.000 [0.510, 1.000]    0.250 [0.046, 0.699]    0.250 [0.046, 0.699]    0.000 [0.000, 0.490]    0.250 [0.046, 0.699]    0.000 [0.000, 0.490]    0.000 [0.000, 0.490]    0.000 [0.000, 0.490]    0.250 [0.046, 0.699]    0.000 [0.000, 0.490]    0.500 [0.150, 0.850]    0.000 [0.000, 0.490]
basic-portal      0.000 [0.000, 0.490]    0.500 [0.150, 0.850]    0.000 [0.000, 0.490]    0.500 [0.150, 0.850]    1.000 [0.510, 1.000]    0.500 [0.150, 0.850]    0.000 [0.000, 0.490]    0.000 [0.000, 0.490]    0.000 [0.000, 0.490]    0.500 [0.150, 0.850]    0.000 [0.000, 0.490]    0.000 [0.000, 0.490]    0.250 [0.046, 0.699]    0.000 [0.000, 0.490]    0.250 [0.046, 0.699]    0.000 [0.000, 0.490]
basic-rune        0.000 [0.000, 0.490]    0.000 [0.000, 0.490]    0.000 [0.000, 0.490]    0.250 [0.046, 0.699]    0.250 [0.046, 0.699]    0.750 [0.301, 0.954]    0.000 [0.000, 0.490]    0.000 [0.000, 0.490]    0.000 [0.000, 0.490]    0.000 [0.000, 0.490]    0.250 [0.046, 0.699]    0.000 [0.000, 0.490]    0.000 [0.000, 0.490]    0.250 [0.046, 0.699]    0.250 [0.046, 0.699]    0.250 [0.046, 0.699]
dragon-pool       0.000 [0.000, 0.490]    0.750 [0.301, 0.954]    0.000 [0.000, 0.490]    1.000 [0.510, 1.000]    1.000 [0.510, 1.000]    1.000 [0.510, 1.000]    0.500 [0.150, 0.850]    0.000 [0.000, 0.490]    0.500 [0.150, 0.850]    0.500 [0.150, 0.850]    0.500 [0.150, 0.850]    0.250 [0.046, 0.699]    0.000 [0.000, 0.490]    0.500 [0.150, 0.850]    0.500 [0.150, 0.850]    0.000 [0.000, 0.490]
elf-neanisu2      0.250 [0.046, 0.699]    1.000 [0.510, 1.000]    0.250 [0.046, 0.699]    0.750 [0.301, 0.954]    1.000 [0.510, 1.000]    1.000 [0.510, 1.000]    1.000 [0.510, 1.000]    0.750 [0.301, 0.954]    0.500 [0.150, 0.850]    1.000 [0.510, 1.000]    0.500 [0.150, 0.850]    1.000 [0.510, 1.000]    1.000 [0.510, 1.000]    1.000 [0.510, 1.000]    1.000 [0.510, 1.000]    0.500 [0.150, 0.850]
forest-pool       0.000 [0.000, 0.490]    0.500 [0.150, 0.850]    0.250 [0.046, 0.699]    1.000 [0.510, 1.000]    1.000 [0.510, 1.000]    1.000 [0.510, 1.000]    0.250 [0.046, 0.699]    0.000 [0.000, 0.490]    0.500 [0.150, 0.850]    0.750 [0.301, 0.954]    0.750 [0.301, 0.954]    0.250 [0.046, 0.699]    0.250 [0.046, 0.699]    0.500 [0.150, 0.850]    1.000 [0.510, 1.000]    0.500 [0.150, 0.850]
portal-pool       0.000 [0.000, 0.490]    0.000 [0.000, 0.490]    0.000 [0.000, 0.490]    0.500 [0.150, 0.850]    0.500 [0.150, 0.850]    0.500 [0.150, 0.850]    0.000 [0.000, 0.490]    0.000 [0.000, 0.490]    0.250 [0.046, 0.699]    0.750 [0.301, 0.954]    0.000 [0.000, 0.490]    0.500 [0.150, 0.850]    0.000 [0.000, 0.490]    0.000 [0.000, 0.490]    0.750 [0.301, 0.954]    0.250 [0.046, 0.699]
ramp-37772        0.500 [0.150, 0.850]    1.000 [0.510, 1.000]    0.250 [0.046, 0.699]    1.000 [0.510, 1.000]    1.000 [0.510, 1.000]    1.000 [0.510, 1.000]    0.750 [0.301, 0.954]    1.000 [0.510, 1.000]    0.750 [0.301, 0.954]    1.000 [0.510, 1.000]    0.500 [0.150, 0.850]    0.500 [0.150, 0.850]    0.500 [0.150, 0.850]    0.500 [0.150, 0.850]    0.750 [0.301, 0.954]    1.000 [0.510, 1.000]
ramp-claywies     0.750 [0.301, 0.954]    0.750 [0.301, 0.954]    0.500 [0.150, 0.850]    1.000 [0.510, 1.000]    1.000 [0.510, 1.000]    1.000 [0.510, 1.000]    0.250 [0.046, 0.699]    0.000 [0.000, 0.490]    0.250 [0.046, 0.699]    0.750 [0.301, 0.954]    0.250 [0.046, 0.699]    0.250 [0.046, 0.699]    0.750 [0.301, 0.954]    0.750 [0.301, 0.954]    0.750 [0.301, 0.954]    0.750 [0.301, 0.954]
royal-nattui      0.500 [0.150, 0.850]    0.750 [0.301, 0.954]    0.250 [0.046, 0.699]    1.000 [0.510, 1.000]    1.000 [0.510, 1.000]    1.000 [0.510, 1.000]    1.000 [0.510, 1.000]    1.000 [0.510, 1.000]    0.750 [0.301, 0.954]    1.000 [0.510, 1.000]    1.000 [0.510, 1.000]    0.500 [0.150, 0.850]    0.500 [0.150, 0.850]    0.750 [0.301, 0.954]    1.000 [0.510, 1.000]    1.000 [0.510, 1.000]
rune-mach15       0.000 [0.000, 0.490]    0.500 [0.150, 0.850]    0.000 [0.000, 0.490]    1.000 [0.510, 1.000]    1.000 [0.510, 1.000]    0.750 [0.301, 0.954]    0.750 [0.301, 0.954]    0.250 [0.046, 0.699]    0.250 [0.046, 0.699]    1.000 [0.510, 1.000]    0.500 [0.150, 0.850]    0.500 [0.150, 0.850]    0.500 [0.150, 0.850]    0.500 [0.150, 0.850]    0.750 [0.301, 0.954]    0.500 [0.150, 0.850]
rune-pool         0.000 [0.000, 0.490]    0.250 [0.046, 0.699]    0.000 [0.000, 0.490]    0.000 [0.000, 0.490]    0.750 [0.301, 0.954]    1.000 [0.510, 1.000]    0.000 [0.000, 0.490]    0.000 [0.000, 0.490]    0.250 [0.046, 0.699]    0.500 [0.150, 0.850]    0.000 [0.000, 0.490]    0.000 [0.000, 0.490]    0.000 [0.000, 0.490]    0.500 [0.150, 0.850]    0.500 [0.150, 0.850]    0.000 [0.000, 0.490]
sword-pool        0.250 [0.046, 0.699]    1.000 [0.510, 1.000]    0.000 [0.000, 0.490]    1.000 [0.510, 1.000]    0.750 [0.301, 0.954]    0.750 [0.301, 0.954]    0.750 [0.301, 0.954]    0.000 [0.000, 0.490]    0.750 [0.301, 0.954]    0.750 [0.301, 0.954]    0.250 [0.046, 0.699]    0.000 [0.000, 0.490]    0.500 [0.150, 0.850]    0.250 [0.046, 0.699]    1.000 [0.510, 1.000]    0.250 [0.046, 0.699]

=== summary ===
h0:osteps=6 vs h0
games: 1024  decisive: 1024  draws: 0
policy_a win rate: 0.517 [0.486, 0.547]
first-player win rate: 0.526
mean turns: 8.32  mean actions: 75.80
end: lethal=1023 deckout=1 turn_cap=0 action_cap=0 no_legal=0 illegal=0
787.959s  1.30 games/s  cpus=28
per deck:
  abyss-p8rfn: policy_a (row) 0.844  policy_b (col) 0.734
  abyss-pool: policy_a (row) 0.438  policy_b (col) 0.375
  afnm-minatodao: policy_a (row) 0.953  policy_b (col) 0.859
  basic-forest: policy_a (row) 0.203  policy_b (col) 0.266
  basic-portal: policy_a (row) 0.219  policy_b (col) 0.109
  basic-rune: policy_a (row) 0.141  policy_b (col) 0.156
  dragon-pool: policy_a (row) 0.438  policy_b (col) 0.500
  elf-neanisu2: policy_a (row) 0.781  policy_b (col) 0.688
  forest-pool: policy_a (row) 0.531  policy_b (col) 0.562
  portal-pool: policy_a (row) 0.250  policy_b (col) 0.281
  ramp-37772: policy_a (row) 0.750  policy_b (col) 0.594
  ramp-claywies: policy_a (row) 0.609  policy_b (col) 0.656
  royal-nattui: policy_a (row) 0.812  policy_b (col) 0.609
  rune-mach15: policy_a (row) 0.547  policy_b (col) 0.531
  rune-pool: policy_a (row) 0.234  policy_b (col) 0.250
  sword-pool: policy_a (row) 0.516  policy_b (col) 0.562

1024 games in 787.959s (1.3 games/s)
wrote C:\Users\agban\projects\arena\results\sweep5\c06-screen.json
