pool: meta
decks: 16 (meta-abyss-aggro, meta-abyss-midrange, meta-dragon-aggro, meta-dragon-ramp, meta-forest-combo, meta-haven-amulet, meta-haven-evo, meta-haven-kukishiro, meta-portal-af, meta-portal-cutthroat, meta-portal-evo, meta-rune-crystal, meta-rune-spell, meta-rune-test-subject, meta-sword-loot, meta-sword-rally)
pairs: 256 (16 x 16, mirrors included)
games    16 games/pair x 256 =  4096
matchup: 16 decks × 16 games = 4096 games (seed=1, policy_a=h0:value=net,net=C:\Users\agban\projects\arena\results\net5-v1\linear.json, policy_b=h0:net=engine/models/h0-linear-v1.json, first=alternate, threads=None)
Win rate (row = A, col = B; cell = A's win rate)
                              meta-abyss-aggro     meta-abyss-midrange       meta-dragon-aggro        meta-dragon-ramp       meta-forest-combo       meta-haven-amulet          meta-haven-evo    meta-haven-kukishiro          meta-portal-af   meta-portal-cutthroat         meta-portal-evo       meta-rune-crystal         meta-rune-spell  meta-rune-test-subject         meta-sword-loot        meta-sword-rally
meta-abyss-aggro                         0.625                   0.500                   0.500                   0.875                   0.250                   0.812                   0.750                   0.625                   0.188                   0.375                   0.812                   0.500                   0.688                   0.375                   0.375                   0.438
meta-abyss-midrange                      0.688                   0.688                   0.562                   0.688                   0.812                   1.000                   0.375                   1.000                   0.688                   0.688                   0.812                   0.875                   0.688                   0.812                   0.625                   0.750
meta-dragon-aggro                        0.562                   0.312                   0.500                   0.812                   0.438                   0.812                   0.750                   0.625                   0.375                   0.875                   0.312                   0.875                   0.500                   0.375                   0.625                   0.500
meta-dragon-ramp                         0.125                   0.500                   0.312                   0.750                   0.312                   0.812                   0.438                   1.000                   0.500                   0.625                   0.312                   0.688                   0.500                   0.688                   0.562                   0.500
meta-forest-combo                        0.688                   0.250                   0.500                   0.438                   0.688                   0.812                   0.438                   0.875                   0.250                   0.625                   0.312                   0.875                   0.500                   0.312                   0.625                   0.188
meta-haven-amulet                        0.250                   0.312                   0.250                   0.438                   0.625                   0.500                   0.188                   0.875                   0.188                   0.438                   0.312                   0.562                   0.688                   0.438                   0.438                   0.250
meta-haven-evo                           0.375                   0.812                   0.438                   0.688                   0.938                   0.750                   0.500                   0.938                   0.688                   0.750                   0.562                   0.625                   0.875                   0.812                   0.562                   0.750
meta-haven-kukishiro                     0.188                   0.000                   0.312                   0.125                   0.250                   0.125                   0.000                   0.562                   0.000                   0.188                   0.062                   0.562                   0.188                   0.000                   0.062                   0.000
meta-portal-af                           0.625                   0.562                   0.375                   0.688                   0.688                   1.000                   0.438                   0.938                   0.562                   0.875                   0.438                   0.938                   0.812                   0.938                   0.875                   0.625
meta-portal-cutthroat                    0.500                   0.500                   0.625                   0.562                   0.688                   0.812                   0.312                   1.000                   0.500                   0.500                   0.562                   0.750                   0.688                   0.688                   0.375                   0.625
meta-portal-evo                          0.625                   0.500                   0.625                   0.562                   0.750                   0.938                   0.250                   1.000                   0.562                   0.812                   0.562                   0.750                   0.938                   0.875                   0.562                   0.625
meta-rune-crystal                        0.250                   0.250                   0.500                   0.375                   0.375                   0.562                   0.438                   0.812                   0.000                   0.438                   0.125                   0.688                   0.312                   0.438                   0.250                   0.125
meta-rune-spell                          0.500                   0.500                   0.438                   0.438                   0.438                   0.688                   0.562                   0.938                   0.312                   0.375                   0.250                   0.812                   0.562                   0.625                   0.250                   0.375
meta-rune-test-subject                   0.375                   0.188                   0.688                   0.562                   0.812                   0.875                   0.438                   1.000                   0.375                   0.562                   0.188                   0.750                   0.688                   0.500                   0.562                   0.250
meta-sword-loot                          0.812                   0.500                   0.375                   0.562                   0.500                   0.562                   0.500                   0.812                   0.125                   0.375                   0.188                   0.875                   0.812                   0.500                   0.438                   0.125
meta-sword-rally                         0.812                   0.312                   0.562                   0.562                   0.812                   0.875                   0.625                   1.000                   0.500                   0.875                   0.562                   1.000                   0.938                   0.812                   0.562                   0.500

First-player win rate / mean turns
                              meta-abyss-aggro     meta-abyss-midrange       meta-dragon-aggro        meta-dragon-ramp       meta-forest-combo       meta-haven-amulet          meta-haven-evo    meta-haven-kukishiro          meta-portal-af   meta-portal-cutthroat         meta-portal-evo       meta-rune-crystal         meta-rune-spell  meta-rune-test-subject         meta-sword-loot        meta-sword-rally
meta-abyss-aggro                 0.500 /   6.9           0.625 /   7.3           0.375 /   6.4           0.500 /   6.4           0.750 /   7.0           0.562 /   6.9           0.375 /   6.8           0.500 /   8.5           0.438 /   7.2           0.625 /   7.5           0.562 /   6.9           0.500 /   7.6           0.438 /   6.4           0.250 /   6.7           0.375 /   7.2           0.438 /   6.6
meta-abyss-midrange              0.312 /   6.7           0.438 /   8.6           0.438 /   7.3           0.812 /   7.2           0.562 /   8.4           0.500 /   9.1           0.625 /   8.6           0.500 /   7.7           0.688 /   9.0           0.438 /   8.0           0.438 /   8.2           0.625 /   8.0           0.688 /   7.8           0.688 /   8.2           0.375 /   7.6           0.500 /   8.1
meta-dragon-aggro                0.562 /   6.7           0.438 /   7.6           0.500 /   7.0           0.562 /   6.9           0.438 /   7.6           0.562 /   7.4           0.625 /   6.9           0.500 /   8.7           0.375 /   7.6           0.500 /   7.4           0.562 /   7.6           0.500 /   7.4           0.500 /   7.0           0.375 /   8.1           0.500 /   7.6           0.625 /   7.1
meta-dragon-ramp                 0.625 /   6.0           0.625 /   8.9           0.438 /   7.4           0.750 /  10.3           0.438 /   8.1           0.562 /  10.1           0.312 /   9.5           0.500 /  11.1           0.625 /   9.2           0.500 /   8.5           0.562 /   7.9           0.562 /   7.3           0.500 /   7.8           0.688 /   8.6           0.562 /   8.8           0.500 /   8.9
meta-forest-combo                0.688 /   7.8           0.375 /   8.5           0.500 /   7.7           0.438 /   8.4           0.688 /   9.2           0.438 /   9.0           0.312 /   8.7           0.625 /  11.9           0.500 /   8.5           0.625 /   8.9           0.562 /   8.6           0.375 /   8.9           0.500 /   8.0           0.688 /   8.8           0.500 /   8.9           0.438 /   8.8
meta-haven-amulet                0.625 /   7.0           0.438 /   9.9           0.375 /   7.8           0.562 /  12.3           0.500 /  10.9           0.500 /  15.4           0.312 /  11.8           0.500 /  13.9           0.562 /  11.9           0.562 /  11.1           0.438 /  10.4           0.438 /  10.4           0.562 /  11.6           0.688 /   9.5           0.562 /   9.7           0.500 /  10.6
meta-haven-evo                   0.625 /   7.4           0.562 /   8.7           0.438 /   7.8           0.562 /  11.4           0.562 /  10.1           0.625 /  12.3           0.625 /  11.0           0.562 /  10.2           0.812 /   9.5           0.625 /   9.6           0.688 /   9.9           0.625 /   8.8           0.500 /   9.7           0.562 /   9.0           0.562 /   9.3           0.750 /   9.0
meta-haven-kukishiro             0.562 /   8.4           0.500 /   8.6           0.688 /   9.4           0.625 /  10.0           0.625 /  11.1           0.625 /  13.8           0.500 /   9.7           0.562 /  17.3           0.500 /   8.8           0.562 /  10.9           0.562 /   8.8           0.562 /  12.9           0.438 /  10.2           0.500 /   9.3           0.562 /  11.1           0.500 /   7.9
meta-portal-af                   0.375 /   7.2           0.438 /   9.6           0.250 /   7.2           0.688 /   9.1           0.562 /   8.7           0.500 /   8.3           0.562 /   9.2           0.562 /   9.0           0.562 /   9.2           0.375 /   8.4           0.688 /   9.3           0.562 /   8.2           0.688 /   8.1           0.562 /   8.2           0.375 /   7.9           0.500 /   8.2
meta-portal-cutthroat            0.375 /   7.5           0.500 /   8.8           0.500 /   7.6           0.688 /   8.9           0.438 /   9.2           0.562 /   9.4           0.438 /   9.1           0.500 /   8.9           0.625 /   9.1           0.750 /   9.5           0.562 /   9.6           0.375 /   9.6           0.562 /   9.0           0.312 /   8.8           0.500 /   8.9           0.750 /   8.8
meta-portal-evo                  0.625 /   7.8           0.500 /   8.5           0.375 /   7.2           0.688 /   8.4           0.625 /   8.5           0.562 /   8.6           0.625 /   9.1           0.500 /   9.0           0.562 /   9.1           0.688 /   8.3           0.562 /   9.6           0.375 /   7.9           0.438 /   8.2           0.375 /   7.8           0.688 /   8.4           0.375 /   8.4
meta-rune-crystal                0.625 /   6.9           0.625 /   7.6           0.375 /   7.6           0.375 /   7.9           0.375 /   8.3           0.688 /   9.1           0.438 /   8.7           0.438 /  10.1           0.500 /   7.9           0.438 /   8.2           0.500 /   8.6           0.562 /   8.7           0.562 /   8.1           0.438 /   7.9           0.500 /   9.1           0.500 /   7.9
meta-rune-spell                  0.250 /   6.2           0.250 /   7.6           0.312 /   6.8           0.438 /   9.2           0.562 /   7.7           0.562 /   9.5           0.562 /   8.8           0.438 /   9.9           0.438 /   8.1           0.375 /   8.6           0.625 /   8.8           0.562 /   7.7           0.438 /   8.4           0.750 /   8.1           0.625 /   8.5           0.625 /   8.4
meta-rune-test-subject           0.375 /   7.2           0.438 /   7.9           0.312 /   7.9           0.562 /   8.6           0.562 /   8.5           0.625 /   9.9           0.562 /   9.4           0.500 /   9.7           0.500 /   8.3           0.312 /   8.1           0.688 /   8.6           0.625 /   7.7           0.562 /   9.0           0.625 /   8.4           0.562 /   7.7           0.625 /   8.5
meta-sword-loot                  0.562 /   7.6           0.500 /   7.7           0.500 /   7.8           0.688 /   8.2           0.625 /   8.6           0.438 /   9.9           0.750 /   7.6           0.438 /   8.8           0.500 /   8.1           0.375 /   8.1           0.688 /   8.4           0.500 /   8.1           0.438 /   7.8           0.500 /   7.9           0.438 /   7.8           0.500 /   7.4
meta-sword-rally                 0.312 /   7.3           0.688 /   8.3           0.438 /   7.3           0.562 /   7.9           0.688 /   8.4           0.500 /   8.7           0.625 /   8.6           0.500 /   8.2           0.625 /   9.1           0.500 /   8.3           0.562 /   8.1           0.500 /   7.4           0.562 /   7.5           0.562 /   8.1           0.438 /   7.5           0.375 /   8.1

A win rate over decisive games, Wilson 95% [lo, hi]
                              meta-abyss-aggro     meta-abyss-midrange       meta-dragon-aggro        meta-dragon-ramp       meta-forest-combo       meta-haven-amulet          meta-haven-evo    meta-haven-kukishiro          meta-portal-af   meta-portal-cutthroat         meta-portal-evo       meta-rune-crystal         meta-rune-spell  meta-rune-test-subject         meta-sword-loot        meta-sword-rally
meta-abyss-aggro          0.625 [0.386, 0.815]    0.500 [0.280, 0.720]    0.500 [0.280, 0.720]    0.875 [0.640, 0.965]    0.250 [0.102, 0.495]    0.812 [0.570, 0.934]    0.750 [0.505, 0.898]    0.625 [0.386, 0.815]    0.188 [0.066, 0.430]    0.375 [0.185, 0.614]    0.812 [0.570, 0.934]    0.500 [0.280, 0.720]    0.688 [0.444, 0.858]    0.375 [0.185, 0.614]    0.375 [0.185, 0.614]    0.438 [0.231, 0.668]
meta-abyss-midrange       0.688 [0.444, 0.858]    0.688 [0.444, 0.858]    0.562 [0.332, 0.769]    0.688 [0.444, 0.858]    0.812 [0.570, 0.934]    1.000 [0.806, 1.000]    0.375 [0.185, 0.614]    1.000 [0.806, 1.000]    0.688 [0.444, 0.858]    0.688 [0.444, 0.858]    0.812 [0.570, 0.934]    0.875 [0.640, 0.965]    0.688 [0.444, 0.858]    0.812 [0.570, 0.934]    0.625 [0.386, 0.815]    0.750 [0.505, 0.898]
meta-dragon-aggro         0.562 [0.332, 0.769]    0.312 [0.142, 0.556]    0.500 [0.280, 0.720]    0.812 [0.570, 0.934]    0.438 [0.231, 0.668]    0.812 [0.570, 0.934]    0.750 [0.505, 0.898]    0.625 [0.386, 0.815]    0.375 [0.185, 0.614]    0.875 [0.640, 0.965]    0.312 [0.142, 0.556]    0.875 [0.640, 0.965]    0.500 [0.280, 0.720]    0.375 [0.185, 0.614]    0.625 [0.386, 0.815]    0.500 [0.280, 0.720]
meta-dragon-ramp          0.125 [0.035, 0.360]    0.500 [0.280, 0.720]    0.312 [0.142, 0.556]    0.750 [0.505, 0.898]    0.312 [0.142, 0.556]    0.812 [0.570, 0.934]    0.438 [0.231, 0.668]    1.000 [0.806, 1.000]    0.500 [0.280, 0.720]    0.625 [0.386, 0.815]    0.312 [0.142, 0.556]    0.688 [0.444, 0.858]    0.500 [0.280, 0.720]    0.688 [0.444, 0.858]    0.562 [0.332, 0.769]    0.500 [0.280, 0.720]
meta-forest-combo         0.688 [0.444, 0.858]    0.250 [0.102, 0.495]    0.500 [0.280, 0.720]    0.438 [0.231, 0.668]    0.688 [0.444, 0.858]    0.812 [0.570, 0.934]    0.438 [0.231, 0.668]    0.875 [0.640, 0.965]    0.250 [0.102, 0.495]    0.625 [0.386, 0.815]    0.312 [0.142, 0.556]    0.875 [0.640, 0.965]    0.500 [0.280, 0.720]    0.312 [0.142, 0.556]    0.625 [0.386, 0.815]    0.188 [0.066, 0.430]
meta-haven-amulet         0.250 [0.102, 0.495]    0.312 [0.142, 0.556]    0.250 [0.102, 0.495]    0.438 [0.231, 0.668]    0.625 [0.386, 0.815]    0.500 [0.280, 0.720]    0.188 [0.066, 0.430]    0.875 [0.640, 0.965]    0.188 [0.066, 0.430]    0.438 [0.231, 0.668]    0.312 [0.142, 0.556]    0.562 [0.332, 0.769]    0.688 [0.444, 0.858]    0.438 [0.231, 0.668]    0.438 [0.231, 0.668]    0.250 [0.102, 0.495]
meta-haven-evo            0.375 [0.185, 0.614]    0.812 [0.570, 0.934]    0.438 [0.231, 0.668]    0.688 [0.444, 0.858]    0.938 [0.717, 0.989]    0.750 [0.505, 0.898]    0.500 [0.280, 0.720]    0.938 [0.717, 0.989]    0.688 [0.444, 0.858]    0.750 [0.505, 0.898]    0.562 [0.332, 0.769]    0.625 [0.386, 0.815]    0.875 [0.640, 0.965]    0.812 [0.570, 0.934]    0.562 [0.332, 0.769]    0.750 [0.505, 0.898]
meta-haven-kukishiro      0.188 [0.066, 0.430]    0.000 [0.000, 0.194]    0.312 [0.142, 0.556]    0.125 [0.035, 0.360]    0.250 [0.102, 0.495]    0.125 [0.035, 0.360]    0.000 [0.000, 0.194]    0.562 [0.332, 0.769]    0.000 [0.000, 0.194]    0.188 [0.066, 0.430]    0.062 [0.011, 0.283]    0.562 [0.332, 0.769]    0.188 [0.066, 0.430]    0.000 [0.000, 0.194]    0.062 [0.011, 0.283]    0.000 [0.000, 0.194]
meta-portal-af            0.625 [0.386, 0.815]    0.562 [0.332, 0.769]    0.375 [0.185, 0.614]    0.688 [0.444, 0.858]    0.688 [0.444, 0.858]    1.000 [0.806, 1.000]    0.438 [0.231, 0.668]    0.938 [0.717, 0.989]    0.562 [0.332, 0.769]    0.875 [0.640, 0.965]    0.438 [0.231, 0.668]    0.938 [0.717, 0.989]    0.812 [0.570, 0.934]    0.938 [0.717, 0.989]    0.875 [0.640, 0.965]    0.625 [0.386, 0.815]
meta-portal-cutthroat     0.500 [0.280, 0.720]    0.500 [0.280, 0.720]    0.625 [0.386, 0.815]    0.562 [0.332, 0.769]    0.688 [0.444, 0.858]    0.812 [0.570, 0.934]    0.312 [0.142, 0.556]    1.000 [0.806, 1.000]    0.500 [0.280, 0.720]    0.500 [0.280, 0.720]    0.562 [0.332, 0.769]    0.750 [0.505, 0.898]    0.688 [0.444, 0.858]    0.688 [0.444, 0.858]    0.375 [0.185, 0.614]    0.625 [0.386, 0.815]
meta-portal-evo           0.625 [0.386, 0.815]    0.500 [0.280, 0.720]    0.625 [0.386, 0.815]    0.562 [0.332, 0.769]    0.750 [0.505, 0.898]    0.938 [0.717, 0.989]    0.250 [0.102, 0.495]    1.000 [0.806, 1.000]    0.562 [0.332, 0.769]    0.812 [0.570, 0.934]    0.562 [0.332, 0.769]    0.750 [0.505, 0.898]    0.938 [0.717, 0.989]    0.875 [0.640, 0.965]    0.562 [0.332, 0.769]    0.625 [0.386, 0.815]
meta-rune-crystal         0.250 [0.102, 0.495]    0.250 [0.102, 0.495]    0.500 [0.280, 0.720]    0.375 [0.185, 0.614]    0.375 [0.185, 0.614]    0.562 [0.332, 0.769]    0.438 [0.231, 0.668]    0.812 [0.570, 0.934]    0.000 [0.000, 0.194]    0.438 [0.231, 0.668]    0.125 [0.035, 0.360]    0.688 [0.444, 0.858]    0.312 [0.142, 0.556]    0.438 [0.231, 0.668]    0.250 [0.102, 0.495]    0.125 [0.035, 0.360]
meta-rune-spell           0.500 [0.280, 0.720]    0.500 [0.280, 0.720]    0.438 [0.231, 0.668]    0.438 [0.231, 0.668]    0.438 [0.231, 0.668]    0.688 [0.444, 0.858]    0.562 [0.332, 0.769]    0.938 [0.717, 0.989]    0.312 [0.142, 0.556]    0.375 [0.185, 0.614]    0.250 [0.102, 0.495]    0.812 [0.570, 0.934]    0.562 [0.332, 0.769]    0.625 [0.386, 0.815]    0.250 [0.102, 0.495]    0.375 [0.185, 0.614]
meta-rune-test-subject    0.375 [0.185, 0.614]    0.188 [0.066, 0.430]    0.688 [0.444, 0.858]    0.562 [0.332, 0.769]    0.812 [0.570, 0.934]    0.875 [0.640, 0.965]    0.438 [0.231, 0.668]    1.000 [0.806, 1.000]    0.375 [0.185, 0.614]    0.562 [0.332, 0.769]    0.188 [0.066, 0.430]    0.750 [0.505, 0.898]    0.688 [0.444, 0.858]    0.500 [0.280, 0.720]    0.562 [0.332, 0.769]    0.250 [0.102, 0.495]
meta-sword-loot           0.812 [0.570, 0.934]    0.500 [0.280, 0.720]    0.375 [0.185, 0.614]    0.562 [0.332, 0.769]    0.500 [0.280, 0.720]    0.562 [0.332, 0.769]    0.500 [0.280, 0.720]    0.812 [0.570, 0.934]    0.125 [0.035, 0.360]    0.375 [0.185, 0.614]    0.188 [0.066, 0.430]    0.875 [0.640, 0.965]    0.812 [0.570, 0.934]    0.500 [0.280, 0.720]    0.438 [0.231, 0.668]    0.125 [0.035, 0.360]
meta-sword-rally          0.812 [0.570, 0.934]    0.312 [0.142, 0.556]    0.562 [0.332, 0.769]    0.562 [0.332, 0.769]    0.812 [0.570, 0.934]    0.875 [0.640, 0.965]    0.625 [0.386, 0.815]    1.000 [0.806, 1.000]    0.500 [0.280, 0.720]    0.875 [0.640, 0.965]    0.562 [0.332, 0.769]    1.000 [0.806, 1.000]    0.938 [0.717, 0.989]    0.812 [0.570, 0.934]    0.562 [0.332, 0.769]    0.500 [0.280, 0.720]

=== summary ===
h0:value=net,net=C:\Users\agban\projects\arena\results\net5-v1\linear.json vs h0:net=engine/models/h0-linear-v1.json
games: 4096  decisive: 4096  draws: 0
policy_a win rate: 0.552 [0.537, 0.567]
first-player win rate: 0.526
mean turns: 8.62  mean actions: 85.74
end: lethal=4049 deckout=47 turn_cap=0 action_cap=0 no_legal=0 illegal=0
2205.062s  1.86 games/s  cpus=28
per deck:
  meta-abyss-aggro: policy_a (row) 0.543  policy_b (col) 0.500
  meta-abyss-midrange: policy_a (row) 0.734  policy_b (col) 0.582
  meta-dragon-aggro: policy_a (row) 0.578  policy_b (col) 0.527
  meta-dragon-ramp: policy_a (row) 0.539  policy_b (col) 0.430
  meta-forest-combo: policy_a (row) 0.523  policy_b (col) 0.414
  meta-haven-amulet: policy_a (row) 0.422  policy_b (col) 0.254
  meta-haven-evo: policy_a (row) 0.691  policy_b (col) 0.562
  meta-haven-kukishiro: policy_a (row) 0.164  policy_b (col) 0.125
  meta-portal-af: policy_a (row) 0.711  policy_b (col) 0.637
  meta-portal-cutthroat: policy_a (row) 0.605  policy_b (col) 0.414
  meta-portal-evo: policy_a (row) 0.684  policy_b (col) 0.602
  meta-rune-crystal: policy_a (row) 0.371  policy_b (col) 0.242
  meta-rune-spell: policy_a (row) 0.504  policy_b (col) 0.352
  meta-rune-test-subject: policy_a (row) 0.551  policy_b (col) 0.426
  meta-sword-loot: policy_a (row) 0.504  policy_b (col) 0.516
  meta-sword-rally: policy_a (row) 0.707  policy_b (col) 0.586

4096 games in 2205.062s (1.9 games/s)
wrote C:\Users\agban\projects\arena\results\net5-v1\main-linear.json
