pool: meta
decks: 16 (meta-abyss-aggro, meta-abyss-midrange, meta-dragon-aggro, meta-dragon-ramp, meta-forest-combo, meta-haven-amulet, meta-haven-evo, meta-haven-kukishiro, meta-portal-af, meta-portal-cutthroat, meta-portal-evo, meta-rune-crystal, meta-rune-spell, meta-rune-test-subject, meta-sword-loot, meta-sword-rally)
pairs: 256 (16 x 16, mirrors included)
games     2 games/pair x 256 =   512
matchup: 16 decks × 2 games = 512 games (seed=1, policy_a=h0:net=results/sweep16/leaf-net6-e20.json, policy_b=h0, first=alternate, threads=None)
Win rate (row = A, col = B; cell = A's win rate)
                              meta-abyss-aggro     meta-abyss-midrange       meta-dragon-aggro        meta-dragon-ramp       meta-forest-combo       meta-haven-amulet          meta-haven-evo    meta-haven-kukishiro          meta-portal-af   meta-portal-cutthroat         meta-portal-evo       meta-rune-crystal         meta-rune-spell  meta-rune-test-subject         meta-sword-loot        meta-sword-rally
meta-abyss-aggro                         0.500                   1.000                   0.500                   1.000                   0.000                   1.000                   1.000                   1.000                   0.500                   0.000                   0.000                   0.500                   1.000                   0.500                   0.500                   1.000
meta-abyss-midrange                      1.000                   0.500                   0.000                   1.000                   0.500                   1.000                   1.000                   1.000                   0.000                   0.500                   1.000                   1.000                   0.500                   0.000                   0.000                   0.000
meta-dragon-aggro                        0.000                   0.000                   0.500                   1.000                   1.000                   0.500                   0.500                   1.000                   0.500                   0.000                   0.500                   0.000                   0.500                   0.500                   0.000                   0.500
meta-dragon-ramp                         0.500                   0.500                   0.000                   0.500                   0.500                   1.000                   0.500                   1.000                   0.000                   0.500                   0.000                   0.500                   0.000                   1.000                   1.000                   0.000
meta-forest-combo                        0.000                   0.000                   0.500                   1.000                   1.000                   0.500                   0.000                   0.500                   0.500                   1.000                   1.000                   1.000                   0.000                   0.500                   0.500                   0.000
meta-haven-amulet                        0.500                   0.500                   0.500                   0.500                   1.000                   1.000                   0.000                   1.000                   0.000                   0.000                   0.000                   0.000                   0.500                   0.000                   0.000                   0.000
meta-haven-evo                           0.500                   1.000                   0.500                   0.000                   0.500                   1.000                   0.500                   1.000                   1.000                   1.000                   1.000                   1.000                   0.500                   0.000                   1.000                   1.000
meta-haven-kukishiro                     0.500                   0.000                   1.000                   0.500                   0.500                   0.000                   0.000                   0.500                   0.000                   0.000                   0.000                   0.500                   0.000                   0.000                   0.000                   0.000
meta-portal-af                           0.500                   0.500                   1.000                   0.500                   0.500                   1.000                   0.000                   1.000                   1.000                   0.500                   0.000                   0.500                   0.000                   1.000                   0.500                   0.500
meta-portal-cutthroat                    0.500                   0.500                   0.500                   0.000                   1.000                   0.500                   0.000                   1.000                   1.000                   1.000                   0.000                   0.000                   1.000                   0.000                   0.500                   0.000
meta-portal-evo                          1.000                   1.000                   1.000                   1.000                   1.000                   1.000                   0.000                   1.000                   0.500                   1.000                   0.500                   0.500                   0.500                   1.000                   0.500                   0.500
meta-rune-crystal                        0.500                   0.000                   0.500                   0.500                   0.500                   1.000                   0.000                   1.000                   0.000                   0.000                   0.000                   0.500                   0.500                   0.500                   0.500                   0.500
meta-rune-spell                          0.500                   0.000                   1.000                   0.500                   0.500                   0.500                   0.500                   1.000                   0.500                   1.000                   0.000                   0.500                   0.500                   0.000                   0.000                   0.500
meta-rune-test-subject                   0.500                   0.000                   1.000                   0.000                   1.000                   0.500                   0.500                   1.000                   0.500                   1.000                   0.500                   1.000                   0.000                   0.500                   0.000                   0.000
meta-sword-loot                          1.000                   1.000                   0.500                   1.000                   0.000                   0.000                   0.000                   0.500                   0.000                   0.000                   0.500                   0.500                   1.000                   0.000                   0.500                   1.000
meta-sword-rally                         1.000                   1.000                   0.500                   0.500                   1.000                   0.000                   0.500                   1.000                   0.000                   1.000                   0.500                   0.000                   1.000                   0.000                   1.000                   0.000

First-player win rate / mean turns
                              meta-abyss-aggro     meta-abyss-midrange       meta-dragon-aggro        meta-dragon-ramp       meta-forest-combo       meta-haven-amulet          meta-haven-evo    meta-haven-kukishiro          meta-portal-af   meta-portal-cutthroat         meta-portal-evo       meta-rune-crystal         meta-rune-spell  meta-rune-test-subject         meta-sword-loot        meta-sword-rally
meta-abyss-aggro                 1.000 /   7.5           0.500 /   7.0           0.000 /   8.0           0.500 /   6.5           0.500 /   7.0           0.500 /   6.0           0.500 /   6.0           0.500 /   6.5           0.000 /   5.5           0.500 /  11.0           0.500 /   8.0           0.000 /   7.5           0.500 /   8.5           0.000 /   7.0           1.000 /   7.5           0.500 /   7.0
meta-abyss-midrange              0.500 /   6.5           1.000 /   9.5           0.500 /   6.0           0.500 /   6.0           1.000 /  10.5           0.500 /  10.0           0.500 /  10.0           0.500 /   9.0           0.500 /   8.5           1.000 /   9.0           0.500 /   9.5           0.500 /   7.0           1.000 /   8.5           0.500 /   8.0           0.500 /   7.5           0.500 /   8.0
meta-dragon-aggro                0.500 /   6.5           0.500 /  10.0           1.000 /   8.0           0.500 /   6.5           0.500 /   6.5           1.000 /  11.0           1.000 /   7.5           0.500 /   6.5           1.000 /   8.0           0.500 /   8.0           1.000 /   7.5           0.500 /   6.5           0.000 /   8.0           0.000 /   7.0           0.500 /   7.0           1.000 /   7.5
meta-dragon-ramp                 1.000 /   6.5           1.000 /   7.5           0.500 /   6.0           1.000 /  10.5           1.000 /  10.0           0.500 /   8.5           1.000 /  13.0           0.500 /   8.0           0.500 /   8.0           0.000 /   8.0           0.500 /   9.0           1.000 /   9.0           0.500 /  10.5           0.500 /   7.5           0.500 /   7.0           0.500 /   6.0
meta-forest-combo                0.500 /   6.0           0.500 /   9.0           1.000 /   7.5           0.500 /   7.0           0.500 /   8.0           1.000 /   8.0           0.500 /   8.5           1.000 /  10.5           0.000 /  10.0           0.500 /  11.0           0.500 /   6.5           0.500 /   9.0           0.500 /   7.5           1.000 /   9.5           0.000 /  10.0           0.500 /   7.5
meta-haven-amulet                1.000 /   8.0           0.000 /  11.5           0.000 /   9.0           0.000 /  13.0           0.500 /  10.5           0.500 /  13.5           0.500 /  12.0           0.500 /  14.0           0.500 /  11.0           0.500 /   8.5           0.500 /   6.5           0.500 /   8.0           1.000 /  10.0           0.500 /   7.0           0.500 /   8.5           0.500 /   6.0
meta-haven-evo                   1.000 /   8.0           0.500 /  10.0           1.000 /   7.5           0.500 /  10.5           1.000 /   7.5           0.500 /  13.0           1.000 /  11.0           0.500 /   9.0           0.500 /   9.0           0.500 /   9.0           0.500 /   9.5           0.500 /  10.0           1.000 /   7.5           0.500 /   6.5           0.500 /   9.5           0.500 /  10.0
meta-haven-kukishiro             0.000 /  10.0           0.500 /   8.0           0.500 /  13.5           1.000 /  12.0           1.000 /  15.0           0.500 /  14.0           0.500 /   9.5           1.000 /  17.5           0.500 /   9.5           0.500 /  13.5           0.500 /   8.5           1.000 /  10.0           0.500 /  10.5           0.500 /  10.5           0.500 /  10.0           0.500 /   9.5
meta-portal-af                   1.000 /   8.5           0.000 /   8.0           0.500 /   8.5           1.000 /   6.5           0.000 /   9.0           0.500 /  14.5           0.500 /  11.5           0.500 /   9.0           0.500 /  11.0           0.000 /  12.0           0.500 /  11.0           1.000 /   8.5           0.500 /   8.0           0.500 /  10.0           1.000 /   8.5           0.000 /   8.0
meta-portal-cutthroat            1.000 /   9.0           1.000 /   7.0           0.000 /   7.0           0.500 /  11.5           0.500 /  13.0           1.000 /   8.5           0.500 /  10.0           0.500 /   9.0           0.500 /   9.0           0.500 /   9.0           0.500 /   7.0           0.500 /   8.5           0.500 /  10.5           0.500 /   7.0           0.000 /   7.5           0.500 /   7.0
meta-portal-evo                  0.500 /   7.5           0.500 /   7.5           0.500 /   8.0           0.500 /   7.0           0.500 /   8.0           0.500 /   8.0           0.500 /  11.0           0.500 /  10.0           1.000 /   8.5           0.500 /   8.5           0.000 /   9.0           0.000 /   7.5           1.000 /   9.0           0.500 /   7.5           1.000 /   9.5           1.000 /  10.0
meta-rune-crystal                1.000 /   8.5           0.500 /   6.5           1.000 /   7.0           0.000 /  10.5           0.000 /   8.0           0.500 /   9.0           0.500 /  10.5           0.500 /   9.5           0.500 /   8.0           0.500 /   9.5           0.500 /   8.0           1.000 /   9.5           0.000 /   6.0           0.000 /   7.0           1.000 /   8.5           0.000 /   7.0
meta-rune-spell                  0.000 /   5.0           0.500 /   9.5           0.500 /   7.0           0.000 /   7.5           1.000 /  10.5           1.000 /  13.0           1.000 /   9.5           0.500 /   8.5           0.000 /   9.5           0.500 /   9.0           0.500 /   8.0           1.000 /   9.5           1.000 /   9.5           0.500 /   8.0           0.500 /   7.0           0.000 /   6.5
meta-rune-test-subject           1.000 /   9.0           0.500 /   7.5           0.500 /   7.5           0.500 /   8.5           0.500 /   6.5           1.000 /  13.5           0.000 /   8.0           0.500 /  10.5           1.000 /   9.5           0.500 /   7.5           0.000 /   8.0           0.500 /   7.0           0.500 /   9.0           1.000 /   7.5           0.500 /   6.5           0.500 /   8.0
meta-sword-loot                  0.500 /   8.0           0.500 /   7.0           0.000 /   7.0           0.500 /   6.5           0.500 /   7.5           0.500 /   9.0           0.500 /   8.0           1.000 /   8.5           0.500 /   7.5           0.500 /   8.0           1.000 /   8.5           0.000 /   8.5           0.500 /   9.0           0.500 /   7.5           1.000 /   8.5           0.500 /   7.0
meta-sword-rally                 0.500 /   7.5           0.500 /  10.0           0.000 /   7.5           0.000 /   9.0           0.500 /   8.0           0.500 /  10.0           0.000 /   6.5           0.500 /   8.5           0.500 /   9.5           0.500 /  10.0           0.000 /   6.5           0.500 /   6.5           0.500 /   8.5           0.500 /   7.5           0.500 /   7.5           0.500 /   7.5

A win rate over decisive games, Wilson 95% [lo, hi]
                              meta-abyss-aggro     meta-abyss-midrange       meta-dragon-aggro        meta-dragon-ramp       meta-forest-combo       meta-haven-amulet          meta-haven-evo    meta-haven-kukishiro          meta-portal-af   meta-portal-cutthroat         meta-portal-evo       meta-rune-crystal         meta-rune-spell  meta-rune-test-subject         meta-sword-loot        meta-sword-rally
meta-abyss-aggro          0.500 [0.095, 0.905]    1.000 [0.342, 1.000]    0.500 [0.095, 0.905]    1.000 [0.342, 1.000]    0.000 [0.000, 0.658]    1.000 [0.342, 1.000]    1.000 [0.342, 1.000]    1.000 [0.342, 1.000]    0.500 [0.095, 0.905]    0.000 [0.000, 0.658]    0.000 [0.000, 0.658]    0.500 [0.095, 0.905]    1.000 [0.342, 1.000]    0.500 [0.095, 0.905]    0.500 [0.095, 0.905]    1.000 [0.342, 1.000]
meta-abyss-midrange       1.000 [0.342, 1.000]    0.500 [0.095, 0.905]    0.000 [0.000, 0.658]    1.000 [0.342, 1.000]    0.500 [0.095, 0.905]    1.000 [0.342, 1.000]    1.000 [0.342, 1.000]    1.000 [0.342, 1.000]    0.000 [0.000, 0.658]    0.500 [0.095, 0.905]    1.000 [0.342, 1.000]    1.000 [0.342, 1.000]    0.500 [0.095, 0.905]    0.000 [0.000, 0.658]    0.000 [0.000, 0.658]    0.000 [0.000, 0.658]
meta-dragon-aggro         0.000 [0.000, 0.658]    0.000 [0.000, 0.658]    0.500 [0.095, 0.905]    1.000 [0.342, 1.000]    1.000 [0.342, 1.000]    0.500 [0.095, 0.905]    0.500 [0.095, 0.905]    1.000 [0.342, 1.000]    0.500 [0.095, 0.905]    0.000 [0.000, 0.658]    0.500 [0.095, 0.905]    0.000 [0.000, 0.658]    0.500 [0.095, 0.905]    0.500 [0.095, 0.905]    0.000 [0.000, 0.658]    0.500 [0.095, 0.905]
meta-dragon-ramp          0.500 [0.095, 0.905]    0.500 [0.095, 0.905]    0.000 [0.000, 0.658]    0.500 [0.095, 0.905]    0.500 [0.095, 0.905]    1.000 [0.342, 1.000]    0.500 [0.095, 0.905]    1.000 [0.342, 1.000]    0.000 [0.000, 0.658]    0.500 [0.095, 0.905]    0.000 [0.000, 0.658]    0.500 [0.095, 0.905]    0.000 [0.000, 0.658]    1.000 [0.342, 1.000]    1.000 [0.342, 1.000]    0.000 [0.000, 0.658]
meta-forest-combo         0.000 [0.000, 0.658]    0.000 [0.000, 0.658]    0.500 [0.095, 0.905]    1.000 [0.342, 1.000]    1.000 [0.342, 1.000]    0.500 [0.095, 0.905]    0.000 [0.000, 0.658]    0.500 [0.095, 0.905]    0.500 [0.095, 0.905]    1.000 [0.342, 1.000]    1.000 [0.342, 1.000]    1.000 [0.342, 1.000]    0.000 [0.000, 0.658]    0.500 [0.095, 0.905]    0.500 [0.095, 0.905]    0.000 [0.000, 0.658]
meta-haven-amulet         0.500 [0.095, 0.905]    0.500 [0.095, 0.905]    0.500 [0.095, 0.905]    0.500 [0.095, 0.905]    1.000 [0.342, 1.000]    1.000 [0.342, 1.000]    0.000 [0.000, 0.658]    1.000 [0.342, 1.000]    0.000 [0.000, 0.658]    0.000 [0.000, 0.658]    0.000 [0.000, 0.658]    0.000 [0.000, 0.658]    0.500 [0.095, 0.905]    0.000 [0.000, 0.658]    0.000 [0.000, 0.658]    0.000 [0.000, 0.658]
meta-haven-evo            0.500 [0.095, 0.905]    1.000 [0.342, 1.000]    0.500 [0.095, 0.905]    0.000 [0.000, 0.658]    0.500 [0.095, 0.905]    1.000 [0.342, 1.000]    0.500 [0.095, 0.905]    1.000 [0.342, 1.000]    1.000 [0.342, 1.000]    1.000 [0.342, 1.000]    1.000 [0.342, 1.000]    1.000 [0.342, 1.000]    0.500 [0.095, 0.905]    0.000 [0.000, 0.658]    1.000 [0.342, 1.000]    1.000 [0.342, 1.000]
meta-haven-kukishiro      0.500 [0.095, 0.905]    0.000 [0.000, 0.658]    1.000 [0.342, 1.000]    0.500 [0.095, 0.905]    0.500 [0.095, 0.905]    0.000 [0.000, 0.658]    0.000 [0.000, 0.658]    0.500 [0.095, 0.905]    0.000 [0.000, 0.658]    0.000 [0.000, 0.658]    0.000 [0.000, 0.658]    0.500 [0.095, 0.905]    0.000 [0.000, 0.658]    0.000 [0.000, 0.658]    0.000 [0.000, 0.658]    0.000 [0.000, 0.658]
meta-portal-af            0.500 [0.095, 0.905]    0.500 [0.095, 0.905]    1.000 [0.342, 1.000]    0.500 [0.095, 0.905]    0.500 [0.095, 0.905]    1.000 [0.342, 1.000]    0.000 [0.000, 0.658]    1.000 [0.342, 1.000]    1.000 [0.342, 1.000]    0.500 [0.095, 0.905]    0.000 [0.000, 0.658]    0.500 [0.095, 0.905]    0.000 [0.000, 0.658]    1.000 [0.342, 1.000]    0.500 [0.095, 0.905]    0.500 [0.095, 0.905]
meta-portal-cutthroat     0.500 [0.095, 0.905]    0.500 [0.095, 0.905]    0.500 [0.095, 0.905]    0.000 [0.000, 0.658]    1.000 [0.342, 1.000]    0.500 [0.095, 0.905]    0.000 [0.000, 0.658]    1.000 [0.342, 1.000]    1.000 [0.342, 1.000]    1.000 [0.342, 1.000]    0.000 [0.000, 0.658]    0.000 [0.000, 0.658]    1.000 [0.342, 1.000]    0.000 [0.000, 0.658]    0.500 [0.095, 0.905]    0.000 [0.000, 0.658]
meta-portal-evo           1.000 [0.342, 1.000]    1.000 [0.342, 1.000]    1.000 [0.342, 1.000]    1.000 [0.342, 1.000]    1.000 [0.342, 1.000]    1.000 [0.342, 1.000]    0.000 [0.000, 0.658]    1.000 [0.342, 1.000]    0.500 [0.095, 0.905]    1.000 [0.342, 1.000]    0.500 [0.095, 0.905]    0.500 [0.095, 0.905]    0.500 [0.095, 0.905]    1.000 [0.342, 1.000]    0.500 [0.095, 0.905]    0.500 [0.095, 0.905]
meta-rune-crystal         0.500 [0.095, 0.905]    0.000 [0.000, 0.658]    0.500 [0.095, 0.905]    0.500 [0.095, 0.905]    0.500 [0.095, 0.905]    1.000 [0.342, 1.000]    0.000 [0.000, 0.658]    1.000 [0.342, 1.000]    0.000 [0.000, 0.658]    0.000 [0.000, 0.658]    0.000 [0.000, 0.658]    0.500 [0.095, 0.905]    0.500 [0.095, 0.905]    0.500 [0.095, 0.905]    0.500 [0.095, 0.905]    0.500 [0.095, 0.905]
meta-rune-spell           0.500 [0.095, 0.905]    0.000 [0.000, 0.658]    1.000 [0.342, 1.000]    0.500 [0.095, 0.905]    0.500 [0.095, 0.905]    0.500 [0.095, 0.905]    0.500 [0.095, 0.905]    1.000 [0.342, 1.000]    0.500 [0.095, 0.905]    1.000 [0.342, 1.000]    0.000 [0.000, 0.658]    0.500 [0.095, 0.905]    0.500 [0.095, 0.905]    0.000 [0.000, 0.658]    0.000 [0.000, 0.658]    0.500 [0.095, 0.905]
meta-rune-test-subject    0.500 [0.095, 0.905]    0.000 [0.000, 0.658]    1.000 [0.342, 1.000]    0.000 [0.000, 0.658]    1.000 [0.342, 1.000]    0.500 [0.095, 0.905]    0.500 [0.095, 0.905]    1.000 [0.342, 1.000]    0.500 [0.095, 0.905]    1.000 [0.342, 1.000]    0.500 [0.095, 0.905]    1.000 [0.342, 1.000]    0.000 [0.000, 0.658]    0.500 [0.095, 0.905]    0.000 [0.000, 0.658]    0.000 [0.000, 0.658]
meta-sword-loot           1.000 [0.342, 1.000]    1.000 [0.342, 1.000]    0.500 [0.095, 0.905]    1.000 [0.342, 1.000]    0.000 [0.000, 0.658]    0.000 [0.000, 0.658]    0.000 [0.000, 0.658]    0.500 [0.095, 0.905]    0.000 [0.000, 0.658]    0.000 [0.000, 0.658]    0.500 [0.095, 0.905]    0.500 [0.095, 0.905]    1.000 [0.342, 1.000]    0.000 [0.000, 0.658]    0.500 [0.095, 0.905]    1.000 [0.342, 1.000]
meta-sword-rally          1.000 [0.342, 1.000]    1.000 [0.342, 1.000]    0.500 [0.095, 0.905]    0.500 [0.095, 0.905]    1.000 [0.342, 1.000]    0.000 [0.000, 0.658]    0.500 [0.095, 0.905]    1.000 [0.342, 1.000]    0.000 [0.000, 0.658]    1.000 [0.342, 1.000]    0.500 [0.095, 0.905]    0.000 [0.000, 0.658]    1.000 [0.342, 1.000]    0.000 [0.000, 0.658]    1.000 [0.342, 1.000]    0.000 [0.000, 0.658]

=== summary ===
h0:net=results/sweep16/leaf-net6-e20.json vs h0
games: 512  decisive: 512  draws: 0
policy_a win rate: 0.504 [0.461, 0.547]
first-player win rate: 0.543
mean turns: 8.67  mean actions: 85.38
end: lethal=509 deckout=3 turn_cap=0 action_cap=0 no_legal=0 illegal=0
283.752s  1.80 games/s  cpus=28
per deck:
  meta-abyss-aggro: policy_a (row) 0.625  policy_b (col) 0.438
  meta-abyss-midrange: policy_a (row) 0.562  policy_b (col) 0.531
  meta-dragon-aggro: policy_a (row) 0.438  policy_b (col) 0.406
  meta-dragon-ramp: policy_a (row) 0.469  policy_b (col) 0.406
  meta-forest-combo: policy_a (row) 0.500  policy_b (col) 0.344
  meta-haven-amulet: policy_a (row) 0.344  policy_b (col) 0.344
  meta-haven-evo: policy_a (row) 0.719  policy_b (col) 0.688
  meta-haven-kukishiro: policy_a (row) 0.219  policy_b (col) 0.094
  meta-portal-af: policy_a (row) 0.562  policy_b (col) 0.625
  meta-portal-cutthroat: policy_a (row) 0.469  policy_b (col) 0.469
  meta-portal-evo: policy_a (row) 0.750  policy_b (col) 0.656
  meta-rune-crystal: policy_a (row) 0.406  policy_b (col) 0.500
  meta-rune-spell: policy_a (row) 0.469  policy_b (col) 0.531
  meta-rune-test-subject: policy_a (row) 0.500  policy_b (col) 0.656
  meta-sword-loot: policy_a (row) 0.469  policy_b (col) 0.594
  meta-sword-rally: policy_a (row) 0.562  policy_b (col) 0.656

512 games in 283.752s (1.8 games/s)
wrote C:\Users\agban\projects\arena\results\sweep16\c05-screen.json
