pool: meta
decks: 16 (meta-abyss-aggro, meta-abyss-midrange, meta-dragon-aggro, meta-dragon-ramp, meta-forest-combo, meta-haven-amulet, meta-haven-evo, meta-haven-kukishiro, meta-portal-af, meta-portal-cutthroat, meta-portal-evo, meta-rune-crystal, meta-rune-spell, meta-rune-test-subject, meta-sword-loot, meta-sword-rally)
pairs: 256 (16 x 16, mirrors included)
games    16 games/pair x 256 =  4096
matchup: 16 decks × 16 games = 4096 games (seed=1, policy_a=h0:bppv=2.4, policy_b=h0, first=alternate, threads=None)
Win rate (row = A, col = B; cell = A's win rate)
                              meta-abyss-aggro     meta-abyss-midrange       meta-dragon-aggro        meta-dragon-ramp       meta-forest-combo       meta-haven-amulet          meta-haven-evo    meta-haven-kukishiro          meta-portal-af   meta-portal-cutthroat         meta-portal-evo       meta-rune-crystal         meta-rune-spell  meta-rune-test-subject         meta-sword-loot        meta-sword-rally
meta-abyss-aggro                         0.688                   0.500                   0.438                   0.688                   0.250                   0.688                   0.562                   0.875                   0.312                   0.562                   0.500                   0.625                   0.625                   0.500                   0.500                   0.625
meta-abyss-midrange                      0.438                   0.500                   0.562                   0.875                   0.812                   0.875                   0.438                   1.000                   0.500                   0.812                   0.625                   0.875                   0.750                   0.750                   0.688                   0.688
meta-dragon-aggro                        0.500                   0.188                   0.438                   1.000                   0.438                   0.875                   0.812                   0.750                   0.375                   0.750                   0.375                   0.688                   0.688                   0.375                   0.500                   0.438
meta-dragon-ramp                         0.125                   0.438                   0.312                   0.500                   0.250                   0.875                   0.500                   1.000                   0.250                   0.500                   0.188                   0.750                   0.375                   0.750                   0.500                   0.562
meta-forest-combo                        0.625                   0.250                   0.500                   0.625                   0.562                   0.688                   0.375                   0.625                   0.062                   0.625                   0.375                   0.688                   0.625                   0.250                   0.562                   0.438
meta-haven-amulet                        0.312                   0.188                   0.062                   0.188                   0.750                   0.375                   0.312                   0.875                   0.062                   0.438                   0.125                   0.562                   0.375                   0.312                   0.188                   0.062
meta-haven-evo                           0.250                   0.625                   0.188                   0.625                   0.688                   0.750                   0.562                   0.938                   0.750                   0.750                   0.500                   0.750                   0.812                   0.625                   0.375                   0.688
meta-haven-kukishiro                     0.312                   0.000                   0.125                   0.062                   0.438                   0.375                   0.000                   0.500                   0.062                   0.062                   0.125                   0.375                   0.188                   0.000                   0.000                   0.000
meta-portal-af                           0.562                   0.625                   0.625                   0.750                   0.750                   0.812                   0.312                   0.938                   0.438                   0.938                   0.500                   0.938                   0.812                   0.875                   0.750                   0.688
meta-portal-cutthroat                    0.500                   0.375                   0.438                   0.438                   0.312                   0.812                   0.438                   1.000                   0.188                   0.500                   0.188                   0.312                   0.625                   0.750                   0.500                   0.375
meta-portal-evo                          0.688                   0.750                   0.750                   0.562                   0.875                   1.000                   0.438                   1.000                   0.562                   0.688                   0.500                   0.812                   0.812                   0.938                   0.688                   0.500
meta-rune-crystal                        0.250                   0.062                   0.375                   0.375                   0.250                   0.562                   0.188                   0.812                   0.062                   0.312                   0.062                   0.688                   0.188                   0.312                   0.312                   0.125
meta-rune-spell                          0.250                   0.312                   0.562                   0.250                   0.188                   0.375                   0.250                   0.875                   0.125                   0.375                   0.188                   0.812                   0.750                   0.375                   0.438                   0.250
meta-rune-test-subject                   0.500                   0.312                   0.438                   0.500                   0.562                   0.562                   0.312                   0.812                   0.000                   0.438                   0.125                   0.812                   0.500                   0.438                   0.438                   0.312
meta-sword-loot                          0.625                   0.438                   0.312                   0.562                   0.500                   0.750                   0.688                   1.000                   0.125                   0.438                   0.250                   0.688                   0.562                   0.500                   0.438                   0.375
meta-sword-rally                         0.625                   0.375                   0.688                   0.562                   0.812                   0.812                   0.312                   1.000                   0.375                   0.875                   0.250                   0.938                   0.938                   0.812                   0.625                   0.312

First-player win rate / mean turns
                              meta-abyss-aggro     meta-abyss-midrange       meta-dragon-aggro        meta-dragon-ramp       meta-forest-combo       meta-haven-amulet          meta-haven-evo    meta-haven-kukishiro          meta-portal-af   meta-portal-cutthroat         meta-portal-evo       meta-rune-crystal         meta-rune-spell  meta-rune-test-subject         meta-sword-loot        meta-sword-rally
meta-abyss-aggro                 0.688 /   6.6           0.500 /   6.5           0.312 /   6.6           0.562 /   6.8           0.625 /   7.6           0.438 /   6.8           0.438 /   7.2           0.375 /   7.6           0.312 /   7.1           0.438 /   7.4           0.500 /   7.1           0.625 /   7.4           0.500 /   6.7           0.250 /   6.8           0.375 /   7.1           0.500 /   7.0
meta-abyss-midrange              0.562 /   6.4           0.500 /   8.4           0.312 /   7.0           0.625 /   7.4           0.562 /   8.6           0.625 /   8.1           0.438 /   8.2           0.500 /   8.2           0.375 /   8.8           0.312 /   7.7           0.625 /   8.4           0.625 /   8.1           0.625 /   8.8           0.375 /   8.5           0.562 /   7.8           0.438 /   8.4
meta-dragon-aggro                0.250 /   6.4           0.438 /   7.4           0.562 /   7.0           0.500 /   6.3           0.438 /   7.8           0.500 /   7.1           0.688 /   7.1           0.625 /   8.1           0.625 /   7.6           0.625 /   7.2           0.500 /   7.3           0.562 /   7.1           0.562 /   6.9           0.500 /   7.8           0.625 /   7.4           0.562 /   7.8
meta-dragon-ramp                 0.375 /   5.9           0.812 /   9.2           0.438 /   7.6           0.625 /   9.2           0.500 /   7.8           0.500 /  11.6           0.625 /   9.4           0.500 /  11.4           0.750 /   8.6           0.375 /   9.1           0.562 /   7.8           0.500 /   8.5           0.500 /   8.4           0.625 /   8.4           0.625 /   7.8           0.312 /   7.4
meta-forest-combo                0.375 /   7.1           0.625 /   8.8           0.500 /   7.6           0.625 /   8.8           0.562 /   7.9           0.438 /   9.9           0.625 /   9.1           0.375 /  11.6           0.562 /   8.5           0.625 /   9.2           0.625 /   8.2           0.438 /   8.6           0.375 /   8.0           0.625 /   8.8           0.688 /   9.4           0.688 /   9.1
meta-haven-amulet                0.688 /   7.1           0.562 /   8.0           0.562 /   7.2           0.688 /  10.9           0.375 /  12.8           0.500 /  16.4           0.688 /  11.2           0.375 /  16.7           0.562 /   9.2           0.438 /  10.8           0.500 /   9.6           0.438 /  10.1           0.625 /  10.4           0.312 /   9.9           0.688 /   8.6           0.438 /   8.5
meta-haven-evo                   0.625 /   6.6           0.625 /   9.0           0.438 /   7.1           0.500 /  10.1           0.562 /   9.3           0.625 /  12.4           0.312 /  10.8           0.562 /  10.1           0.750 /   9.8           0.500 /   9.7           0.750 /   9.0           0.500 /   8.8           0.438 /   9.2           0.625 /   9.1           0.625 /   8.7           0.688 /   9.3
meta-haven-kukishiro             0.438 /   8.1           0.500 /   8.0           0.625 /   8.2           0.562 /  10.1           0.562 /  11.9           0.500 /  14.2           0.500 /  10.1           0.250 /  15.5           0.562 /   8.2           0.562 /   9.5           0.625 /   9.1           0.750 /  11.4           0.438 /   9.6           0.500 /   9.3           0.500 /   9.3           0.500 /   8.2
meta-portal-af                   0.312 /   6.8           0.375 /   8.4           0.625 /   7.4           0.625 /   9.2           0.625 /   8.4           0.562 /  10.4           0.688 /   9.7           0.562 /   9.1           0.688 /   9.9           0.562 /   9.1           0.625 /   8.8           0.562 /   8.1           0.562 /   7.8           0.500 /   8.3           0.625 /   8.8           0.438 /   7.8
meta-portal-cutthroat            0.625 /   7.1           0.375 /   8.2           0.438 /   7.3           0.438 /   8.5           0.562 /   8.4           0.438 /  10.0           0.312 /   8.4           0.500 /   9.6           0.312 /   8.4           0.625 /   8.1           0.438 /   8.5           0.812 /   8.4           0.500 /   8.8           0.500 /   8.4           0.750 /   8.9           0.625 /   8.4
meta-portal-evo                  0.438 /   6.8           0.375 /   8.2           0.625 /   7.2           0.562 /   9.1           0.625 /   8.4           0.500 /  10.1           0.688 /   9.4           0.500 /   8.5           0.688 /   9.0           0.438 /   8.7           0.375 /   8.2           0.562 /   7.7           0.562 /   8.0           0.562 /   8.4           0.688 /   9.1           0.500 /   8.6
meta-rune-crystal                0.625 /   7.2           0.438 /   7.6           0.375 /   7.6           0.500 /   8.5           0.500 /   8.4           0.438 /   9.4           0.562 /   8.9           0.562 /  11.4           0.562 /   7.9           0.562 /   8.8           0.562 /   7.9           0.438 /   8.4           0.562 /   7.5           0.688 /   7.8           0.562 /   8.8           0.500 /   7.4
meta-rune-spell                  0.250 /   6.0           0.438 /   7.8           0.562 /   7.4           0.500 /   9.0           0.562 /   7.8           0.750 /  11.2           0.625 /   8.5           0.625 /   9.4           0.500 /   7.9           0.500 /   8.5           0.438 /   8.7           0.312 /   8.3           0.500 /   8.8           0.375 /   7.6           0.438 /   7.6           0.625 /   7.8
meta-rune-test-subject           0.375 /   7.0           0.312 /   7.7           0.438 /   7.3           0.375 /   8.8           0.688 /   8.2           0.688 /  11.7           0.688 /   9.4           0.688 /   9.4           0.500 /   8.8           0.438 /   8.6           0.625 /   8.8           0.562 /   8.9           0.500 /   7.9           0.312 /   8.8           0.688 /   8.0           0.438 /   8.4
meta-sword-loot                  0.500 /   7.5           0.562 /   7.8           0.562 /   7.6           0.688 /   7.9           0.750 /   8.9           0.500 /   8.9           0.688 /   8.6           0.500 /   8.9           0.500 /   8.6           0.562 /   8.2           0.500 /   8.2           0.562 /   8.2           0.312 /   8.3           0.500 /   8.2           0.688 /   8.1           0.625 /   7.6
meta-sword-rally                 0.250 /   7.4           0.375 /   8.8           0.562 /   7.2           0.812 /   8.6           0.688 /   8.5           0.562 /   9.5           0.688 /   8.9           0.500 /   8.7           0.625 /   8.6           0.625 /   8.5           0.625 /   8.1           0.562 /   7.3           0.562 /   7.5           0.562 /   7.2           0.625 /   7.6           0.562 /   8.2

A win rate over decisive games, Wilson 95% [lo, hi]
                              meta-abyss-aggro     meta-abyss-midrange       meta-dragon-aggro        meta-dragon-ramp       meta-forest-combo       meta-haven-amulet          meta-haven-evo    meta-haven-kukishiro          meta-portal-af   meta-portal-cutthroat         meta-portal-evo       meta-rune-crystal         meta-rune-spell  meta-rune-test-subject         meta-sword-loot        meta-sword-rally
meta-abyss-aggro          0.688 [0.444, 0.858]    0.500 [0.280, 0.720]    0.438 [0.231, 0.668]    0.688 [0.444, 0.858]    0.250 [0.102, 0.495]    0.688 [0.444, 0.858]    0.562 [0.332, 0.769]    0.875 [0.640, 0.965]    0.312 [0.142, 0.556]    0.562 [0.332, 0.769]    0.500 [0.280, 0.720]    0.625 [0.386, 0.815]    0.625 [0.386, 0.815]    0.500 [0.280, 0.720]    0.500 [0.280, 0.720]    0.625 [0.386, 0.815]
meta-abyss-midrange       0.438 [0.231, 0.668]    0.500 [0.280, 0.720]    0.562 [0.332, 0.769]    0.875 [0.640, 0.965]    0.812 [0.570, 0.934]    0.875 [0.640, 0.965]    0.438 [0.231, 0.668]    1.000 [0.806, 1.000]    0.500 [0.280, 0.720]    0.812 [0.570, 0.934]    0.625 [0.386, 0.815]    0.875 [0.640, 0.965]    0.750 [0.505, 0.898]    0.750 [0.505, 0.898]    0.688 [0.444, 0.858]    0.688 [0.444, 0.858]
meta-dragon-aggro         0.500 [0.280, 0.720]    0.188 [0.066, 0.430]    0.438 [0.231, 0.668]    1.000 [0.806, 1.000]    0.438 [0.231, 0.668]    0.875 [0.640, 0.965]    0.812 [0.570, 0.934]    0.750 [0.505, 0.898]    0.375 [0.185, 0.614]    0.750 [0.505, 0.898]    0.375 [0.185, 0.614]    0.688 [0.444, 0.858]    0.688 [0.444, 0.858]    0.375 [0.185, 0.614]    0.500 [0.280, 0.720]    0.438 [0.231, 0.668]
meta-dragon-ramp          0.125 [0.035, 0.360]    0.438 [0.231, 0.668]    0.312 [0.142, 0.556]    0.500 [0.280, 0.720]    0.250 [0.102, 0.495]    0.875 [0.640, 0.965]    0.500 [0.280, 0.720]    1.000 [0.806, 1.000]    0.250 [0.102, 0.495]    0.500 [0.280, 0.720]    0.188 [0.066, 0.430]    0.750 [0.505, 0.898]    0.375 [0.185, 0.614]    0.750 [0.505, 0.898]    0.500 [0.280, 0.720]    0.562 [0.332, 0.769]
meta-forest-combo         0.625 [0.386, 0.815]    0.250 [0.102, 0.495]    0.500 [0.280, 0.720]    0.625 [0.386, 0.815]    0.562 [0.332, 0.769]    0.688 [0.444, 0.858]    0.375 [0.185, 0.614]    0.625 [0.386, 0.815]    0.062 [0.011, 0.283]    0.625 [0.386, 0.815]    0.375 [0.185, 0.614]    0.688 [0.444, 0.858]    0.625 [0.386, 0.815]    0.250 [0.102, 0.495]    0.562 [0.332, 0.769]    0.438 [0.231, 0.668]
meta-haven-amulet         0.312 [0.142, 0.556]    0.188 [0.066, 0.430]    0.062 [0.011, 0.283]    0.188 [0.066, 0.430]    0.750 [0.505, 0.898]    0.375 [0.185, 0.614]    0.312 [0.142, 0.556]    0.875 [0.640, 0.965]    0.062 [0.011, 0.283]    0.438 [0.231, 0.668]    0.125 [0.035, 0.360]    0.562 [0.332, 0.769]    0.375 [0.185, 0.614]    0.312 [0.142, 0.556]    0.188 [0.066, 0.430]    0.062 [0.011, 0.283]
meta-haven-evo            0.250 [0.102, 0.495]    0.625 [0.386, 0.815]    0.188 [0.066, 0.430]    0.625 [0.386, 0.815]    0.688 [0.444, 0.858]    0.750 [0.505, 0.898]    0.562 [0.332, 0.769]    0.938 [0.717, 0.989]    0.750 [0.505, 0.898]    0.750 [0.505, 0.898]    0.500 [0.280, 0.720]    0.750 [0.505, 0.898]    0.812 [0.570, 0.934]    0.625 [0.386, 0.815]    0.375 [0.185, 0.614]    0.688 [0.444, 0.858]
meta-haven-kukishiro      0.312 [0.142, 0.556]    0.000 [0.000, 0.194]    0.125 [0.035, 0.360]    0.062 [0.011, 0.283]    0.438 [0.231, 0.668]    0.375 [0.185, 0.614]    0.000 [0.000, 0.194]    0.500 [0.280, 0.720]    0.062 [0.011, 0.283]    0.062 [0.011, 0.283]    0.125 [0.035, 0.360]    0.375 [0.185, 0.614]    0.188 [0.066, 0.430]    0.000 [0.000, 0.194]    0.000 [0.000, 0.194]    0.000 [0.000, 0.194]
meta-portal-af            0.562 [0.332, 0.769]    0.625 [0.386, 0.815]    0.625 [0.386, 0.815]    0.750 [0.505, 0.898]    0.750 [0.505, 0.898]    0.812 [0.570, 0.934]    0.312 [0.142, 0.556]    0.938 [0.717, 0.989]    0.438 [0.231, 0.668]    0.938 [0.717, 0.989]    0.500 [0.280, 0.720]    0.938 [0.717, 0.989]    0.812 [0.570, 0.934]    0.875 [0.640, 0.965]    0.750 [0.505, 0.898]    0.688 [0.444, 0.858]
meta-portal-cutthroat     0.500 [0.280, 0.720]    0.375 [0.185, 0.614]    0.438 [0.231, 0.668]    0.438 [0.231, 0.668]    0.312 [0.142, 0.556]    0.812 [0.570, 0.934]    0.438 [0.231, 0.668]    1.000 [0.806, 1.000]    0.188 [0.066, 0.430]    0.500 [0.280, 0.720]    0.188 [0.066, 0.430]    0.312 [0.142, 0.556]    0.625 [0.386, 0.815]    0.750 [0.505, 0.898]    0.500 [0.280, 0.720]    0.375 [0.185, 0.614]
meta-portal-evo           0.688 [0.444, 0.858]    0.750 [0.505, 0.898]    0.750 [0.505, 0.898]    0.562 [0.332, 0.769]    0.875 [0.640, 0.965]    1.000 [0.806, 1.000]    0.438 [0.231, 0.668]    1.000 [0.806, 1.000]    0.562 [0.332, 0.769]    0.688 [0.444, 0.858]    0.500 [0.280, 0.720]    0.812 [0.570, 0.934]    0.812 [0.570, 0.934]    0.938 [0.717, 0.989]    0.688 [0.444, 0.858]    0.500 [0.280, 0.720]
meta-rune-crystal         0.250 [0.102, 0.495]    0.062 [0.011, 0.283]    0.375 [0.185, 0.614]    0.375 [0.185, 0.614]    0.250 [0.102, 0.495]    0.562 [0.332, 0.769]    0.188 [0.066, 0.430]    0.812 [0.570, 0.934]    0.062 [0.011, 0.283]    0.312 [0.142, 0.556]    0.062 [0.011, 0.283]    0.688 [0.444, 0.858]    0.188 [0.066, 0.430]    0.312 [0.142, 0.556]    0.312 [0.142, 0.556]    0.125 [0.035, 0.360]
meta-rune-spell           0.250 [0.102, 0.495]    0.312 [0.142, 0.556]    0.562 [0.332, 0.769]    0.250 [0.102, 0.495]    0.188 [0.066, 0.430]    0.375 [0.185, 0.614]    0.250 [0.102, 0.495]    0.875 [0.640, 0.965]    0.125 [0.035, 0.360]    0.375 [0.185, 0.614]    0.188 [0.066, 0.430]    0.812 [0.570, 0.934]    0.750 [0.505, 0.898]    0.375 [0.185, 0.614]    0.438 [0.231, 0.668]    0.250 [0.102, 0.495]
meta-rune-test-subject    0.500 [0.280, 0.720]    0.312 [0.142, 0.556]    0.438 [0.231, 0.668]    0.500 [0.280, 0.720]    0.562 [0.332, 0.769]    0.562 [0.332, 0.769]    0.312 [0.142, 0.556]    0.812 [0.570, 0.934]    0.000 [0.000, 0.194]    0.438 [0.231, 0.668]    0.125 [0.035, 0.360]    0.812 [0.570, 0.934]    0.500 [0.280, 0.720]    0.438 [0.231, 0.668]    0.438 [0.231, 0.668]    0.312 [0.142, 0.556]
meta-sword-loot           0.625 [0.386, 0.815]    0.438 [0.231, 0.668]    0.312 [0.142, 0.556]    0.562 [0.332, 0.769]    0.500 [0.280, 0.720]    0.750 [0.505, 0.898]    0.688 [0.444, 0.858]    1.000 [0.806, 1.000]    0.125 [0.035, 0.360]    0.438 [0.231, 0.668]    0.250 [0.102, 0.495]    0.688 [0.444, 0.858]    0.562 [0.332, 0.769]    0.500 [0.280, 0.720]    0.438 [0.231, 0.668]    0.375 [0.185, 0.614]
meta-sword-rally          0.625 [0.386, 0.815]    0.375 [0.185, 0.614]    0.688 [0.444, 0.858]    0.562 [0.332, 0.769]    0.812 [0.570, 0.934]    0.812 [0.570, 0.934]    0.312 [0.142, 0.556]    1.000 [0.806, 1.000]    0.375 [0.185, 0.614]    0.875 [0.640, 0.965]    0.250 [0.102, 0.495]    0.938 [0.717, 0.989]    0.938 [0.717, 0.989]    0.812 [0.570, 0.934]    0.625 [0.386, 0.815]    0.312 [0.142, 0.556]

=== summary ===
h0:bppv=2.4 vs h0
games: 4096  decisive: 4096  draws: 0
policy_a win rate: 0.509 [0.494, 0.524]
first-player win rate: 0.532
mean turns: 8.55  mean actions: 85.12
end: lethal=4048 deckout=48 turn_cap=0 action_cap=0 no_legal=0 illegal=0
2316.447s  1.77 games/s  cpus=28
per deck:
  meta-abyss-aggro: policy_a (row) 0.559  policy_b (col) 0.547
  meta-abyss-midrange: policy_a (row) 0.699  policy_b (col) 0.629
  meta-dragon-aggro: policy_a (row) 0.574  policy_b (col) 0.574
  meta-dragon-ramp: policy_a (row) 0.492  policy_b (col) 0.465
  meta-forest-combo: policy_a (row) 0.492  policy_b (col) 0.473
  meta-haven-amulet: policy_a (row) 0.324  policy_b (col) 0.301
  meta-haven-evo: policy_a (row) 0.617  policy_b (col) 0.594
  meta-haven-kukishiro: policy_a (row) 0.164  policy_b (col) 0.125
  meta-portal-af: policy_a (row) 0.707  policy_b (col) 0.734
  meta-portal-cutthroat: policy_a (row) 0.484  policy_b (col) 0.434
  meta-portal-evo: policy_a (row) 0.723  policy_b (col) 0.695
  meta-rune-crystal: policy_a (row) 0.309  policy_b (col) 0.293
  meta-rune-spell: policy_a (row) 0.398  policy_b (col) 0.398
  meta-rune-test-subject: policy_a (row) 0.441  policy_b (col) 0.465
  meta-sword-loot: policy_a (row) 0.516  policy_b (col) 0.531
  meta-sword-rally: policy_a (row) 0.645  policy_b (col) 0.598

4096 games in 2316.447s (1.8 games/s)
wrote C:\Users\agban\projects\arena\results\sweep14\c03-final.json
