pool: meta
decks: 16 (meta-abyss-aggro, meta-abyss-midrange, meta-dragon-aggro, meta-dragon-ramp, meta-forest-combo, meta-haven-amulet, meta-haven-evo, meta-haven-kukishiro, meta-portal-af, meta-portal-cutthroat, meta-portal-evo, meta-rune-crystal, meta-rune-spell, meta-rune-test-subject, meta-sword-loot, meta-sword-rally)
pairs: 256 (16 x 16, mirrors included)
games    16 games/pair x 256 =  4096
matchup: 16 decks × 16 games = 4096 games (seed=1, policy_a=h0:bppv=6, policy_b=h0, first=alternate, threads=None)
Win rate (row = A, col = B; cell = A's win rate)
                              meta-abyss-aggro     meta-abyss-midrange       meta-dragon-aggro        meta-dragon-ramp       meta-forest-combo       meta-haven-amulet          meta-haven-evo    meta-haven-kukishiro          meta-portal-af   meta-portal-cutthroat         meta-portal-evo       meta-rune-crystal         meta-rune-spell  meta-rune-test-subject         meta-sword-loot        meta-sword-rally
meta-abyss-aggro                         0.688                   0.438                   0.438                   0.812                   0.438                   0.688                   0.625                   0.812                   0.188                   0.500                   0.375                   0.562                   0.688                   0.562                   0.375                   0.562
meta-abyss-midrange                      0.500                   0.375                   0.688                   0.938                   0.875                   0.750                   0.375                   1.000                   0.500                   0.625                   0.625                   0.812                   0.812                   0.812                   0.688                   0.688
meta-dragon-aggro                        0.375                   0.125                   0.438                   1.000                   0.562                   0.750                   0.688                   0.750                   0.438                   0.688                   0.375                   0.625                   0.500                   0.312                   0.500                   0.500
meta-dragon-ramp                         0.125                   0.438                   0.375                   0.500                   0.188                   0.875                   0.562                   1.000                   0.438                   0.562                   0.188                   0.688                   0.312                   0.750                   0.500                   0.500
meta-forest-combo                        0.562                   0.438                   0.500                   0.688                   0.375                   0.625                   0.500                   0.625                   0.125                   0.625                   0.375                   0.625                   0.500                   0.375                   0.625                   0.312
meta-haven-amulet                        0.250                   0.188                   0.188                   0.250                   0.688                   0.500                   0.250                   0.812                   0.062                   0.250                   0.125                   0.312                   0.375                   0.312                   0.250                   0.062
meta-haven-evo                           0.312                   0.562                   0.188                   0.500                   0.750                   0.812                   0.625                   0.938                   0.812                   0.688                   0.562                   0.812                   0.812                   0.688                   0.312                   0.750
meta-haven-kukishiro                     0.250                   0.125                   0.250                   0.062                   0.438                   0.312                   0.000                   0.188                   0.062                   0.125                   0.125                   0.438                   0.062                   0.062                   0.000                   0.000
meta-portal-af                           0.500                   0.562                   0.625                   0.625                   0.812                   0.750                   0.438                   0.938                   0.438                   0.938                   0.438                   1.000                   0.875                   0.875                   0.750                   0.688
meta-portal-cutthroat                    0.375                   0.312                   0.375                   0.438                   0.375                   0.688                   0.375                   0.875                   0.250                   0.500                   0.188                   0.500                   0.625                   0.688                   0.500                   0.375
meta-portal-evo                          0.688                   0.688                   0.750                   0.562                   0.875                   0.812                   0.500                   1.000                   0.500                   0.812                   0.500                   0.750                   0.812                   0.938                   0.625                   0.500
meta-rune-crystal                        0.312                   0.062                   0.312                   0.438                   0.188                   0.500                   0.188                   0.750                   0.062                   0.250                   0.062                   0.562                   0.188                   0.312                   0.312                   0.062
meta-rune-spell                          0.375                   0.188                   0.500                   0.375                   0.312                   0.250                   0.250                   1.000                   0.125                   0.375                   0.188                   0.688                   0.500                   0.375                   0.312                   0.125
meta-rune-test-subject                   0.562                   0.312                   0.438                   0.500                   0.688                   0.688                   0.312                   0.875                   0.062                   0.375                   0.188                   0.562                   0.562                   0.438                   0.438                   0.312
meta-sword-loot                          0.562                   0.438                   0.250                   0.562                   0.500                   0.625                   0.750                   0.938                   0.188                   0.438                   0.125                   0.625                   0.438                   0.562                   0.500                   0.500
meta-sword-rally                         0.500                   0.375                   0.625                   0.688                   0.875                   0.875                   0.438                   1.000                   0.375                   0.750                   0.312                   0.938                   0.938                   0.750                   0.562                   0.375

First-player win rate / mean turns
                              meta-abyss-aggro     meta-abyss-midrange       meta-dragon-aggro        meta-dragon-ramp       meta-forest-combo       meta-haven-amulet          meta-haven-evo    meta-haven-kukishiro          meta-portal-af   meta-portal-cutthroat         meta-portal-evo       meta-rune-crystal         meta-rune-spell  meta-rune-test-subject         meta-sword-loot        meta-sword-rally
meta-abyss-aggro                 0.688 /   6.6           0.562 /   6.6           0.312 /   6.6           0.562 /   6.6           0.562 /   7.2           0.438 /   6.9           0.250 /   7.1           0.438 /   7.8           0.438 /   7.2           0.500 /   7.5           0.625 /   7.6           0.688 /   7.7           0.438 /   6.4           0.188 /   6.8           0.500 /   7.0           0.438 /   6.9
meta-abyss-midrange              0.625 /   6.8           0.625 /   8.2           0.438 /   7.4           0.562 /   7.4           0.500 /   8.3           0.750 /   8.7           0.500 /   8.5           0.500 /   8.2           0.375 /   8.8           0.500 /   7.9           0.625 /   8.4           0.562 /   7.9           0.438 /   8.1           0.438 /   8.2           0.562 /   7.7           0.438 /   8.2
meta-dragon-aggro                0.375 /   6.6           0.500 /   7.4           0.562 /   7.0           0.500 /   6.3           0.312 /   7.4           0.625 /   7.4           0.812 /   7.7           0.750 /   7.8           0.562 /   7.5           0.688 /   7.2           0.500 /   7.2           0.625 /   7.4           0.625 /   7.1           0.562 /   7.8           0.625 /   7.4           0.250 /   7.1
meta-dragon-ramp                 0.375 /   6.0           0.812 /   8.8           0.500 /   7.8           0.750 /   9.4           0.562 /   8.0           0.500 /  11.0           0.562 /   9.3           0.500 /  11.4           0.688 /   9.4           0.438 /   9.1           0.562 /   8.2           0.562 /   8.3           0.562 /   8.4           0.625 /   8.2           0.625 /   7.4           0.375 /   7.4
meta-forest-combo                0.438 /   7.5           0.438 /   8.8           0.500 /   7.4           0.562 /   8.5           0.750 /   7.9           0.375 /  10.5           0.500 /   8.8           0.500 /  10.8           0.500 /   8.6           0.625 /   9.5           0.625 /   8.2           0.625 /   9.0           0.500 /   8.0           0.750 /   9.1           0.625 /   9.4           0.812 /   9.6
meta-haven-amulet                0.750 /   6.9           0.562 /   8.1           0.438 /   7.5           0.625 /  10.4           0.438 /  12.4           0.375 /  15.4           0.750 /  10.2           0.438 /  16.9           0.562 /   9.1           0.500 /  11.0           0.500 /   9.4           0.562 /   8.8           0.750 /  10.7           0.312 /   9.6           0.625 /   8.5           0.438 /   8.1
meta-haven-evo                   0.562 /   6.8           0.688 /   8.4           0.438 /   6.9           0.625 /  10.2           0.500 /   9.6           0.562 /  12.4           0.250 /  11.1           0.562 /  10.2           0.688 /   9.2           0.562 /   9.6           0.688 /   8.8           0.438 /   8.7           0.438 /   9.4           0.562 /   9.4           0.688 /   8.5           0.625 /   9.2
meta-haven-kukishiro             0.625 /   8.3           0.625 /   8.9           0.500 /   8.0           0.562 /  10.6           0.562 /  11.3           0.562 /  14.7           0.500 /  10.8           0.438 /  16.6           0.562 /   8.2           0.500 /  10.2           0.625 /   9.1           0.688 /  10.7           0.562 /   9.2           0.438 /   9.7           0.500 /   9.8           0.500 /   8.4
meta-portal-af                   0.375 /   7.0           0.438 /   8.6           0.625 /   7.3           0.500 /   9.4           0.562 /   8.4           0.625 /  10.7           0.562 /   9.1           0.562 /   8.9           0.688 /   9.9           0.562 /   8.6           0.562 /   8.9           0.500 /   7.8           0.500 /   7.8           0.500 /   8.7           0.625 /   8.6           0.438 /   8.2
meta-portal-cutthroat            0.625 /   7.0           0.438 /   8.2           0.500 /   7.3           0.438 /   8.6           0.500 /   8.2           0.562 /   9.9           0.250 /   8.4           0.625 /  10.4           0.375 /   8.5           0.625 /   8.0           0.438 /   8.3           0.750 /   8.5           0.375 /   9.2           0.562 /   8.3           0.750 /   8.6           0.625 /   8.1
meta-portal-evo                  0.438 /   6.8           0.438 /   8.1           0.625 /   7.3           0.688 /   9.3           0.625 /   8.3           0.438 /   9.9           0.625 /   9.2           0.500 /   8.7           0.750 /   9.2           0.562 /   8.9           0.375 /   8.2           0.500 /   7.8           0.562 /   8.1           0.562 /   8.6           0.750 /   8.9           0.500 /   8.6
meta-rune-crystal                0.562 /   7.2           0.438 /   7.4           0.438 /   7.6           0.562 /   8.5           0.562 /   8.7           0.500 /  10.1           0.562 /   9.0           0.625 /  12.1           0.562 /   8.1           0.625 /   8.7           0.562 /   8.1           0.562 /   8.3           0.562 /   7.8           0.562 /   7.9           0.438 /   8.4           0.562 /   7.4
meta-rune-spell                  0.125 /   6.2           0.562 /   7.4           0.750 /   7.4           0.375 /   8.9           0.438 /   7.5           0.750 /  10.8           0.625 /   8.8           0.500 /   8.9           0.500 /   7.8           0.625 /   8.1           0.438 /   8.3           0.438 /   7.6           0.625 /   8.1           0.500 /   7.7           0.562 /   7.5           0.625 /   8.2
meta-rune-test-subject           0.312 /   6.9           0.312 /   7.4           0.438 /   7.4           0.500 /   9.0           0.562 /   8.1           0.688 /   9.9           0.562 /   9.3           0.500 /   9.2           0.438 /   8.1           0.500 /   9.0           0.688 /   9.1           0.562 /   8.2           0.562 /   8.1           0.312 /   8.6           0.688 /   7.9           0.438 /   8.2
meta-sword-loot                  0.562 /   7.4           0.562 /   7.6           0.500 /   7.7           0.562 /   7.7           0.750 /   8.8           0.625 /   9.4           0.625 /   8.0           0.562 /   9.2           0.562 /   8.1           0.688 /   8.5           0.500 /   8.2           0.625 /   8.2           0.312 /   8.0           0.438 /   7.9           0.500 /   8.0           0.625 /   7.7
meta-sword-rally                 0.375 /   7.6           0.250 /   8.6           0.625 /   7.1           0.812 /   8.5           0.625 /   8.7           0.500 /   9.7           0.562 /   8.9           0.500 /   9.3           0.625 /   8.8           0.750 /   8.9           0.438 /   7.7           0.562 /   7.4           0.562 /   7.4           0.625 /   7.2           0.562 /   7.4           0.625 /   8.1

A win rate over decisive games, Wilson 95% [lo, hi]
                              meta-abyss-aggro     meta-abyss-midrange       meta-dragon-aggro        meta-dragon-ramp       meta-forest-combo       meta-haven-amulet          meta-haven-evo    meta-haven-kukishiro          meta-portal-af   meta-portal-cutthroat         meta-portal-evo       meta-rune-crystal         meta-rune-spell  meta-rune-test-subject         meta-sword-loot        meta-sword-rally
meta-abyss-aggro          0.688 [0.444, 0.858]    0.438 [0.231, 0.668]    0.438 [0.231, 0.668]    0.812 [0.570, 0.934]    0.438 [0.231, 0.668]    0.688 [0.444, 0.858]    0.625 [0.386, 0.815]    0.812 [0.570, 0.934]    0.188 [0.066, 0.430]    0.500 [0.280, 0.720]    0.375 [0.185, 0.614]    0.562 [0.332, 0.769]    0.688 [0.444, 0.858]    0.562 [0.332, 0.769]    0.375 [0.185, 0.614]    0.562 [0.332, 0.769]
meta-abyss-midrange       0.500 [0.280, 0.720]    0.375 [0.185, 0.614]    0.688 [0.444, 0.858]    0.938 [0.717, 0.989]    0.875 [0.640, 0.965]    0.750 [0.505, 0.898]    0.375 [0.185, 0.614]    1.000 [0.806, 1.000]    0.500 [0.280, 0.720]    0.625 [0.386, 0.815]    0.625 [0.386, 0.815]    0.812 [0.570, 0.934]    0.812 [0.570, 0.934]    0.812 [0.570, 0.934]    0.688 [0.444, 0.858]    0.688 [0.444, 0.858]
meta-dragon-aggro         0.375 [0.185, 0.614]    0.125 [0.035, 0.360]    0.438 [0.231, 0.668]    1.000 [0.806, 1.000]    0.562 [0.332, 0.769]    0.750 [0.505, 0.898]    0.688 [0.444, 0.858]    0.750 [0.505, 0.898]    0.438 [0.231, 0.668]    0.688 [0.444, 0.858]    0.375 [0.185, 0.614]    0.625 [0.386, 0.815]    0.500 [0.280, 0.720]    0.312 [0.142, 0.556]    0.500 [0.280, 0.720]    0.500 [0.280, 0.720]
meta-dragon-ramp          0.125 [0.035, 0.360]    0.438 [0.231, 0.668]    0.375 [0.185, 0.614]    0.500 [0.280, 0.720]    0.188 [0.066, 0.430]    0.875 [0.640, 0.965]    0.562 [0.332, 0.769]    1.000 [0.806, 1.000]    0.438 [0.231, 0.668]    0.562 [0.332, 0.769]    0.188 [0.066, 0.430]    0.688 [0.444, 0.858]    0.312 [0.142, 0.556]    0.750 [0.505, 0.898]    0.500 [0.280, 0.720]    0.500 [0.280, 0.720]
meta-forest-combo         0.562 [0.332, 0.769]    0.438 [0.231, 0.668]    0.500 [0.280, 0.720]    0.688 [0.444, 0.858]    0.375 [0.185, 0.614]    0.625 [0.386, 0.815]    0.500 [0.280, 0.720]    0.625 [0.386, 0.815]    0.125 [0.035, 0.360]    0.625 [0.386, 0.815]    0.375 [0.185, 0.614]    0.625 [0.386, 0.815]    0.500 [0.280, 0.720]    0.375 [0.185, 0.614]    0.625 [0.386, 0.815]    0.312 [0.142, 0.556]
meta-haven-amulet         0.250 [0.102, 0.495]    0.188 [0.066, 0.430]    0.188 [0.066, 0.430]    0.250 [0.102, 0.495]    0.688 [0.444, 0.858]    0.500 [0.280, 0.720]    0.250 [0.102, 0.495]    0.812 [0.570, 0.934]    0.062 [0.011, 0.283]    0.250 [0.102, 0.495]    0.125 [0.035, 0.360]    0.312 [0.142, 0.556]    0.375 [0.185, 0.614]    0.312 [0.142, 0.556]    0.250 [0.102, 0.495]    0.062 [0.011, 0.283]
meta-haven-evo            0.312 [0.142, 0.556]    0.562 [0.332, 0.769]    0.188 [0.066, 0.430]    0.500 [0.280, 0.720]    0.750 [0.505, 0.898]    0.812 [0.570, 0.934]    0.625 [0.386, 0.815]    0.938 [0.717, 0.989]    0.812 [0.570, 0.934]    0.688 [0.444, 0.858]    0.562 [0.332, 0.769]    0.812 [0.570, 0.934]    0.812 [0.570, 0.934]    0.688 [0.444, 0.858]    0.312 [0.142, 0.556]    0.750 [0.505, 0.898]
meta-haven-kukishiro      0.250 [0.102, 0.495]    0.125 [0.035, 0.360]    0.250 [0.102, 0.495]    0.062 [0.011, 0.283]    0.438 [0.231, 0.668]    0.312 [0.142, 0.556]    0.000 [0.000, 0.194]    0.188 [0.066, 0.430]    0.062 [0.011, 0.283]    0.125 [0.035, 0.360]    0.125 [0.035, 0.360]    0.438 [0.231, 0.668]    0.062 [0.011, 0.283]    0.062 [0.011, 0.283]    0.000 [0.000, 0.194]    0.000 [0.000, 0.194]
meta-portal-af            0.500 [0.280, 0.720]    0.562 [0.332, 0.769]    0.625 [0.386, 0.815]    0.625 [0.386, 0.815]    0.812 [0.570, 0.934]    0.750 [0.505, 0.898]    0.438 [0.231, 0.668]    0.938 [0.717, 0.989]    0.438 [0.231, 0.668]    0.938 [0.717, 0.989]    0.438 [0.231, 0.668]    1.000 [0.806, 1.000]    0.875 [0.640, 0.965]    0.875 [0.640, 0.965]    0.750 [0.505, 0.898]    0.688 [0.444, 0.858]
meta-portal-cutthroat     0.375 [0.185, 0.614]    0.312 [0.142, 0.556]    0.375 [0.185, 0.614]    0.438 [0.231, 0.668]    0.375 [0.185, 0.614]    0.688 [0.444, 0.858]    0.375 [0.185, 0.614]    0.875 [0.640, 0.965]    0.250 [0.102, 0.495]    0.500 [0.280, 0.720]    0.188 [0.066, 0.430]    0.500 [0.280, 0.720]    0.625 [0.386, 0.815]    0.688 [0.444, 0.858]    0.500 [0.280, 0.720]    0.375 [0.185, 0.614]
meta-portal-evo           0.688 [0.444, 0.858]    0.688 [0.444, 0.858]    0.750 [0.505, 0.898]    0.562 [0.332, 0.769]    0.875 [0.640, 0.965]    0.812 [0.570, 0.934]    0.500 [0.280, 0.720]    1.000 [0.806, 1.000]    0.500 [0.280, 0.720]    0.812 [0.570, 0.934]    0.500 [0.280, 0.720]    0.750 [0.505, 0.898]    0.812 [0.570, 0.934]    0.938 [0.717, 0.989]    0.625 [0.386, 0.815]    0.500 [0.280, 0.720]
meta-rune-crystal         0.312 [0.142, 0.556]    0.062 [0.011, 0.283]    0.312 [0.142, 0.556]    0.438 [0.231, 0.668]    0.188 [0.066, 0.430]    0.500 [0.280, 0.720]    0.188 [0.066, 0.430]    0.750 [0.505, 0.898]    0.062 [0.011, 0.283]    0.250 [0.102, 0.495]    0.062 [0.011, 0.283]    0.562 [0.332, 0.769]    0.188 [0.066, 0.430]    0.312 [0.142, 0.556]    0.312 [0.142, 0.556]    0.062 [0.011, 0.283]
meta-rune-spell           0.375 [0.185, 0.614]    0.188 [0.066, 0.430]    0.500 [0.280, 0.720]    0.375 [0.185, 0.614]    0.312 [0.142, 0.556]    0.250 [0.102, 0.495]    0.250 [0.102, 0.495]    1.000 [0.806, 1.000]    0.125 [0.035, 0.360]    0.375 [0.185, 0.614]    0.188 [0.066, 0.430]    0.688 [0.444, 0.858]    0.500 [0.280, 0.720]    0.375 [0.185, 0.614]    0.312 [0.142, 0.556]    0.125 [0.035, 0.360]
meta-rune-test-subject    0.562 [0.332, 0.769]    0.312 [0.142, 0.556]    0.438 [0.231, 0.668]    0.500 [0.280, 0.720]    0.688 [0.444, 0.858]    0.688 [0.444, 0.858]    0.312 [0.142, 0.556]    0.875 [0.640, 0.965]    0.062 [0.011, 0.283]    0.375 [0.185, 0.614]    0.188 [0.066, 0.430]    0.562 [0.332, 0.769]    0.562 [0.332, 0.769]    0.438 [0.231, 0.668]    0.438 [0.231, 0.668]    0.312 [0.142, 0.556]
meta-sword-loot           0.562 [0.332, 0.769]    0.438 [0.231, 0.668]    0.250 [0.102, 0.495]    0.562 [0.332, 0.769]    0.500 [0.280, 0.720]    0.625 [0.386, 0.815]    0.750 [0.505, 0.898]    0.938 [0.717, 0.989]    0.188 [0.066, 0.430]    0.438 [0.231, 0.668]    0.125 [0.035, 0.360]    0.625 [0.386, 0.815]    0.438 [0.231, 0.668]    0.562 [0.332, 0.769]    0.500 [0.280, 0.720]    0.500 [0.280, 0.720]
meta-sword-rally          0.500 [0.280, 0.720]    0.375 [0.185, 0.614]    0.625 [0.386, 0.815]    0.688 [0.444, 0.858]    0.875 [0.640, 0.965]    0.875 [0.640, 0.965]    0.438 [0.231, 0.668]    1.000 [0.806, 1.000]    0.375 [0.185, 0.614]    0.750 [0.505, 0.898]    0.312 [0.142, 0.556]    0.938 [0.717, 0.989]    0.938 [0.717, 0.989]    0.750 [0.505, 0.898]    0.562 [0.332, 0.769]    0.375 [0.185, 0.614]

=== summary ===
h0:bppv=6 vs h0
games: 4096  decisive: 4096  draws: 0
policy_a win rate: 0.500 [0.485, 0.515]
first-player win rate: 0.541
mean turns: 8.53  mean actions: 85.26
end: lethal=4053 deckout=43 turn_cap=0 action_cap=0 no_legal=0 illegal=0
2415.981s  1.70 games/s  cpus=28
per deck:
  meta-abyss-aggro: policy_a (row) 0.547  policy_b (col) 0.566
  meta-abyss-midrange: policy_a (row) 0.691  policy_b (col) 0.648
  meta-dragon-aggro: policy_a (row) 0.539  policy_b (col) 0.566
  meta-dragon-ramp: policy_a (row) 0.500  policy_b (col) 0.441
  meta-forest-combo: policy_a (row) 0.492  policy_b (col) 0.441
  meta-haven-amulet: policy_a (row) 0.305  policy_b (col) 0.344
  meta-haven-evo: policy_a (row) 0.633  policy_b (col) 0.570
  meta-haven-kukishiro: policy_a (row) 0.156  policy_b (col) 0.156
  meta-portal-af: policy_a (row) 0.703  policy_b (col) 0.711
  meta-portal-cutthroat: policy_a (row) 0.465  policy_b (col) 0.469
  meta-portal-evo: policy_a (row) 0.707  policy_b (col) 0.703
  meta-rune-crystal: policy_a (row) 0.285  policy_b (col) 0.344
  meta-rune-spell: policy_a (row) 0.371  policy_b (col) 0.438
  meta-rune-test-subject: policy_a (row) 0.457  policy_b (col) 0.449
  meta-sword-loot: policy_a (row) 0.500  policy_b (col) 0.547
  meta-sword-rally: policy_a (row) 0.648  policy_b (col) 0.605

4096 games in 2415.981s (1.7 games/s)
wrote C:\Users\agban\projects\arena\results\sweep14\c04-final.json
