matchup: 16 decks × 24 games = 6144 games (seed=401, policy_a=h0, policy_b=h0, first=alternate, threads=None)
Win rate (row = A, col = B; cell = A's win rate)
                           abyss-p8rfn              abyss-pool          afnm-minatodao            basic-forest            basic-portal              basic-rune             dragon-pool            elf-neanisu2             forest-pool             portal-pool              ramp-37772           ramp-claywies            royal-nattui             rune-mach15               rune-pool              sword-pool
abyss-p8rfn                      0.708                   1.000                   0.542                   1.000                   1.000                   1.000                   0.875                   0.875                   0.750                   1.000                   0.708                   0.792                   0.542                   0.750                   1.000                   0.875
abyss-pool                       0.042                   0.500                   0.083                   0.958                   0.750                   0.958                   0.458                   0.083                   0.208                   0.708                   0.208                   0.375                   0.042                   0.375                   0.875                   0.250
afnm-minatodao                   0.542                   0.958                   0.375                   1.000                   1.000                   1.000                   0.833                   0.792                   0.917                   1.000                   0.708                   0.875                   0.750                   0.833                   1.000                   0.792
basic-forest                     0.000                   0.125                   0.000                   0.333                   0.500                   0.750                   0.083                   0.042                   0.208                   0.208                   0.125                   0.083                   0.042                   0.042                   0.500                   0.083
basic-portal                     0.000                   0.458                   0.000                   0.875                   0.583                   0.792                   0.125                   0.042                   0.167                   0.583                   0.000                   0.042                   0.083                   0.042                   0.500                   0.125
basic-rune                       0.000                   0.000                   0.000                   0.292                   0.125                   0.667                   0.000                   0.000                   0.042                   0.250                   0.042                   0.000                   0.042                   0.000                   0.208                   0.042
dragon-pool                      0.125                   0.333                   0.083                   0.875                   0.833                   0.875                   0.500                   0.208                   0.583                   0.625                   0.083                   0.125                   0.167                   0.375                   0.750                   0.250
elf-neanisu2                     0.167                   0.917                   0.208                   1.000                   0.917                   0.958                   0.750                   0.458                   0.792                   0.958                   0.792                   0.708                   0.500                   0.625                   0.875                   0.667
forest-pool                      0.125                   0.417                   0.125                   0.958                   0.833                   1.000                   0.458                   0.167                   0.458                   0.750                   0.208                   0.292                   0.000                   0.125                   0.917                   0.292
portal-pool                      0.000                   0.375                   0.000                   0.708                   0.750                   0.833                   0.333                   0.167                   0.375                   0.417                   0.167                   0.083                   0.042                   0.167                   0.708                   0.125
ramp-37772                       0.375                   0.708                   0.250                   0.875                   0.958                   1.000                   0.708                   0.333                   0.667                   0.792                   0.375                   0.542                   0.375                   0.583                   0.917                   0.708
ramp-claywies                    0.417                   0.625                   0.292                   0.917                   0.875                   0.958                   0.792                   0.417                   0.750                   0.708                   0.500                   0.375                   0.375                   0.583                   0.875                   0.750
royal-nattui                     0.333                   0.875                   0.375                   0.958                   0.958                   1.000                   0.833                   0.583                   0.625                   0.917                   0.500                   0.667                   0.417                   0.667                   0.958                   0.875
rune-mach15                      0.042                   0.833                   0.292                   0.958                   0.875                   1.000                   0.500                   0.542                   0.625                   0.875                   0.375                   0.292                   0.458                   0.542                   0.917                   0.625
rune-pool                        0.042                   0.292                   0.000                   0.667                   0.375                   0.667                   0.125                   0.125                   0.083                   0.292                   0.042                   0.125                   0.000                   0.000                   0.458                   0.125
sword-pool                       0.083                   0.625                   0.083                   0.875                   0.833                   0.958                   0.708                   0.167                   0.542                   0.792                   0.292                   0.208                   0.083                   0.333                   0.875                   0.542

First-player win rate / mean turns
                           abyss-p8rfn              abyss-pool          afnm-minatodao            basic-forest            basic-portal              basic-rune             dragon-pool            elf-neanisu2             forest-pool             portal-pool              ramp-37772           ramp-claywies            royal-nattui             rune-mach15               rune-pool              sword-pool
abyss-p8rfn              0.708 /   9.0           0.500 /   7.9           0.542 /   8.5           0.500 /   7.4           0.500 /   7.8           0.500 /   7.2           0.625 /   8.2           0.458 /   8.8           0.667 /   8.8           0.500 /   7.6           0.625 /   8.1           0.542 /   8.1           0.542 /   8.0           0.750 /   8.3           0.500 /   7.3           0.542 /   8.9
abyss-pool               0.542 /   8.5           0.500 /   8.9           0.500 /   7.5           0.542 /   7.7           0.583 /   8.3           0.458 /   6.5           0.375 /   8.6           0.417 /   8.6           0.542 /   9.3           0.375 /   7.9           0.458 /   8.5           0.375 /   8.0           0.542 /   8.7           0.542 /   9.2           0.458 /   9.8           0.417 /   9.7
afnm-minatodao           0.542 /   9.0           0.458 /   7.9           0.625 /   9.1           0.500 /   7.0           0.500 /   7.5           0.500 /   6.3           0.583 /   8.1           0.375 /   8.5           0.583 /   8.3           0.500 /   7.2           0.708 /   8.2           0.542 /   8.0           0.667 /   8.1           0.417 /   8.2           0.500 /   6.8           0.458 /   8.0
basic-forest             0.500 /   7.5           0.542 /   8.1           0.500 /   7.0           0.417 /   8.3           0.583 /   9.2           0.500 /   8.2           0.583 /   7.5           0.458 /   7.5           0.458 /   8.6           0.625 /   8.9           0.375 /   8.3           0.583 /   8.2           0.458 /   7.1           0.458 /   8.3           0.583 /   9.0           0.500 /   7.8
basic-portal             0.500 /   7.7           0.458 /   8.5           0.500 /   7.5           0.542 /   9.2           0.333 /   9.4           0.542 /   7.9           0.458 /   7.9           0.542 /   7.2           0.583 /   8.9           0.500 /   8.9           0.500 /   9.2           0.458 /   8.6           0.417 /   7.6           0.542 /   8.1           0.500 /   9.7           0.542 /   8.3
basic-rune               0.500 /   6.8           0.500 /   6.9           0.500 /   6.2           0.542 /   8.3           0.458 /   8.7           0.500 /   7.5           0.500 /   7.1           0.500 /   6.6           0.542 /   7.0           0.667 /   7.6           0.542 /   7.6           0.500 /   7.4           0.542 /   6.9           0.500 /   6.9           0.542 /   8.4           0.542 /   6.9
dragon-pool              0.458 /   8.1           0.667 /   7.7           0.583 /   7.9           0.458 /   7.5           0.500 /   7.8           0.542 /   7.1           0.500 /   7.6           0.708 /   8.3           0.500 /   8.2           0.542 /   8.1           0.500 /   9.1           0.542 /   8.2           0.667 /   8.0           0.625 /   9.2           0.583 /   9.5           0.667 /   9.2
elf-neanisu2             0.417 /   8.3           0.583 /   7.8           0.625 /   8.7           0.500 /   7.6           0.583 /   8.2           0.458 /   7.0           0.750 /   8.1           0.542 /   8.8           0.625 /   8.4           0.542 /   7.5           0.625 /   8.2           0.708 /   9.5           0.667 /   8.2           0.542 /   8.8           0.625 /   7.7           0.583 /   8.9
forest-pool              0.542 /   8.5           0.583 /   8.2           0.542 /   8.0           0.542 /   8.1           0.667 /   8.8           0.500 /   7.1           0.542 /   8.4           0.500 /   8.3           0.542 /   9.4           0.667 /   8.8           0.625 /   9.4           0.542 /   9.1           0.500 /   9.0           0.542 /   9.0           0.500 /   8.8           0.542 /   9.4
portal-pool              0.500 /   7.5           0.458 /   8.1           0.500 /   7.2           0.542 /   8.3           0.500 /   7.8           0.667 /   8.0           0.583 /   8.0           0.583 /   7.4           0.292 /   8.6           0.500 /   8.1           0.500 /   8.3           0.583 /   8.4           0.458 /   7.7           0.583 /   8.2           0.542 /   9.9           0.625 /   8.7
ramp-37772               0.708 /   8.7           0.542 /   8.3           0.667 /   8.9           0.542 /   8.2           0.458 /   8.8           0.500 /   7.8           0.458 /   8.9           0.417 /   8.1           0.583 /  10.0           0.625 /   8.1           0.542 /   8.8           0.542 /  10.5           0.625 /   7.9           0.583 /   8.7           0.583 /   8.0           0.542 /   9.0
ramp-claywies            0.583 /   8.3           0.625 /   7.6           0.625 /   8.5           0.583 /   8.0           0.542 /   8.8           0.542 /   7.5           0.458 /   8.5           0.667 /   8.8           0.583 /   9.5           0.542 /   7.8           0.667 /   9.4           0.625 /   8.9           0.708 /   9.2           0.583 /   8.7           0.542 /   8.2           0.500 /   9.1
royal-nattui             0.500 /   8.0           0.542 /   8.7           0.625 /   8.7           0.542 /   8.5           0.542 /   8.0           0.500 /   6.8           0.583 /   7.9           0.583 /   9.0           0.708 /   9.6           0.583 /   7.4           0.583 /   8.7           0.750 /   8.4           0.500 /   8.9           0.583 /   8.7           0.458 /   8.3           0.625 /   8.8
rune-mach15              0.542 /   8.0           0.583 /   9.0           0.792 /   8.3           0.542 /   8.1           0.542 /   8.5           0.500 /   7.6           0.667 /   8.9           0.792 /   9.0           0.625 /   9.4           0.542 /   8.3           0.625 /   9.2           0.542 /   9.0           0.542 /   8.3           0.792 /   9.0           0.583 /   8.7           0.542 /   9.5
rune-pool                0.458 /   7.8           0.542 /   8.9           0.500 /   7.0           0.500 /   9.2           0.625 /   9.2           0.500 /   8.4           0.542 /   8.7           0.542 /   7.8           0.500 /   9.2           0.625 /   8.5           0.458 /   8.5           0.458 /   8.3           0.500 /   7.8           0.500 /   8.9           0.542 /  11.4           0.542 /   8.8
sword-pool               0.583 /   8.5           0.625 /   9.3           0.500 /   8.4           0.542 /   8.1           0.417 /   8.0           0.542 /   7.0           0.542 /   8.5           0.667 /   8.2           0.542 /   9.4           0.458 /   9.6           0.542 /   9.7           0.625 /   9.6           0.500 /   8.3           0.750 /   9.8           0.625 /   9.2           0.708 /  10.9

A win rate over decisive games, Wilson 95% [lo, hi]
                           abyss-p8rfn              abyss-pool          afnm-minatodao            basic-forest            basic-portal              basic-rune             dragon-pool            elf-neanisu2             forest-pool             portal-pool              ramp-37772           ramp-claywies            royal-nattui             rune-mach15               rune-pool              sword-pool
abyss-p8rfn       0.708 [0.508, 0.851]    1.000 [0.862, 1.000]    0.542 [0.351, 0.721]    1.000 [0.862, 1.000]    1.000 [0.862, 1.000]    1.000 [0.862, 1.000]    0.875 [0.690, 0.957]    0.875 [0.690, 0.957]    0.750 [0.551, 0.880]    1.000 [0.862, 1.000]    0.708 [0.508, 0.851]    0.792 [0.595, 0.908]    0.542 [0.351, 0.721]    0.750 [0.551, 0.880]    1.000 [0.862, 1.000]    0.875 [0.690, 0.957]
abyss-pool        0.042 [0.007, 0.202]    0.500 [0.314, 0.686]    0.083 [0.023, 0.258]    0.958 [0.798, 0.993]    0.750 [0.551, 0.880]    0.958 [0.798, 0.993]    0.458 [0.279, 0.649]    0.083 [0.023, 0.258]    0.208 [0.092, 0.405]    0.708 [0.508, 0.851]    0.208 [0.092, 0.405]    0.375 [0.212, 0.573]    0.042 [0.007, 0.202]    0.375 [0.212, 0.573]    0.875 [0.690, 0.957]    0.250 [0.120, 0.449]
afnm-minatodao    0.542 [0.351, 0.721]    0.958 [0.798, 0.993]    0.375 [0.212, 0.573]    1.000 [0.862, 1.000]    1.000 [0.862, 1.000]    1.000 [0.862, 1.000]    0.833 [0.641, 0.933]    0.792 [0.595, 0.908]    0.917 [0.742, 0.977]    1.000 [0.862, 1.000]    0.708 [0.508, 0.851]    0.875 [0.690, 0.957]    0.750 [0.551, 0.880]    0.833 [0.641, 0.933]    1.000 [0.862, 1.000]    0.792 [0.595, 0.908]
basic-forest      0.000 [0.000, 0.138]    0.125 [0.043, 0.310]    0.000 [0.000, 0.138]    0.333 [0.180, 0.533]    0.500 [0.314, 0.686]    0.750 [0.551, 0.880]    0.083 [0.023, 0.258]    0.042 [0.007, 0.202]    0.208 [0.092, 0.405]    0.208 [0.092, 0.405]    0.125 [0.043, 0.310]    0.083 [0.023, 0.258]    0.042 [0.007, 0.202]    0.042 [0.007, 0.202]    0.500 [0.314, 0.686]    0.083 [0.023, 0.258]
basic-portal      0.000 [0.000, 0.138]    0.458 [0.279, 0.649]    0.000 [0.000, 0.138]    0.875 [0.690, 0.957]    0.583 [0.388, 0.755]    0.792 [0.595, 0.908]    0.125 [0.043, 0.310]    0.042 [0.007, 0.202]    0.167 [0.067, 0.359]    0.583 [0.388, 0.755]    0.000 [0.000, 0.138]    0.042 [0.007, 0.202]    0.083 [0.023, 0.258]    0.042 [0.007, 0.202]    0.500 [0.314, 0.686]    0.125 [0.043, 0.310]
basic-rune        0.000 [0.000, 0.138]    0.000 [0.000, 0.138]    0.000 [0.000, 0.138]    0.292 [0.149, 0.492]    0.125 [0.043, 0.310]    0.667 [0.467, 0.820]    0.000 [0.000, 0.138]    0.000 [0.000, 0.138]    0.042 [0.007, 0.202]    0.250 [0.120, 0.449]    0.042 [0.007, 0.202]    0.000 [0.000, 0.138]    0.042 [0.007, 0.202]    0.000 [0.000, 0.138]    0.208 [0.092, 0.405]    0.042 [0.007, 0.202]
dragon-pool       0.125 [0.043, 0.310]    0.333 [0.180, 0.533]    0.083 [0.023, 0.258]    0.875 [0.690, 0.957]    0.833 [0.641, 0.933]    0.875 [0.690, 0.957]    0.500 [0.314, 0.686]    0.208 [0.092, 0.405]    0.583 [0.388, 0.755]    0.625 [0.427, 0.788]    0.083 [0.023, 0.258]    0.125 [0.043, 0.310]    0.167 [0.067, 0.359]    0.375 [0.212, 0.573]    0.750 [0.551, 0.880]    0.250 [0.120, 0.449]
elf-neanisu2      0.167 [0.067, 0.359]    0.917 [0.742, 0.977]    0.208 [0.092, 0.405]    1.000 [0.862, 1.000]    0.917 [0.742, 0.977]    0.958 [0.798, 0.993]    0.750 [0.551, 0.880]    0.458 [0.279, 0.649]    0.792 [0.595, 0.908]    0.958 [0.798, 0.993]    0.792 [0.595, 0.908]    0.708 [0.508, 0.851]    0.500 [0.314, 0.686]    0.625 [0.427, 0.788]    0.875 [0.690, 0.957]    0.667 [0.467, 0.820]
forest-pool       0.125 [0.043, 0.310]    0.417 [0.245, 0.612]    0.125 [0.043, 0.310]    0.958 [0.798, 0.993]    0.833 [0.641, 0.933]    1.000 [0.862, 1.000]    0.458 [0.279, 0.649]    0.167 [0.067, 0.359]    0.458 [0.279, 0.649]    0.750 [0.551, 0.880]    0.208 [0.092, 0.405]    0.292 [0.149, 0.492]    0.000 [0.000, 0.138]    0.125 [0.043, 0.310]    0.917 [0.742, 0.977]    0.292 [0.149, 0.492]
portal-pool       0.000 [0.000, 0.138]    0.375 [0.212, 0.573]    0.000 [0.000, 0.138]    0.708 [0.508, 0.851]    0.750 [0.551, 0.880]    0.833 [0.641, 0.933]    0.333 [0.180, 0.533]    0.167 [0.067, 0.359]    0.375 [0.212, 0.573]    0.417 [0.245, 0.612]    0.167 [0.067, 0.359]    0.083 [0.023, 0.258]    0.042 [0.007, 0.202]    0.167 [0.067, 0.359]    0.708 [0.508, 0.851]    0.125 [0.043, 0.310]
ramp-37772        0.375 [0.212, 0.573]    0.708 [0.508, 0.851]    0.250 [0.120, 0.449]    0.875 [0.690, 0.957]    0.958 [0.798, 0.993]    1.000 [0.862, 1.000]    0.708 [0.508, 0.851]    0.333 [0.180, 0.533]    0.667 [0.467, 0.820]    0.792 [0.595, 0.908]    0.375 [0.212, 0.573]    0.542 [0.351, 0.721]    0.375 [0.212, 0.573]    0.583 [0.388, 0.755]    0.917 [0.742, 0.977]    0.708 [0.508, 0.851]
ramp-claywies     0.417 [0.245, 0.612]    0.625 [0.427, 0.788]    0.292 [0.149, 0.492]    0.917 [0.742, 0.977]    0.875 [0.690, 0.957]    0.958 [0.798, 0.993]    0.792 [0.595, 0.908]    0.417 [0.245, 0.612]    0.750 [0.551, 0.880]    0.708 [0.508, 0.851]    0.500 [0.314, 0.686]    0.375 [0.212, 0.573]    0.375 [0.212, 0.573]    0.583 [0.388, 0.755]    0.875 [0.690, 0.957]    0.750 [0.551, 0.880]
royal-nattui      0.333 [0.180, 0.533]    0.875 [0.690, 0.957]    0.375 [0.212, 0.573]    0.958 [0.798, 0.993]    0.958 [0.798, 0.993]    1.000 [0.862, 1.000]    0.833 [0.641, 0.933]    0.583 [0.388, 0.755]    0.625 [0.427, 0.788]    0.917 [0.742, 0.977]    0.500 [0.314, 0.686]    0.667 [0.467, 0.820]    0.417 [0.245, 0.612]    0.667 [0.467, 0.820]    0.958 [0.798, 0.993]    0.875 [0.690, 0.957]
rune-mach15       0.042 [0.007, 0.202]    0.833 [0.641, 0.933]    0.292 [0.149, 0.492]    0.958 [0.798, 0.993]    0.875 [0.690, 0.957]    1.000 [0.862, 1.000]    0.500 [0.314, 0.686]    0.542 [0.351, 0.721]    0.625 [0.427, 0.788]    0.875 [0.690, 0.957]    0.375 [0.212, 0.573]    0.292 [0.149, 0.492]    0.458 [0.279, 0.649]    0.542 [0.351, 0.721]    0.917 [0.742, 0.977]    0.625 [0.427, 0.788]
rune-pool         0.042 [0.007, 0.202]    0.292 [0.149, 0.492]    0.000 [0.000, 0.138]    0.667 [0.467, 0.820]    0.375 [0.212, 0.573]    0.667 [0.467, 0.820]    0.125 [0.043, 0.310]    0.125 [0.043, 0.310]    0.083 [0.023, 0.258]    0.292 [0.149, 0.492]    0.042 [0.007, 0.202]    0.125 [0.043, 0.310]    0.000 [0.000, 0.138]    0.000 [0.000, 0.138]    0.458 [0.279, 0.649]    0.125 [0.043, 0.310]
sword-pool        0.083 [0.023, 0.258]    0.625 [0.427, 0.788]    0.083 [0.023, 0.258]    0.875 [0.690, 0.957]    0.833 [0.641, 0.933]    0.958 [0.798, 0.993]    0.708 [0.508, 0.851]    0.167 [0.067, 0.359]    0.542 [0.351, 0.721]    0.792 [0.595, 0.908]    0.292 [0.149, 0.492]    0.208 [0.092, 0.405]    0.083 [0.023, 0.258]    0.333 [0.180, 0.533]    0.875 [0.690, 0.957]    0.542 [0.351, 0.721]
6144 games in 3294.349s (1.9 games/s)
wrote C:\Users\agban\projects\arena\results\net3\data-e0.json


=== summary ===
h0 vs h0
games: 6144  decisive: 6144  draws: 0
policy_a win rate: 0.494 [0.481, 0.506]
first-player win rate: 0.547
mean turns: 8.33  mean actions: 77.87
end: lethal=6143 deckout=1 turn_cap=0 action_cap=0 no_legal=0 illegal=0
3294.349s  1.87 games/s  cpus=28
samples: 478420 (77.9 per game)
per deck:
  abyss-p8rfn: policy_a (row) 0.839  policy_b (col) 0.812
  abyss-pool: policy_a (row) 0.430  policy_b (col) 0.435
  afnm-minatodao: policy_a (row) 0.836  policy_b (col) 0.831
  basic-forest: policy_a (row) 0.195  policy_b (col) 0.172
  basic-portal: policy_a (row) 0.276  policy_b (col) 0.240
  basic-rune: policy_a (row) 0.107  policy_b (col) 0.099
  dragon-pool: policy_a (row) 0.424  policy_b (col) 0.495
  elf-neanisu2: policy_a (row) 0.706  policy_b (col) 0.688
  forest-pool: policy_a (row) 0.445  policy_b (col) 0.513
  portal-pool: policy_a (row) 0.328  policy_b (col) 0.320
  ramp-37772: policy_a (row) 0.635  policy_b (col) 0.680
  ramp-claywies: policy_a (row) 0.638  policy_b (col) 0.651
  royal-nattui: policy_a (row) 0.721  policy_b (col) 0.755
  rune-mach15: policy_a (row) 0.609  policy_b (col) 0.622
  rune-pool: policy_a (row) 0.214  policy_b (col) 0.229
  sword-pool: policy_a (row) 0.500  policy_b (col) 0.555
