matchup: 16 decks × 24 games = 6144 games (seed=402, policy_a=h0, policy_b=h0, first=alternate, threads=None)
Win rate (row = A, col = B; cell = A's win rate)
                           abyss-p8rfn              abyss-pool          afnm-minatodao            basic-forest            basic-portal              basic-rune             dragon-pool            elf-neanisu2             forest-pool             portal-pool              ramp-37772           ramp-claywies            royal-nattui             rune-mach15               rune-pool              sword-pool
abyss-p8rfn                      0.542                   1.000                   0.625                   0.958                   1.000                   1.000                   0.917                   0.583                   0.750                   1.000                   0.792                   0.750                   0.667                   0.667                   0.958                   0.708
abyss-pool                       0.042                   0.375                   0.083                   0.875                   0.625                   0.875                   0.583                   0.167                   0.333                   0.667                   0.458                   0.167                   0.250                   0.292                   0.750                   0.375
afnm-minatodao                   0.625                   0.917                   0.458                   1.000                   1.000                   0.958                   0.667                   0.667                   0.833                   1.000                   0.542                   0.750                   0.792                   0.625                   1.000                   0.750
basic-forest                     0.042                   0.292                   0.042                   0.250                   0.292                   0.667                   0.042                   0.042                   0.292                   0.250                   0.042                   0.083                   0.167                   0.167                   0.417                   0.167
basic-portal                     0.000                   0.167                   0.000                   0.625                   0.458                   0.708                   0.167                   0.083                   0.250                   0.417                   0.167                   0.083                   0.083                   0.125                   0.375                   0.125
basic-rune                       0.042                   0.042                   0.000                   0.458                   0.292                   0.708                   0.083                   0.000                   0.042                   0.250                   0.042                   0.083                   0.125                   0.083                   0.375                   0.042
dragon-pool                      0.125                   0.333                   0.208                   0.917                   0.917                   0.917                   0.500                   0.250                   0.417                   0.500                   0.292                   0.125                   0.208                   0.417                   0.875                   0.458
elf-neanisu2                     0.292                   0.875                   0.292                   1.000                   0.958                   1.000                   0.708                   0.417                   0.792                   0.708                   0.417                   0.750                   0.583                   0.583                   0.958                   0.750
forest-pool                      0.250                   0.500                   0.167                   0.917                   0.708                   0.958                   0.583                   0.375                   0.542                   0.625                   0.375                   0.417                   0.208                   0.375                   0.958                   0.542
portal-pool                      0.083                   0.292                   0.125                   0.750                   0.625                   0.833                   0.417                   0.125                   0.250                   0.417                   0.167                   0.292                   0.125                   0.208                   0.708                   0.375
ramp-37772                       0.292                   0.667                   0.167                   0.792                   0.833                   0.958                   0.792                   0.417                   0.625                   0.750                   0.583                   0.500                   0.333                   0.625                   0.708                   0.708
ramp-claywies                    0.250                   0.792                   0.417                   1.000                   1.000                   0.833                   0.750                   0.708                   0.708                   0.833                   0.583                   0.542                   0.417                   0.375                   0.958                   0.667
royal-nattui                     0.250                   0.833                   0.542                   0.833                   0.917                   0.875                   0.667                   0.625                   0.750                   0.750                   0.542                   0.667                   0.333                   0.625                   0.875                   0.708
rune-mach15                      0.083                   0.667                   0.250                   0.875                   0.833                   0.875                   0.458                   0.292                   0.667                   0.667                   0.458                   0.500                   0.417                   0.500                   0.958                   0.625
rune-pool                        0.000                   0.417                   0.000                   0.500                   0.500                   0.833                   0.292                   0.042                   0.167                   0.458                   0.083                   0.250                   0.000                   0.250                   0.500                   0.000
sword-pool                       0.208                   0.667                   0.167                   0.833                   0.875                   0.958                   0.583                   0.417                   0.375                   0.667                   0.375                   0.375                   0.250                   0.333                   0.833                   0.625

First-player win rate / mean turns
                           abyss-p8rfn              abyss-pool          afnm-minatodao            basic-forest            basic-portal              basic-rune             dragon-pool            elf-neanisu2             forest-pool             portal-pool              ramp-37772           ramp-claywies            royal-nattui             rune-mach15               rune-pool              sword-pool
abyss-p8rfn              0.708 /   9.1           0.500 /   7.8           0.458 /   8.4           0.542 /   7.5           0.500 /   8.2           0.500 /   7.5           0.583 /   8.1           0.667 /   8.5           0.583 /   8.4           0.500 /   7.4           0.542 /   8.6           0.500 /   8.4           0.500 /   7.9           0.583 /   8.2           0.542 /   7.6           0.458 /   8.7
abyss-pool               0.458 /   8.0           0.625 /   8.9           0.417 /   7.7           0.542 /   8.0           0.542 /   9.0           0.542 /   7.0           0.500 /   8.2           0.583 /   8.4           0.583 /   8.9           0.417 /   7.8           0.542 /   8.2           0.417 /   8.2           0.500 /   8.6           0.375 /   9.0           0.583 /   8.3           0.625 /   9.0
afnm-minatodao           0.542 /   9.1           0.500 /   7.9           0.708 /   8.4           0.500 /   7.5           0.500 /   7.4           0.542 /   7.0           0.667 /   8.3           0.500 /   8.5           0.333 /   7.9           0.500 /   7.1           0.625 /   8.0           0.583 /   8.2           0.542 /   8.7           0.708 /   8.8           0.500 /   8.2           0.500 /   9.0
basic-forest             0.458 /   7.5           0.542 /   8.5           0.458 /   7.5           0.583 /   8.8           0.625 /   8.8           0.333 /   8.2           0.458 /   8.1           0.458 /   7.5           0.458 /   8.3           0.500 /   8.2           0.458 /   8.2           0.500 /   8.4           0.667 /   7.8           0.500 /   8.5           0.583 /   9.4           0.583 /   8.5
basic-portal             0.500 /   8.1           0.500 /   8.8           0.500 /   8.1           0.542 /   8.7           0.375 /   9.1           0.542 /   8.6           0.417 /   8.5           0.500 /   8.1           0.500 /   9.1           0.500 /   8.5           0.583 /   8.7           0.417 /   8.7           0.583 /   8.4           0.542 /   8.6           0.625 /   9.8           0.625 /   8.8
basic-rune               0.458 /   7.5           0.542 /   7.4           0.500 /   6.8           0.375 /   8.2           0.375 /   8.8           0.542 /   7.9           0.500 /   7.5           0.500 /   7.3           0.542 /   7.2           0.417 /   7.5           0.542 /   8.2           0.500 /   7.8           0.542 /   7.6           0.583 /   7.8           0.542 /   8.4           0.542 /   7.3
dragon-pool              0.458 /   7.8           0.500 /   8.0           0.542 /   8.0           0.500 /   8.3           0.583 /   8.3           0.417 /   7.7           0.583 /   8.1           0.583 /   8.9           0.417 /   8.5           0.417 /   7.9           0.708 /   8.5           0.625 /   9.0           0.708 /   7.8           0.500 /   8.1           0.458 /   8.2           0.542 /   9.1
elf-neanisu2             0.625 /   8.7           0.625 /   8.3           0.375 /   8.4           0.500 /   7.4           0.542 /   8.0           0.500 /   7.6           0.542 /   8.5           0.750 /   8.5           0.458 /   8.4           0.542 /   7.9           0.583 /   8.5           0.500 /   9.0           0.583 /   8.9           0.583 /   8.2           0.542 /   7.8           0.667 /   8.5
forest-pool              0.500 /   8.3           0.583 /   8.9           0.500 /   8.7           0.583 /   8.6           0.625 /   8.9           0.542 /   7.1           0.750 /   8.6           0.458 /   8.3           0.625 /   8.9           0.542 /   8.2           0.542 /   8.7           0.667 /   9.0           0.375 /   8.2           0.708 /   9.8           0.542 /   9.2           0.625 /   8.8
portal-pool              0.583 /   8.1           0.542 /   8.1           0.625 /   7.5           0.417 /   8.7           0.542 /   8.5           0.500 /   7.9           0.500 /   8.0           0.458 /   7.6           0.500 /   8.0           0.333 /   8.2           0.500 /   8.5           0.542 /   8.0           0.625 /   7.7           0.458 /   7.9           0.625 /   8.7           0.625 /   8.6
ramp-37772               0.542 /   8.2           0.500 /   8.0           0.667 /   7.7           0.542 /   8.2           0.500 /   9.0           0.542 /   8.1           0.625 /   9.6           0.500 /   8.8           0.625 /   8.8           0.667 /   8.7           0.500 /   8.7           0.500 /   8.4           0.500 /   8.3           0.625 /   9.5           0.625 /   8.0           0.542 /  10.0
ramp-claywies            0.500 /   7.8           0.542 /   8.3           0.500 /   8.3           0.500 /   8.5           0.500 /   8.7           0.500 /   7.6           0.500 /   9.3           0.708 /   9.3           0.708 /   8.9           0.500 /   8.3           0.500 /   8.8           0.542 /   8.5           0.750 /   8.6           0.625 /   8.4           0.542 /   8.6           0.667 /   9.6
royal-nattui             0.500 /   8.4           0.583 /   8.4           0.542 /   8.5           0.500 /   8.0           0.500 /   8.1           0.458 /   6.8           0.500 /   7.9           0.625 /   8.3           0.500 /   8.4           0.667 /   8.6           0.708 /   8.7           0.417 /   8.4           0.667 /   8.9           0.625 /   8.6           0.542 /   7.7           0.542 /   9.2
rune-mach15              0.583 /   8.4           0.417 /   8.4           0.667 /   9.0           0.542 /   8.2           0.500 /   8.1           0.458 /   7.4           0.625 /   8.6           0.625 /   8.5           0.500 /  10.3           0.583 /   8.3           0.625 /   8.7           0.750 /   9.2           0.583 /   9.0           0.583 /   9.8           0.458 /   9.5           0.625 /   8.8
rune-pool                0.500 /   8.1           0.583 /   8.8           0.500 /   7.2           0.500 /   8.7           0.583 /   9.2           0.500 /   8.7           0.375 /   9.3           0.542 /   8.0           0.500 /   9.7           0.625 /   9.2           0.500 /   8.3           0.583 /   7.6           0.500 /   7.5           0.583 /   8.8           0.583 /  12.1           0.500 /  11.1
sword-pool               0.625 /   8.9           0.500 /   9.3           0.583 /   9.0           0.583 /   8.6           0.625 /   8.8           0.542 /   7.5           0.583 /   9.5           0.583 /   8.2           0.625 /   8.8           0.500 /   7.9           0.708 /   9.7           0.542 /   9.1           0.583 /   9.1           0.750 /   9.5           0.583 /   8.9           0.708 /  10.1

A win rate over decisive games, Wilson 95% [lo, hi]
                           abyss-p8rfn              abyss-pool          afnm-minatodao            basic-forest            basic-portal              basic-rune             dragon-pool            elf-neanisu2             forest-pool             portal-pool              ramp-37772           ramp-claywies            royal-nattui             rune-mach15               rune-pool              sword-pool
abyss-p8rfn       0.542 [0.351, 0.721]    1.000 [0.862, 1.000]    0.625 [0.427, 0.788]    0.958 [0.798, 0.993]    1.000 [0.862, 1.000]    1.000 [0.862, 1.000]    0.917 [0.742, 0.977]    0.583 [0.388, 0.755]    0.750 [0.551, 0.880]    1.000 [0.862, 1.000]    0.792 [0.595, 0.908]    0.750 [0.551, 0.880]    0.667 [0.467, 0.820]    0.667 [0.467, 0.820]    0.958 [0.798, 0.993]    0.708 [0.508, 0.851]
abyss-pool        0.042 [0.007, 0.202]    0.375 [0.212, 0.573]    0.083 [0.023, 0.258]    0.875 [0.690, 0.957]    0.625 [0.427, 0.788]    0.875 [0.690, 0.957]    0.583 [0.388, 0.755]    0.167 [0.067, 0.359]    0.333 [0.180, 0.533]    0.667 [0.467, 0.820]    0.458 [0.279, 0.649]    0.167 [0.067, 0.359]    0.250 [0.120, 0.449]    0.292 [0.149, 0.492]    0.750 [0.551, 0.880]    0.375 [0.212, 0.573]
afnm-minatodao    0.625 [0.427, 0.788]    0.917 [0.742, 0.977]    0.458 [0.279, 0.649]    1.000 [0.862, 1.000]    1.000 [0.862, 1.000]    0.958 [0.798, 0.993]    0.667 [0.467, 0.820]    0.667 [0.467, 0.820]    0.833 [0.641, 0.933]    1.000 [0.862, 1.000]    0.542 [0.351, 0.721]    0.750 [0.551, 0.880]    0.792 [0.595, 0.908]    0.625 [0.427, 0.788]    1.000 [0.862, 1.000]    0.750 [0.551, 0.880]
basic-forest      0.042 [0.007, 0.202]    0.292 [0.149, 0.492]    0.042 [0.007, 0.202]    0.250 [0.120, 0.449]    0.292 [0.149, 0.492]    0.667 [0.467, 0.820]    0.042 [0.007, 0.202]    0.042 [0.007, 0.202]    0.292 [0.149, 0.492]    0.250 [0.120, 0.449]    0.042 [0.007, 0.202]    0.083 [0.023, 0.258]    0.167 [0.067, 0.359]    0.167 [0.067, 0.359]    0.417 [0.245, 0.612]    0.167 [0.067, 0.359]
basic-portal      0.000 [0.000, 0.138]    0.167 [0.067, 0.359]    0.000 [0.000, 0.138]    0.625 [0.427, 0.788]    0.458 [0.279, 0.649]    0.708 [0.508, 0.851]    0.167 [0.067, 0.359]    0.083 [0.023, 0.258]    0.250 [0.120, 0.449]    0.417 [0.245, 0.612]    0.167 [0.067, 0.359]    0.083 [0.023, 0.258]    0.083 [0.023, 0.258]    0.125 [0.043, 0.310]    0.375 [0.212, 0.573]    0.125 [0.043, 0.310]
basic-rune        0.042 [0.007, 0.202]    0.042 [0.007, 0.202]    0.000 [0.000, 0.138]    0.458 [0.279, 0.649]    0.292 [0.149, 0.492]    0.708 [0.508, 0.851]    0.083 [0.023, 0.258]    0.000 [0.000, 0.138]    0.042 [0.007, 0.202]    0.250 [0.120, 0.449]    0.042 [0.007, 0.202]    0.083 [0.023, 0.258]    0.125 [0.043, 0.310]    0.083 [0.023, 0.258]    0.375 [0.212, 0.573]    0.042 [0.007, 0.202]
dragon-pool       0.125 [0.043, 0.310]    0.333 [0.180, 0.533]    0.208 [0.092, 0.405]    0.917 [0.742, 0.977]    0.917 [0.742, 0.977]    0.917 [0.742, 0.977]    0.500 [0.314, 0.686]    0.250 [0.120, 0.449]    0.417 [0.245, 0.612]    0.500 [0.314, 0.686]    0.292 [0.149, 0.492]    0.125 [0.043, 0.310]    0.208 [0.092, 0.405]    0.417 [0.245, 0.612]    0.875 [0.690, 0.957]    0.458 [0.279, 0.649]
elf-neanisu2      0.292 [0.149, 0.492]    0.875 [0.690, 0.957]    0.292 [0.149, 0.492]    1.000 [0.862, 1.000]    0.958 [0.798, 0.993]    1.000 [0.862, 1.000]    0.708 [0.508, 0.851]    0.417 [0.245, 0.612]    0.792 [0.595, 0.908]    0.708 [0.508, 0.851]    0.417 [0.245, 0.612]    0.750 [0.551, 0.880]    0.583 [0.388, 0.755]    0.583 [0.388, 0.755]    0.958 [0.798, 0.993]    0.750 [0.551, 0.880]
forest-pool       0.250 [0.120, 0.449]    0.500 [0.314, 0.686]    0.167 [0.067, 0.359]    0.917 [0.742, 0.977]    0.708 [0.508, 0.851]    0.958 [0.798, 0.993]    0.583 [0.388, 0.755]    0.375 [0.212, 0.573]    0.542 [0.351, 0.721]    0.625 [0.427, 0.788]    0.375 [0.212, 0.573]    0.417 [0.245, 0.612]    0.208 [0.092, 0.405]    0.375 [0.212, 0.573]    0.958 [0.798, 0.993]    0.542 [0.351, 0.721]
portal-pool       0.083 [0.023, 0.258]    0.292 [0.149, 0.492]    0.125 [0.043, 0.310]    0.750 [0.551, 0.880]    0.625 [0.427, 0.788]    0.833 [0.641, 0.933]    0.417 [0.245, 0.612]    0.125 [0.043, 0.310]    0.250 [0.120, 0.449]    0.417 [0.245, 0.612]    0.167 [0.067, 0.359]    0.292 [0.149, 0.492]    0.125 [0.043, 0.310]    0.208 [0.092, 0.405]    0.708 [0.508, 0.851]    0.375 [0.212, 0.573]
ramp-37772        0.292 [0.149, 0.492]    0.667 [0.467, 0.820]    0.167 [0.067, 0.359]    0.792 [0.595, 0.908]    0.833 [0.641, 0.933]    0.958 [0.798, 0.993]    0.792 [0.595, 0.908]    0.417 [0.245, 0.612]    0.625 [0.427, 0.788]    0.750 [0.551, 0.880]    0.583 [0.388, 0.755]    0.500 [0.314, 0.686]    0.333 [0.180, 0.533]    0.625 [0.427, 0.788]    0.708 [0.508, 0.851]    0.708 [0.508, 0.851]
ramp-claywies     0.250 [0.120, 0.449]    0.792 [0.595, 0.908]    0.417 [0.245, 0.612]    1.000 [0.862, 1.000]    1.000 [0.862, 1.000]    0.833 [0.641, 0.933]    0.750 [0.551, 0.880]    0.708 [0.508, 0.851]    0.708 [0.508, 0.851]    0.833 [0.641, 0.933]    0.583 [0.388, 0.755]    0.542 [0.351, 0.721]    0.417 [0.245, 0.612]    0.375 [0.212, 0.573]    0.958 [0.798, 0.993]    0.667 [0.467, 0.820]
royal-nattui      0.250 [0.120, 0.449]    0.833 [0.641, 0.933]    0.542 [0.351, 0.721]    0.833 [0.641, 0.933]    0.917 [0.742, 0.977]    0.875 [0.690, 0.957]    0.667 [0.467, 0.820]    0.625 [0.427, 0.788]    0.750 [0.551, 0.880]    0.750 [0.551, 0.880]    0.542 [0.351, 0.721]    0.667 [0.467, 0.820]    0.333 [0.180, 0.533]    0.625 [0.427, 0.788]    0.875 [0.690, 0.957]    0.708 [0.508, 0.851]
rune-mach15       0.083 [0.023, 0.258]    0.667 [0.467, 0.820]    0.250 [0.120, 0.449]    0.875 [0.690, 0.957]    0.833 [0.641, 0.933]    0.875 [0.690, 0.957]    0.458 [0.279, 0.649]    0.292 [0.149, 0.492]    0.667 [0.467, 0.820]    0.667 [0.467, 0.820]    0.458 [0.279, 0.649]    0.500 [0.314, 0.686]    0.417 [0.245, 0.612]    0.500 [0.314, 0.686]    0.958 [0.798, 0.993]    0.625 [0.427, 0.788]
rune-pool         0.000 [0.000, 0.138]    0.417 [0.245, 0.612]    0.000 [0.000, 0.138]    0.500 [0.314, 0.686]    0.500 [0.314, 0.686]    0.833 [0.641, 0.933]    0.292 [0.149, 0.492]    0.042 [0.007, 0.202]    0.167 [0.067, 0.359]    0.458 [0.279, 0.649]    0.083 [0.023, 0.258]    0.250 [0.120, 0.449]    0.000 [0.000, 0.138]    0.250 [0.120, 0.449]    0.500 [0.314, 0.686]    0.000 [0.000, 0.138]
sword-pool        0.208 [0.092, 0.405]    0.667 [0.467, 0.820]    0.167 [0.067, 0.359]    0.833 [0.641, 0.933]    0.875 [0.690, 0.957]    0.958 [0.798, 0.993]    0.583 [0.388, 0.755]    0.417 [0.245, 0.612]    0.375 [0.212, 0.573]    0.667 [0.467, 0.820]    0.375 [0.212, 0.573]    0.375 [0.212, 0.573]    0.250 [0.120, 0.449]    0.333 [0.180, 0.533]    0.833 [0.641, 0.933]    0.625 [0.427, 0.788]
6144 games in 2673.236s (2.3 games/s)
wrote C:\Users\agban\projects\arena\results\net3\data-e10.json


=== summary ===
h0 vs h0
games: 6144  decisive: 6144  draws: 0
policy_a win rate: 0.501 [0.489, 0.514]
first-player win rate: 0.544
mean turns: 8.41  mean actions: 77.17
end: lethal=6141 deckout=3 turn_cap=0 action_cap=0 no_legal=0 illegal=0
2673.236s  2.30 games/s  cpus=28
samples: 474160 (77.2 per game)
per deck:
  abyss-p8rfn: policy_a (row) 0.807  policy_b (col) 0.805
  abyss-pool: policy_a (row) 0.432  policy_b (col) 0.448
  afnm-minatodao: policy_a (row) 0.786  policy_b (col) 0.779
  basic-forest: policy_a (row) 0.203  policy_b (col) 0.214
  basic-portal: policy_a (row) 0.240  policy_b (col) 0.260
  basic-rune: policy_a (row) 0.167  policy_b (col) 0.128
  dragon-pool: policy_a (row) 0.466  policy_b (col) 0.487
  elf-neanisu2: policy_a (row) 0.693  policy_b (col) 0.674
  forest-pool: policy_a (row) 0.531  policy_b (col) 0.513
  portal-pool: policy_a (row) 0.362  policy_b (col) 0.378
  ramp-37772: policy_a (row) 0.609  policy_b (col) 0.630
  ramp-claywies: policy_a (row) 0.677  policy_b (col) 0.604
  royal-nattui: policy_a (row) 0.674  policy_b (col) 0.690
  rune-mach15: policy_a (row) 0.570  policy_b (col) 0.609
  rune-pool: policy_a (row) 0.268  policy_b (col) 0.237
  sword-pool: policy_a (row) 0.534  policy_b (col) 0.523
