matchup: 16 decks × 16 games = 4096 games (seed=1, policy_a=h0:value=net,net=C:\Users\agban\projects\arena\results\net3\linear.json, policy_b=h0, first=alternate, threads=None)
Win rate (row = A, col = B; cell = A's win rate)
                           abyss-p8rfn              abyss-pool          afnm-minatodao            basic-forest            basic-portal              basic-rune             dragon-pool            elf-neanisu2             forest-pool             portal-pool              ramp-37772           ramp-claywies            royal-nattui             rune-mach15               rune-pool              sword-pool
abyss-p8rfn                      0.500                   1.000                   0.562                   1.000                   1.000                   1.000                   0.750                   0.688                   0.875                   0.938                   0.812                   0.688                   0.812                   0.812                   0.938                   1.000
abyss-pool                       0.000                   0.750                   0.062                   0.812                   0.875                   0.938                   0.375                   0.062                   0.312                   0.562                   0.250                   0.250                   0.125                   0.312                   0.875                   0.312
afnm-minatodao                   0.438                   0.938                   0.562                   1.000                   1.000                   1.000                   1.000                   0.750                   0.812                   0.938                   0.625                   0.688                   0.562                   0.688                   1.000                   0.750
basic-forest                     0.000                   0.062                   0.000                   0.625                   0.188                   0.875                   0.125                   0.000                   0.188                   0.375                   0.125                   0.062                   0.000                   0.062                   0.375                   0.062
basic-portal                     0.000                   0.062                   0.000                   0.625                   0.750                   0.875                   0.250                   0.000                   0.250                   0.500                   0.000                   0.125                   0.000                   0.125                   0.375                   0.000
basic-rune                       0.000                   0.062                   0.000                   0.562                   0.375                   0.750                   0.188                   0.000                   0.062                   0.125                   0.062                   0.000                   0.000                   0.062                   0.125                   0.062
dragon-pool                      0.250                   0.438                   0.125                   0.688                   0.875                   1.000                   0.438                   0.188                   0.312                   0.812                   0.312                   0.062                   0.188                   0.562                   0.938                   0.438
elf-neanisu2                     0.312                   0.812                   0.188                   1.000                   1.000                   1.000                   0.750                   0.375                   0.812                   0.812                   0.812                   0.688                   0.500                   0.375                   1.000                   0.688
forest-pool                      0.188                   0.625                   0.125                   1.000                   0.875                   1.000                   0.750                   0.250                   0.500                   0.812                   0.312                   0.250                   0.125                   0.125                   0.812                   0.438
portal-pool                      0.000                   0.125                   0.000                   0.562                   0.500                   0.875                   0.500                   0.125                   0.250                   0.625                   0.250                   0.125                   0.000                   0.375                   0.500                   0.312
ramp-37772                       0.250                   0.688                   0.375                   1.000                   0.875                   1.000                   0.750                   0.250                   0.750                   0.750                   0.312                   0.312                   0.438                   0.312                   0.938                   0.688
ramp-claywies                    0.062                   0.688                   0.062                   0.875                   0.938                   0.938                   0.875                   0.500                   0.688                   0.812                   0.312                   0.500                   0.375                   0.438                   0.938                   0.625
royal-nattui                     0.312                   0.875                   0.250                   0.938                   1.000                   1.000                   0.750                   0.312                   0.812                   0.938                   0.750                   0.812                   0.625                   0.625                   1.000                   0.750
rune-mach15                      0.250                   0.875                   0.250                   1.000                   1.000                   0.938                   0.688                   0.312                   0.625                   0.812                   0.562                   0.188                   0.500                   0.375                   0.875                   0.500
rune-pool                        0.000                   0.312                   0.000                   0.500                   0.500                   0.750                   0.250                   0.125                   0.125                   0.375                   0.000                   0.062                   0.000                   0.000                   0.250                   0.188
sword-pool                       0.250                   0.500                   0.062                   0.938                   1.000                   1.000                   0.688                   0.188                   0.750                   0.562                   0.375                   0.188                   0.312                   0.312                   0.875                   0.438

First-player win rate / mean turns
                           abyss-p8rfn              abyss-pool          afnm-minatodao            basic-forest            basic-portal              basic-rune             dragon-pool            elf-neanisu2             forest-pool             portal-pool              ramp-37772           ramp-claywies            royal-nattui             rune-mach15               rune-pool              sword-pool
abyss-p8rfn              0.625 /   9.0           0.500 /   7.5           0.438 /   8.3           0.500 /   7.4           0.500 /   7.8           0.500 /   7.4           0.625 /   7.7           0.312 /   8.3           0.500 /   8.3           0.438 /   7.3           0.562 /   7.6           0.438 /   8.3           0.562 /   7.9           0.688 /   8.3           0.562 /   7.5           0.500 /   8.4
abyss-pool               0.500 /   7.6           0.750 /   9.4           0.438 /   7.6           0.438 /   7.2           0.625 /   8.1           0.438 /   6.7           0.750 /   8.4           0.438 /   8.6           0.312 /   9.4           0.688 /   8.1           0.500 /   9.0           0.375 /   8.1           0.500 /   8.6           0.438 /   7.6           0.625 /   7.9           0.562 /   9.5
afnm-minatodao           0.438 /   8.9           0.438 /   7.8           0.688 /   8.2           0.500 /   7.1           0.500 /   7.8           0.500 /   6.6           0.500 /   7.9           0.625 /   8.9           0.438 /   8.7           0.562 /   7.2           0.750 /   8.4           0.562 /   8.3           0.562 /   8.8           0.688 /   8.9           0.500 /   7.4           0.500 /   8.9
basic-forest             0.500 /   7.6           0.562 /   8.1           0.500 /   6.9           0.750 /   8.8           0.562 /   8.4           0.375 /   7.6           0.500 /   8.1           0.500 /   6.9           0.562 /   8.3           0.500 /   7.4           0.500 /   8.1           0.438 /   8.2           0.500 /   7.8           0.562 /   7.6           0.625 /   8.8           0.562 /   8.2
basic-portal             0.500 /   8.2           0.562 /   7.8           0.500 /   7.6           0.500 /   8.3           0.500 /   9.2           0.500 /   7.8           0.375 /   7.8           0.500 /   7.3           0.625 /   8.7           0.500 /   8.4           0.500 /   8.9           0.500 /   7.7           0.500 /   7.7           0.625 /   8.1           0.625 /   9.0           0.500 /   7.8
basic-rune               0.500 /   7.3           0.438 /   7.4           0.500 /   6.1           0.438 /   7.2           0.500 /   8.1           0.625 /   8.6           0.688 /   7.2           0.500 /   6.8           0.562 /   7.2           0.375 /   6.7           0.438 /   7.8           0.500 /   7.3           0.500 /   7.2           0.438 /   7.8           0.625 /   7.4           0.562 /   7.1
dragon-pool              0.625 /   8.2           0.438 /   7.9           0.625 /   7.5           0.688 /   7.8           0.500 /   7.6           0.500 /   7.3           0.562 /   7.6           0.562 /   8.6           0.438 /   8.3           0.438 /   8.2           0.562 /   8.2           0.562 /   9.1           0.438 /   7.9           0.438 /   7.6           0.562 /   8.8           0.688 /   8.6
elf-neanisu2             0.688 /   8.3           0.562 /   8.0           0.438 /   8.2           0.500 /   7.6           0.500 /   7.9           0.500 /   6.7           0.375 /   7.8           0.500 /   8.1           0.438 /   8.1           0.562 /   7.9           0.562 /   7.7           0.562 /   8.3           0.625 /   8.9           0.375 /   8.8           0.500 /   8.1           0.688 /   8.6
forest-pool              0.562 /   7.9           0.500 /   9.2           0.500 /   7.8           0.500 /   8.0           0.625 /   8.1           0.500 /   6.8           0.625 /   7.6           0.500 /   8.0           0.625 /  10.0           0.438 /   8.3           0.688 /   8.5           0.500 /   8.2           0.625 /   8.6           0.625 /   9.0           0.312 /   9.2           0.438 /   9.6
portal-pool              0.500 /   7.5           0.500 /   7.8           0.500 /   6.8           0.438 /   7.9           0.500 /   8.5           0.375 /   7.9           0.625 /   8.6           0.500 /   7.8           0.500 /   9.4           0.375 /   7.8           0.625 /   8.5           0.375 /   7.3           0.500 /   7.9           0.625 /   8.3           0.500 /   9.5           0.562 /   9.1
ramp-37772               0.625 /   8.6           0.562 /   8.1           0.625 /   7.9           0.500 /   8.3           0.500 /   8.4           0.500 /   7.8           0.500 /   8.2           0.625 /   8.8           0.750 /   9.6           0.500 /   8.4           0.188 /   8.8           0.562 /   8.9           0.562 /   8.4           0.562 /   7.7           0.562 /   8.0           0.562 /   9.4
ramp-claywies            0.562 /   8.1           0.312 /   8.1           0.438 /   9.2           0.375 /   8.0           0.562 /   8.2           0.562 /   7.2           0.500 /   8.4           0.625 /   8.8           0.688 /   8.9           0.688 /   8.0           0.562 /   8.6           0.750 /  10.1           0.625 /   9.4           0.562 /   8.6           0.562 /   7.8           0.750 /  10.0
royal-nattui             0.562 /   8.1           0.500 /   8.8           0.625 /   8.3           0.562 /   7.2           0.500 /   8.2           0.500 /   6.8           0.625 /   7.8           0.688 /   8.2           0.562 /   9.2           0.562 /   7.9           0.375 /   8.0           0.688 /   8.1           0.625 /   7.9           0.750 /   8.2           0.500 /   7.1           0.625 /   8.6
rune-mach15              0.500 /   7.9           0.375 /   9.1           0.750 /   8.4           0.500 /   8.1           0.500 /   8.2           0.562 /   7.1           0.562 /   8.2           0.312 /   8.1           0.375 /   8.9           0.562 /   8.3           0.812 /   9.1           0.562 /   9.0           0.750 /   8.6           0.625 /   8.5           0.500 /   8.9           0.750 /  10.1
rune-pool                0.500 /   7.8           0.312 /   8.8           0.500 /   6.9           0.500 /   8.0           0.500 /   9.6           0.500 /   8.4           0.375 /   9.5           0.625 /   7.4           0.625 /   9.1           0.500 /   8.7           0.500 /   7.9           0.562 /   8.3           0.500 /   7.4           0.500 /   8.9           0.500 /   9.1           0.562 /   9.6
sword-pool               0.625 /   8.1           0.500 /   8.8           0.438 /   7.4           0.562 /   7.4           0.500 /   8.1           0.500 /   8.1           0.562 /   8.7           0.562 /   7.4           0.500 /   9.9           0.688 /   7.0           0.750 /   9.1           0.688 /   8.5           0.688 /   9.4           0.688 /   8.9           0.625 /   9.1           0.688 /   9.6

A win rate over decisive games, Wilson 95% [lo, hi]
                           abyss-p8rfn              abyss-pool          afnm-minatodao            basic-forest            basic-portal              basic-rune             dragon-pool            elf-neanisu2             forest-pool             portal-pool              ramp-37772           ramp-claywies            royal-nattui             rune-mach15               rune-pool              sword-pool
abyss-p8rfn       0.500 [0.280, 0.720]    1.000 [0.806, 1.000]    0.562 [0.332, 0.769]    1.000 [0.806, 1.000]    1.000 [0.806, 1.000]    1.000 [0.806, 1.000]    0.750 [0.505, 0.898]    0.688 [0.444, 0.858]    0.875 [0.640, 0.965]    0.938 [0.717, 0.989]    0.812 [0.570, 0.934]    0.688 [0.444, 0.858]    0.812 [0.570, 0.934]    0.812 [0.570, 0.934]    0.938 [0.717, 0.989]    1.000 [0.806, 1.000]
abyss-pool        0.000 [0.000, 0.194]    0.750 [0.505, 0.898]    0.062 [0.011, 0.283]    0.812 [0.570, 0.934]    0.875 [0.640, 0.965]    0.938 [0.717, 0.989]    0.375 [0.185, 0.614]    0.062 [0.011, 0.283]    0.312 [0.142, 0.556]    0.562 [0.332, 0.769]    0.250 [0.102, 0.495]    0.250 [0.102, 0.495]    0.125 [0.035, 0.360]    0.312 [0.142, 0.556]    0.875 [0.640, 0.965]    0.312 [0.142, 0.556]
afnm-minatodao    0.438 [0.231, 0.668]    0.938 [0.717, 0.989]    0.562 [0.332, 0.769]    1.000 [0.806, 1.000]    1.000 [0.806, 1.000]    1.000 [0.806, 1.000]    1.000 [0.806, 1.000]    0.750 [0.505, 0.898]    0.812 [0.570, 0.934]    0.938 [0.717, 0.989]    0.625 [0.386, 0.815]    0.688 [0.444, 0.858]    0.562 [0.332, 0.769]    0.688 [0.444, 0.858]    1.000 [0.806, 1.000]    0.750 [0.505, 0.898]
basic-forest      0.000 [0.000, 0.194]    0.062 [0.011, 0.283]    0.000 [0.000, 0.194]    0.625 [0.386, 0.815]    0.188 [0.066, 0.430]    0.875 [0.640, 0.965]    0.125 [0.035, 0.360]    0.000 [0.000, 0.194]    0.188 [0.066, 0.430]    0.375 [0.185, 0.614]    0.125 [0.035, 0.360]    0.062 [0.011, 0.283]    0.000 [0.000, 0.194]    0.062 [0.011, 0.283]    0.375 [0.185, 0.614]    0.062 [0.011, 0.283]
basic-portal      0.000 [0.000, 0.194]    0.062 [0.011, 0.283]    0.000 [0.000, 0.194]    0.625 [0.386, 0.815]    0.750 [0.505, 0.898]    0.875 [0.640, 0.965]    0.250 [0.102, 0.495]    0.000 [0.000, 0.194]    0.250 [0.102, 0.495]    0.500 [0.280, 0.720]    0.000 [0.000, 0.194]    0.125 [0.035, 0.360]    0.000 [0.000, 0.194]    0.125 [0.035, 0.360]    0.375 [0.185, 0.614]    0.000 [0.000, 0.194]
basic-rune        0.000 [0.000, 0.194]    0.062 [0.011, 0.283]    0.000 [0.000, 0.194]    0.562 [0.332, 0.769]    0.375 [0.185, 0.614]    0.750 [0.505, 0.898]    0.188 [0.066, 0.430]    0.000 [0.000, 0.194]    0.062 [0.011, 0.283]    0.125 [0.035, 0.360]    0.062 [0.011, 0.283]    0.000 [0.000, 0.194]    0.000 [0.000, 0.194]    0.062 [0.011, 0.283]    0.125 [0.035, 0.360]    0.062 [0.011, 0.283]
dragon-pool       0.250 [0.102, 0.495]    0.438 [0.231, 0.668]    0.125 [0.035, 0.360]    0.688 [0.444, 0.858]    0.875 [0.640, 0.965]    1.000 [0.806, 1.000]    0.438 [0.231, 0.668]    0.188 [0.066, 0.430]    0.312 [0.142, 0.556]    0.812 [0.570, 0.934]    0.312 [0.142, 0.556]    0.062 [0.011, 0.283]    0.188 [0.066, 0.430]    0.562 [0.332, 0.769]    0.938 [0.717, 0.989]    0.438 [0.231, 0.668]
elf-neanisu2      0.312 [0.142, 0.556]    0.812 [0.570, 0.934]    0.188 [0.066, 0.430]    1.000 [0.806, 1.000]    1.000 [0.806, 1.000]    1.000 [0.806, 1.000]    0.750 [0.505, 0.898]    0.375 [0.185, 0.614]    0.812 [0.570, 0.934]    0.812 [0.570, 0.934]    0.812 [0.570, 0.934]    0.688 [0.444, 0.858]    0.500 [0.280, 0.720]    0.375 [0.185, 0.614]    1.000 [0.806, 1.000]    0.688 [0.444, 0.858]
forest-pool       0.188 [0.066, 0.430]    0.625 [0.386, 0.815]    0.125 [0.035, 0.360]    1.000 [0.806, 1.000]    0.875 [0.640, 0.965]    1.000 [0.806, 1.000]    0.750 [0.505, 0.898]    0.250 [0.102, 0.495]    0.500 [0.280, 0.720]    0.812 [0.570, 0.934]    0.312 [0.142, 0.556]    0.250 [0.102, 0.495]    0.125 [0.035, 0.360]    0.125 [0.035, 0.360]    0.812 [0.570, 0.934]    0.438 [0.231, 0.668]
portal-pool       0.000 [0.000, 0.194]    0.125 [0.035, 0.360]    0.000 [0.000, 0.194]    0.562 [0.332, 0.769]    0.500 [0.280, 0.720]    0.875 [0.640, 0.965]    0.500 [0.280, 0.720]    0.125 [0.035, 0.360]    0.250 [0.102, 0.495]    0.625 [0.386, 0.815]    0.250 [0.102, 0.495]    0.125 [0.035, 0.360]    0.000 [0.000, 0.194]    0.375 [0.185, 0.614]    0.500 [0.280, 0.720]    0.312 [0.142, 0.556]
ramp-37772        0.250 [0.102, 0.495]    0.688 [0.444, 0.858]    0.375 [0.185, 0.614]    1.000 [0.806, 1.000]    0.875 [0.640, 0.965]    1.000 [0.806, 1.000]    0.750 [0.505, 0.898]    0.250 [0.102, 0.495]    0.750 [0.505, 0.898]    0.750 [0.505, 0.898]    0.312 [0.142, 0.556]    0.312 [0.142, 0.556]    0.438 [0.231, 0.668]    0.312 [0.142, 0.556]    0.938 [0.717, 0.989]    0.688 [0.444, 0.858]
ramp-claywies     0.062 [0.011, 0.283]    0.688 [0.444, 0.858]    0.062 [0.011, 0.283]    0.875 [0.640, 0.965]    0.938 [0.717, 0.989]    0.938 [0.717, 0.989]    0.875 [0.640, 0.965]    0.500 [0.280, 0.720]    0.688 [0.444, 0.858]    0.812 [0.570, 0.934]    0.312 [0.142, 0.556]    0.500 [0.280, 0.720]    0.375 [0.185, 0.614]    0.438 [0.231, 0.668]    0.938 [0.717, 0.989]    0.625 [0.386, 0.815]
royal-nattui      0.312 [0.142, 0.556]    0.875 [0.640, 0.965]    0.250 [0.102, 0.495]    0.938 [0.717, 0.989]    1.000 [0.806, 1.000]    1.000 [0.806, 1.000]    0.750 [0.505, 0.898]    0.312 [0.142, 0.556]    0.812 [0.570, 0.934]    0.938 [0.717, 0.989]    0.750 [0.505, 0.898]    0.812 [0.570, 0.934]    0.625 [0.386, 0.815]    0.625 [0.386, 0.815]    1.000 [0.806, 1.000]    0.750 [0.505, 0.898]
rune-mach15       0.250 [0.102, 0.495]    0.875 [0.640, 0.965]    0.250 [0.102, 0.495]    1.000 [0.806, 1.000]    1.000 [0.806, 1.000]    0.938 [0.717, 0.989]    0.688 [0.444, 0.858]    0.312 [0.142, 0.556]    0.625 [0.386, 0.815]    0.812 [0.570, 0.934]    0.562 [0.332, 0.769]    0.188 [0.066, 0.430]    0.500 [0.280, 0.720]    0.375 [0.185, 0.614]    0.875 [0.640, 0.965]    0.500 [0.280, 0.720]
rune-pool         0.000 [0.000, 0.194]    0.312 [0.142, 0.556]    0.000 [0.000, 0.194]    0.500 [0.280, 0.720]    0.500 [0.280, 0.720]    0.750 [0.505, 0.898]    0.250 [0.102, 0.495]    0.125 [0.035, 0.360]    0.125 [0.035, 0.360]    0.375 [0.185, 0.614]    0.000 [0.000, 0.194]    0.062 [0.011, 0.283]    0.000 [0.000, 0.194]    0.000 [0.000, 0.194]    0.250 [0.102, 0.495]    0.188 [0.066, 0.430]
sword-pool        0.250 [0.102, 0.495]    0.500 [0.280, 0.720]    0.062 [0.011, 0.283]    0.938 [0.717, 0.989]    1.000 [0.806, 1.000]    1.000 [0.806, 1.000]    0.688 [0.444, 0.858]    0.188 [0.066, 0.430]    0.750 [0.505, 0.898]    0.562 [0.332, 0.769]    0.375 [0.185, 0.614]    0.188 [0.066, 0.430]    0.312 [0.142, 0.556]    0.312 [0.142, 0.556]    0.875 [0.640, 0.965]    0.438 [0.231, 0.668]
4096 games in 2530.816s (1.6 games/s)
wrote C:\Users\agban\projects\arena\results\net3\main-linear.json


=== summary ===
h0:value=net,net=C:\Users\agban\projects\arena\results\net3\linear.json vs h0
games: 4096  decisive: 4096  draws: 0
policy_a win rate: 0.497 [0.482, 0.512]
first-player win rate: 0.538
mean turns: 8.18  mean actions: 76.14
end: lethal=4095 deckout=1 turn_cap=0 action_cap=0 no_legal=0 illegal=0
2530.816s  1.62 games/s  cpus=28
per deck:
  abyss-p8rfn: policy_a (row) 0.836  policy_b (col) 0.824
  abyss-pool: policy_a (row) 0.430  policy_b (col) 0.449
  afnm-minatodao: policy_a (row) 0.797  policy_b (col) 0.836
  basic-forest: policy_a (row) 0.195  policy_b (col) 0.180
  basic-portal: policy_a (row) 0.246  policy_b (col) 0.203
  basic-rune: policy_a (row) 0.152  policy_b (col) 0.066
  dragon-pool: policy_a (row) 0.477  policy_b (col) 0.430
  elf-neanisu2: policy_a (row) 0.695  policy_b (col) 0.742
  forest-pool: policy_a (row) 0.512  policy_b (col) 0.492
  portal-pool: policy_a (row) 0.320  policy_b (col) 0.328
  ramp-37772: policy_a (row) 0.605  policy_b (col) 0.633
  ramp-claywies: policy_a (row) 0.602  policy_b (col) 0.688
  royal-nattui: policy_a (row) 0.734  policy_b (col) 0.715
  rune-mach15: policy_a (row) 0.609  policy_b (col) 0.652
  rune-pool: policy_a (row) 0.215  policy_b (col) 0.262
  sword-pool: policy_a (row) 0.527  policy_b (col) 0.547
