matchup: 16 decks × 16 games = 4096 games (seed=1, policy_a=h0:value=net,net=C:\Users\agban\projects\arena\results\net3\mlp.json, policy_b=h0, first=alternate, threads=None)
Win rate (row = A, col = B; cell = A's win rate)
                           abyss-p8rfn              abyss-pool          afnm-minatodao            basic-forest            basic-portal              basic-rune             dragon-pool            elf-neanisu2             forest-pool             portal-pool              ramp-37772           ramp-claywies            royal-nattui             rune-mach15               rune-pool              sword-pool
abyss-p8rfn                      0.438                   1.000                   0.188                   1.000                   1.000                   1.000                   0.938                   0.750                   0.812                   0.938                   0.688                   0.750                   0.562                   0.688                   1.000                   1.000
abyss-pool                       0.000                   0.500                   0.062                   0.875                   0.875                   0.938                   0.500                   0.125                   0.312                   0.250                   0.250                   0.125                   0.000                   0.250                   0.875                   0.188
afnm-minatodao                   0.312                   0.875                   0.438                   0.938                   0.938                   1.000                   0.750                   0.625                   0.812                   0.875                   0.438                   0.625                   0.438                   0.562                   0.938                   0.688
basic-forest                     0.000                   0.125                   0.000                   0.500                   0.125                   0.562                   0.000                   0.062                   0.000                   0.438                   0.062                   0.000                   0.000                   0.000                   0.250                   0.125
basic-portal                     0.000                   0.188                   0.000                   0.688                   0.625                   0.875                   0.125                   0.000                   0.062                   0.750                   0.125                   0.188                   0.000                   0.062                   0.375                   0.000
basic-rune                       0.000                   0.000                   0.000                   0.562                   0.188                   0.625                   0.062                   0.000                   0.125                   0.062                   0.000                   0.000                   0.000                   0.062                   0.375                   0.000
dragon-pool                      0.125                   0.375                   0.125                   0.875                   0.750                   0.938                   0.500                   0.438                   0.125                   0.562                   0.250                   0.125                   0.000                   0.250                   0.750                   0.312
elf-neanisu2                     0.188                   0.688                   0.250                   1.000                   0.875                   1.000                   0.750                   0.438                   0.812                   0.812                   0.562                   0.625                   0.250                   0.375                   0.812                   0.625
forest-pool                      0.000                   0.562                   0.375                   0.875                   0.875                   1.000                   0.375                   0.188                   0.500                   0.812                   0.250                   0.438                   0.125                   0.125                   0.938                   0.250
portal-pool                      0.062                   0.250                   0.000                   0.500                   0.438                   0.688                   0.188                   0.125                   0.188                   0.625                   0.250                   0.125                   0.062                   0.125                   0.562                   0.125
ramp-37772                       0.250                   0.812                   0.312                   0.812                   0.750                   0.875                   0.812                   0.438                   0.562                   0.812                   0.438                   0.250                   0.375                   0.500                   0.812                   0.625
ramp-claywies                    0.125                   0.625                   0.062                   0.812                   0.812                   0.875                   0.688                   0.375                   0.562                   0.688                   0.250                   0.500                   0.438                   0.375                   0.875                   0.625
royal-nattui                     0.188                   0.688                   0.125                   1.000                   0.812                   1.000                   0.688                   0.438                   0.750                   0.875                   0.562                   0.625                   0.438                   0.500                   1.000                   0.500
rune-mach15                      0.062                   0.688                   0.188                   1.000                   1.000                   0.938                   0.438                   0.500                   0.625                   0.812                   0.438                   0.250                   0.312                   0.312                   0.938                   0.438
rune-pool                        0.000                   0.125                   0.000                   0.562                   0.312                   0.938                   0.188                   0.000                   0.062                   0.250                   0.062                   0.000                   0.000                   0.000                   0.562                   0.125
sword-pool                       0.062                   0.438                   0.125                   1.000                   0.875                   0.938                   0.688                   0.250                   0.438                   0.438                   0.312                   0.188                   0.125                   0.438                   0.688                   0.312

First-player win rate / mean turns
                           abyss-p8rfn              abyss-pool          afnm-minatodao            basic-forest            basic-portal              basic-rune             dragon-pool            elf-neanisu2             forest-pool             portal-pool              ramp-37772           ramp-claywies            royal-nattui             rune-mach15               rune-pool              sword-pool
abyss-p8rfn              0.688 /   9.6           0.500 /   7.9           0.438 /   8.3           0.500 /   7.3           0.500 /   7.8           0.500 /   7.1           0.562 /   7.7           0.625 /   9.1           0.438 /   8.9           0.562 /   7.3           0.562 /   7.8           0.500 /   7.0           0.562 /   7.8           0.562 /   7.9           0.500 /   7.2           0.500 /   8.3
abyss-pool               0.500 /   7.3           0.750 /   9.1           0.438 /   7.4           0.500 /   7.7           0.625 /   8.2           0.438 /   6.2           0.625 /   7.4           0.375 /   7.9           0.312 /   8.3           0.625 /   8.1           0.375 /   8.2           0.375 /   7.9           0.500 /   7.7           0.500 /   8.1           0.500 /   7.8           0.562 /   8.6
afnm-minatodao           0.438 /   8.7           0.500 /   7.8           0.438 /   8.4           0.562 /   7.1           0.438 /   7.5           0.500 /   6.2           0.625 /   7.2           0.625 /   8.7           0.562 /   7.9           0.625 /   7.5           0.562 /   9.0           0.375 /   7.4           0.562 /   8.3           0.812 /   8.6           0.438 /   7.4           0.688 /   7.6
basic-forest             0.500 /   7.2           0.500 /   8.0           0.500 /   6.8           0.625 /   8.2           0.500 /   8.2           0.438 /   7.5           0.500 /   7.6           0.562 /   6.9           0.500 /   7.4           0.312 /   7.1           0.562 /   7.6           0.500 /   7.7           0.500 /   8.1           0.500 /   6.9           0.500 /   8.6           0.625 /   7.9
basic-portal             0.500 /   7.4           0.438 /   7.8           0.500 /   7.2           0.312 /   8.0           0.375 /   9.2           0.625 /   7.9           0.500 /   7.4           0.500 /   7.3           0.438 /   8.4           0.500 /   8.1           0.375 /   8.1           0.438 /   7.4           0.500 /   8.2           0.562 /   7.8           0.625 /   8.5           0.500 /   7.3
basic-rune               0.500 /   7.1           0.500 /   6.8           0.500 /   6.2           0.438 /   7.9           0.312 /   7.5           0.375 /   8.1           0.562 /   6.6           0.500 /   7.0           0.625 /   7.4           0.438 /   7.1           0.500 /   7.4           0.500 /   6.9           0.500 /   6.8           0.562 /   7.9           0.750 /   8.1           0.500 /   6.4
dragon-pool              0.500 /   7.4           0.500 /   7.9           0.500 /   7.0           0.625 /   7.6           0.500 /   7.9           0.438 /   7.2           0.750 /   8.1           0.562 /   7.8           0.500 /   6.4           0.438 /   7.9           0.625 /   8.2           0.625 /   7.9           0.500 /   7.1           0.625 /   7.9           0.375 /   8.1           0.562 /   7.4
elf-neanisu2             0.688 /   8.1           0.688 /   8.7           0.500 /   8.1           0.500 /   7.9           0.500 /   8.6           0.500 /   7.4           0.500 /   7.4           0.438 /   8.7           0.562 /   9.1           0.688 /   7.4           0.562 /   7.9           0.625 /   8.3           0.750 /   8.1           0.500 /   9.0           0.688 /   7.8           0.500 /   8.2
forest-pool              0.500 /   8.4           0.438 /   8.2           0.500 /   7.9           0.625 /   7.3           0.375 /   8.4           0.500 /   6.6           0.750 /   7.6           0.438 /   8.2           0.500 /   8.6           0.438 /   7.6           0.500 /   8.3           0.562 /   7.9           0.625 /   8.2           0.500 /   9.1           0.438 /   9.0           0.500 /   9.2
portal-pool              0.438 /   6.9           0.375 /   7.2           0.500 /   6.1           0.375 /   8.3           0.562 /   8.6           0.438 /   8.0           0.438 /   6.6           0.625 /   7.0           0.562 /   7.8           0.500 /   7.2           0.375 /   7.6           0.500 /   7.2           0.438 /   7.8           0.625 /   7.5           0.688 /   8.8           0.625 /   8.0
ramp-37772               0.625 /   8.6           0.438 /   8.1           0.562 /   8.0           0.312 /   8.4           0.625 /   9.1           0.500 /   7.7           0.562 /   8.2           0.438 /   8.0           0.688 /   8.8           0.688 /   8.2           0.438 /   8.6           0.625 /   7.8           0.500 /   8.2           0.500 /   9.2           0.562 /   8.1           0.750 /   8.3
ramp-claywies            0.500 /   7.9           0.500 /   8.7           0.438 /   7.8           0.438 /   8.0           0.562 /   8.0           0.625 /   7.4           0.688 /   8.1           0.625 /   8.8           0.438 /   8.2           0.438 /   7.7           0.500 /   8.3           0.625 /   9.0           0.562 /   9.2           0.500 /   8.6           0.375 /   8.5           0.625 /   9.0
royal-nattui             0.438 /   7.8           0.688 /   8.3           0.500 /   8.1           0.500 /   7.2           0.562 /   7.8           0.500 /   6.8           0.688 /   8.1           0.812 /   7.4           0.375 /   8.9           0.500 /   7.1           0.438 /   7.6           0.625 /   7.8           0.688 /   8.0           0.750 /   8.4           0.500 /   7.6           0.750 /   8.1
rune-mach15              0.562 /   8.7           0.562 /   9.6           0.688 /   8.4           0.500 /   7.9           0.500 /   7.9           0.562 /   7.4           0.688 /   8.2           0.375 /   8.6           0.625 /   9.0           0.688 /   8.1           0.562 /   9.1           0.625 /   8.9           0.688 /   8.8           0.438 /  10.1           0.438 /   9.1           0.812 /   8.9
rune-pool                0.500 /   7.1           0.500 /   7.5           0.500 /   6.9           0.688 /   9.7           0.688 /   8.9           0.562 /   8.4           0.438 /   8.1           0.500 /   7.5           0.562 /   8.1           0.500 /   8.2           0.438 /   7.2           0.500 /   7.9           0.500 /   7.1           0.500 /   8.2           0.688 /  10.9           0.625 /   7.8
sword-pool               0.438 /   7.4           0.688 /   8.8           0.625 /   7.9           0.500 /   7.6           0.500 /   7.8           0.562 /   7.6           0.562 /   8.6           0.375 /   8.1           0.562 /   9.1           0.812 /   8.0           0.812 /   8.4           0.688 /   8.0           0.625 /   7.3           0.688 /   8.9           0.562 /   9.0           0.312 /   8.5

A win rate over decisive games, Wilson 95% [lo, hi]
                           abyss-p8rfn              abyss-pool          afnm-minatodao            basic-forest            basic-portal              basic-rune             dragon-pool            elf-neanisu2             forest-pool             portal-pool              ramp-37772           ramp-claywies            royal-nattui             rune-mach15               rune-pool              sword-pool
abyss-p8rfn       0.438 [0.231, 0.668]    1.000 [0.806, 1.000]    0.188 [0.066, 0.430]    1.000 [0.806, 1.000]    1.000 [0.806, 1.000]    1.000 [0.806, 1.000]    0.938 [0.717, 0.989]    0.750 [0.505, 0.898]    0.812 [0.570, 0.934]    0.938 [0.717, 0.989]    0.688 [0.444, 0.858]    0.750 [0.505, 0.898]    0.562 [0.332, 0.769]    0.688 [0.444, 0.858]    1.000 [0.806, 1.000]    1.000 [0.806, 1.000]
abyss-pool        0.000 [0.000, 0.194]    0.500 [0.280, 0.720]    0.062 [0.011, 0.283]    0.875 [0.640, 0.965]    0.875 [0.640, 0.965]    0.938 [0.717, 0.989]    0.500 [0.280, 0.720]    0.125 [0.035, 0.360]    0.312 [0.142, 0.556]    0.250 [0.102, 0.495]    0.250 [0.102, 0.495]    0.125 [0.035, 0.360]    0.000 [0.000, 0.194]    0.250 [0.102, 0.495]    0.875 [0.640, 0.965]    0.188 [0.066, 0.430]
afnm-minatodao    0.312 [0.142, 0.556]    0.875 [0.640, 0.965]    0.438 [0.231, 0.668]    0.938 [0.717, 0.989]    0.938 [0.717, 0.989]    1.000 [0.806, 1.000]    0.750 [0.505, 0.898]    0.625 [0.386, 0.815]    0.812 [0.570, 0.934]    0.875 [0.640, 0.965]    0.438 [0.231, 0.668]    0.625 [0.386, 0.815]    0.438 [0.231, 0.668]    0.562 [0.332, 0.769]    0.938 [0.717, 0.989]    0.688 [0.444, 0.858]
basic-forest      0.000 [0.000, 0.194]    0.125 [0.035, 0.360]    0.000 [0.000, 0.194]    0.500 [0.280, 0.720]    0.125 [0.035, 0.360]    0.562 [0.332, 0.769]    0.000 [0.000, 0.194]    0.062 [0.011, 0.283]    0.000 [0.000, 0.194]    0.438 [0.231, 0.668]    0.062 [0.011, 0.283]    0.000 [0.000, 0.194]    0.000 [0.000, 0.194]    0.000 [0.000, 0.194]    0.250 [0.102, 0.495]    0.125 [0.035, 0.360]
basic-portal      0.000 [0.000, 0.194]    0.188 [0.066, 0.430]    0.000 [0.000, 0.194]    0.688 [0.444, 0.858]    0.625 [0.386, 0.815]    0.875 [0.640, 0.965]    0.125 [0.035, 0.360]    0.000 [0.000, 0.194]    0.062 [0.011, 0.283]    0.750 [0.505, 0.898]    0.125 [0.035, 0.360]    0.188 [0.066, 0.430]    0.000 [0.000, 0.194]    0.062 [0.011, 0.283]    0.375 [0.185, 0.614]    0.000 [0.000, 0.194]
basic-rune        0.000 [0.000, 0.194]    0.000 [0.000, 0.194]    0.000 [0.000, 0.194]    0.562 [0.332, 0.769]    0.188 [0.066, 0.430]    0.625 [0.386, 0.815]    0.062 [0.011, 0.283]    0.000 [0.000, 0.194]    0.125 [0.035, 0.360]    0.062 [0.011, 0.283]    0.000 [0.000, 0.194]    0.000 [0.000, 0.194]    0.000 [0.000, 0.194]    0.062 [0.011, 0.283]    0.375 [0.185, 0.614]    0.000 [0.000, 0.194]
dragon-pool       0.125 [0.035, 0.360]    0.375 [0.185, 0.614]    0.125 [0.035, 0.360]    0.875 [0.640, 0.965]    0.750 [0.505, 0.898]    0.938 [0.717, 0.989]    0.500 [0.280, 0.720]    0.438 [0.231, 0.668]    0.125 [0.035, 0.360]    0.562 [0.332, 0.769]    0.250 [0.102, 0.495]    0.125 [0.035, 0.360]    0.000 [0.000, 0.194]    0.250 [0.102, 0.495]    0.750 [0.505, 0.898]    0.312 [0.142, 0.556]
elf-neanisu2      0.188 [0.066, 0.430]    0.688 [0.444, 0.858]    0.250 [0.102, 0.495]    1.000 [0.806, 1.000]    0.875 [0.640, 0.965]    1.000 [0.806, 1.000]    0.750 [0.505, 0.898]    0.438 [0.231, 0.668]    0.812 [0.570, 0.934]    0.812 [0.570, 0.934]    0.562 [0.332, 0.769]    0.625 [0.386, 0.815]    0.250 [0.102, 0.495]    0.375 [0.185, 0.614]    0.812 [0.570, 0.934]    0.625 [0.386, 0.815]
forest-pool       0.000 [0.000, 0.194]    0.562 [0.332, 0.769]    0.375 [0.185, 0.614]    0.875 [0.640, 0.965]    0.875 [0.640, 0.965]    1.000 [0.806, 1.000]    0.375 [0.185, 0.614]    0.188 [0.066, 0.430]    0.500 [0.280, 0.720]    0.812 [0.570, 0.934]    0.250 [0.102, 0.495]    0.438 [0.231, 0.668]    0.125 [0.035, 0.360]    0.125 [0.035, 0.360]    0.938 [0.717, 0.989]    0.250 [0.102, 0.495]
portal-pool       0.062 [0.011, 0.283]    0.250 [0.102, 0.495]    0.000 [0.000, 0.194]    0.500 [0.280, 0.720]    0.438 [0.231, 0.668]    0.688 [0.444, 0.858]    0.188 [0.066, 0.430]    0.125 [0.035, 0.360]    0.188 [0.066, 0.430]    0.625 [0.386, 0.815]    0.250 [0.102, 0.495]    0.125 [0.035, 0.360]    0.062 [0.011, 0.283]    0.125 [0.035, 0.360]    0.562 [0.332, 0.769]    0.125 [0.035, 0.360]
ramp-37772        0.250 [0.102, 0.495]    0.812 [0.570, 0.934]    0.312 [0.142, 0.556]    0.812 [0.570, 0.934]    0.750 [0.505, 0.898]    0.875 [0.640, 0.965]    0.812 [0.570, 0.934]    0.438 [0.231, 0.668]    0.562 [0.332, 0.769]    0.812 [0.570, 0.934]    0.438 [0.231, 0.668]    0.250 [0.102, 0.495]    0.375 [0.185, 0.614]    0.500 [0.280, 0.720]    0.812 [0.570, 0.934]    0.625 [0.386, 0.815]
ramp-claywies     0.125 [0.035, 0.360]    0.625 [0.386, 0.815]    0.062 [0.011, 0.283]    0.812 [0.570, 0.934]    0.812 [0.570, 0.934]    0.875 [0.640, 0.965]    0.688 [0.444, 0.858]    0.375 [0.185, 0.614]    0.562 [0.332, 0.769]    0.688 [0.444, 0.858]    0.250 [0.102, 0.495]    0.500 [0.280, 0.720]    0.438 [0.231, 0.668]    0.375 [0.185, 0.614]    0.875 [0.640, 0.965]    0.625 [0.386, 0.815]
royal-nattui      0.188 [0.066, 0.430]    0.688 [0.444, 0.858]    0.125 [0.035, 0.360]    1.000 [0.806, 1.000]    0.812 [0.570, 0.934]    1.000 [0.806, 1.000]    0.688 [0.444, 0.858]    0.438 [0.231, 0.668]    0.750 [0.505, 0.898]    0.875 [0.640, 0.965]    0.562 [0.332, 0.769]    0.625 [0.386, 0.815]    0.438 [0.231, 0.668]    0.500 [0.280, 0.720]    1.000 [0.806, 1.000]    0.500 [0.280, 0.720]
rune-mach15       0.062 [0.011, 0.283]    0.688 [0.444, 0.858]    0.188 [0.066, 0.430]    1.000 [0.806, 1.000]    1.000 [0.806, 1.000]    0.938 [0.717, 0.989]    0.438 [0.231, 0.668]    0.500 [0.280, 0.720]    0.625 [0.386, 0.815]    0.812 [0.570, 0.934]    0.438 [0.231, 0.668]    0.250 [0.102, 0.495]    0.312 [0.142, 0.556]    0.312 [0.142, 0.556]    0.938 [0.717, 0.989]    0.438 [0.231, 0.668]
rune-pool         0.000 [0.000, 0.194]    0.125 [0.035, 0.360]    0.000 [0.000, 0.194]    0.562 [0.332, 0.769]    0.312 [0.142, 0.556]    0.938 [0.717, 0.989]    0.188 [0.066, 0.430]    0.000 [0.000, 0.194]    0.062 [0.011, 0.283]    0.250 [0.102, 0.495]    0.062 [0.011, 0.283]    0.000 [0.000, 0.194]    0.000 [0.000, 0.194]    0.000 [0.000, 0.194]    0.562 [0.332, 0.769]    0.125 [0.035, 0.360]
sword-pool        0.062 [0.011, 0.283]    0.438 [0.231, 0.668]    0.125 [0.035, 0.360]    1.000 [0.806, 1.000]    0.875 [0.640, 0.965]    0.938 [0.717, 0.989]    0.688 [0.444, 0.858]    0.250 [0.102, 0.495]    0.438 [0.231, 0.668]    0.438 [0.231, 0.668]    0.312 [0.142, 0.556]    0.188 [0.066, 0.430]    0.125 [0.035, 0.360]    0.438 [0.231, 0.668]    0.688 [0.444, 0.858]    0.312 [0.142, 0.556]
4096 games in 2807.832s (1.5 games/s)
wrote C:\Users\agban\projects\arena\results\net3\main-mlp.json


=== summary ===
h0:value=net,net=C:\Users\agban\projects\arena\results\net3\mlp.json vs h0
games: 4096  decisive: 4096  draws: 0
policy_a win rate: 0.448 [0.433, 0.464]
first-player win rate: 0.535
mean turns: 7.95  mean actions: 74.15
end: lethal=4096 deckout=0 turn_cap=0 action_cap=0 no_legal=0 illegal=0
2807.832s  1.46 games/s  cpus=28
per deck:
  abyss-p8rfn: policy_a (row) 0.797  policy_b (col) 0.887
  abyss-pool: policy_a (row) 0.383  policy_b (col) 0.504
  afnm-minatodao: policy_a (row) 0.703  policy_b (col) 0.859
  basic-forest: policy_a (row) 0.141  policy_b (col) 0.188
  basic-portal: policy_a (row) 0.254  policy_b (col) 0.297
  basic-rune: policy_a (row) 0.129  policy_b (col) 0.113
  dragon-pool: policy_a (row) 0.406  policy_b (col) 0.520
  elf-neanisu2: policy_a (row) 0.629  policy_b (col) 0.703
  forest-pool: policy_a (row) 0.480  policy_b (col) 0.578
  portal-pool: policy_a (row) 0.270  policy_b (col) 0.375
  ramp-37772: policy_a (row) 0.590  policy_b (col) 0.691
  ramp-claywies: policy_a (row) 0.543  policy_b (col) 0.699
  royal-nattui: policy_a (row) 0.637  policy_b (col) 0.805
  rune-mach15: policy_a (row) 0.559  policy_b (col) 0.711
  rune-pool: policy_a (row) 0.199  policy_b (col) 0.266
  sword-pool: policy_a (row) 0.457  policy_b (col) 0.629
