matchup: 16 decks × 8 games = 2048 games (seed=1, policy_a=h0, policy_b=h0:value=net,net=C:\Users\agban\projects\arena\results\net3\linear.json, first=alternate, threads=None)
Win rate (row = A, col = B; cell = A's win rate)
                           abyss-p8rfn              abyss-pool          afnm-minatodao            basic-forest            basic-portal              basic-rune             dragon-pool            elf-neanisu2             forest-pool             portal-pool              ramp-37772           ramp-claywies            royal-nattui             rune-mach15               rune-pool              sword-pool
abyss-p8rfn                      0.625                   0.875                   0.500                   1.000                   1.000                   1.000                   0.875                   0.625                   0.750                   1.000                   1.000                   0.875                   0.500                   0.625                   1.000                   1.000
abyss-pool                       0.125                   0.375                   0.125                   0.875                   0.875                   1.000                   0.250                   0.125                   0.250                   0.875                   0.125                   0.250                   0.000                   0.250                   0.875                   0.375
afnm-minatodao                   0.500                   1.000                   0.625                   1.000                   1.000                   1.000                   1.000                   0.625                   0.750                   1.000                   0.750                   0.750                   0.875                   0.625                   1.000                   0.875
basic-forest                     0.000                   0.125                   0.000                   0.750                   0.250                   0.500                   0.125                   0.000                   0.125                   0.375                   0.125                   0.125                   0.000                   0.000                   0.500                   0.375
basic-portal                     0.000                   0.250                   0.000                   0.500                   0.625                   1.000                   0.250                   0.000                   0.125                   0.375                   0.000                   0.250                   0.000                   0.125                   0.500                   0.125
basic-rune                       0.000                   0.125                   0.000                   0.625                   0.250                   0.625                   0.000                   0.000                   0.000                   0.250                   0.000                   0.000                   0.125                   0.000                   0.125                   0.125
dragon-pool                      0.000                   0.625                   0.375                   0.875                   0.875                   0.875                   0.375                   0.250                   0.375                   0.500                   0.250                   0.125                   0.125                   0.750                   0.750                   0.375
elf-neanisu2                     0.125                   0.875                   0.125                   1.000                   1.000                   1.000                   0.500                   0.375                   0.750                   1.000                   0.500                   0.625                   0.125                   0.500                   1.000                   0.875
forest-pool                      0.000                   0.500                   0.125                   1.000                   0.875                   0.875                   0.375                   0.375                   0.625                   0.750                   0.250                   0.500                   0.250                   0.000                   0.625                   0.625
portal-pool                      0.000                   0.125                   0.000                   0.625                   0.750                   0.750                   0.375                   0.250                   0.250                   0.500                   0.375                   0.125                   0.250                   0.250                   0.875                   0.750
ramp-37772                       0.375                   0.750                   0.125                   1.000                   0.750                   1.000                   0.750                   0.250                   0.750                   0.750                   0.625                   0.625                   0.750                   0.500                   0.875                   0.750
ramp-claywies                    0.000                   0.375                   0.375                   1.000                   0.875                   1.000                   0.625                   0.500                   0.625                   0.500                   0.375                   0.625                   0.500                   0.625                   0.875                   1.000
royal-nattui                     0.500                   1.000                   0.250                   1.000                   1.000                   1.000                   0.750                   0.750                   1.000                   1.000                   0.875                   0.750                   0.750                   0.625                   0.875                   0.875
rune-mach15                      0.250                   0.875                   0.125                   0.750                   0.875                   1.000                   0.625                   0.500                   0.625                   1.000                   0.250                   0.875                   0.500                   0.375                   0.875                   0.625
rune-pool                        0.000                   0.250                   0.000                   0.625                   0.625                   0.625                   0.000                   0.000                   0.250                   0.375                   0.000                   0.000                   0.125                   0.000                   0.625                   0.000
sword-pool                       0.125                   0.875                   0.125                   1.000                   1.000                   1.000                   0.375                   0.500                   0.750                   0.750                   0.375                   0.250                   0.250                   0.250                   0.875                   0.750

First-player win rate / mean turns
                           abyss-p8rfn              abyss-pool          afnm-minatodao            basic-forest            basic-portal              basic-rune             dragon-pool            elf-neanisu2             forest-pool             portal-pool              ramp-37772           ramp-claywies            royal-nattui             rune-mach15               rune-pool              sword-pool
abyss-p8rfn              0.875 /   8.1           0.375 /   7.5           0.750 /   8.2           0.500 /   7.4           0.500 /   7.5           0.500 /   7.9           0.625 /   7.9           0.625 /   8.0           0.500 /   8.1           0.500 /   7.8           0.500 /   7.5           0.625 /   7.4           0.750 /   7.5           0.625 /   8.6           0.500 /   7.9           0.500 /   7.0
abyss-pool               0.375 /   7.9           0.625 /   9.0           0.375 /   7.4           0.375 /   7.1           0.625 /   8.1           0.500 /   6.2           0.750 /   9.0           0.375 /   8.5           0.750 /   8.4           0.625 /   7.9           0.375 /   8.9           0.250 /   8.4           0.500 /   8.0           0.500 /   9.6           0.375 /   8.5           0.375 /   9.0
afnm-minatodao           0.750 /   9.2           0.500 /   7.6           0.625 /   8.2           0.500 /   7.4           0.500 /   6.9           0.500 /   6.0           0.500 /   7.4           0.625 /   9.0           0.500 /   8.6           0.500 /   7.4           0.500 /   7.4           0.750 /   8.5           0.625 /   7.6           0.625 /   8.4           0.500 /   6.4           0.625 /   8.8
basic-forest             0.500 /   7.2           0.625 /   8.0           0.500 /   6.9           0.750 /   8.8           0.500 /   9.1           0.750 /   8.8           0.375 /   7.6           0.500 /   7.1           0.625 /   7.6           0.625 /   7.6           0.375 /   7.9           0.375 /   7.9           0.500 /   7.1           0.500 /   8.4           0.250 /   8.2           0.625 /   7.9
basic-portal             0.500 /   7.8           0.500 /   8.0           0.500 /   8.5           0.500 /   8.6           0.625 /   8.9           0.500 /   7.9           0.500 /   8.6           0.500 /   7.6           0.625 /   9.0           0.375 /   8.9           0.500 /   8.5           0.500 /   8.9           0.500 /   7.9           0.375 /   8.1           0.500 /   8.6           0.375 /   7.6
basic-rune               0.500 /   7.2           0.625 /   7.5           0.500 /   6.8           0.375 /   7.2           0.250 /   7.4           0.375 /   8.0           0.500 /   6.8           0.500 /   6.8           0.500 /   6.9           0.750 /   7.8           0.500 /   8.0           0.500 /   7.5           0.625 /   7.1           0.500 /   7.5           0.625 /   8.1           0.625 /   7.0
dragon-pool              0.500 /   8.1           0.625 /   9.1           0.375 /   6.9           0.625 /   7.9           0.375 /   8.0           0.625 /   7.4           0.375 /   8.1           0.500 /   8.2           0.875 /   8.8           0.750 /   8.0           0.750 /   9.5           0.625 /   7.5           0.625 /   7.9           0.250 /   8.6           0.500 /   8.0           0.875 /   8.9
elf-neanisu2             0.625 /   8.6           0.375 /   8.6           0.375 /   8.1           0.500 /   7.5           0.500 /   8.5           0.500 /   6.6           0.750 /   9.0           0.625 /   7.9           0.250 /   7.8           0.500 /   7.0           0.750 /   9.9           0.875 /   9.1           0.625 /   7.9           0.250 /   8.5           0.500 /   7.8           0.375 /   7.6
forest-pool              0.500 /   7.9           0.500 /   8.6           0.625 /   8.6           0.500 /   7.9           0.625 /   8.2           0.625 /   6.8           0.625 /   8.0           0.875 /  10.2           0.625 /   9.5           0.500 /   8.6           0.750 /   8.9           0.500 /   8.1           0.750 /   8.4           0.500 /   9.6           0.625 /   9.4           0.375 /  10.0
portal-pool              0.500 /   7.4           0.375 /   7.6           0.500 /   7.2           0.375 /   8.0           0.500 /   8.5           0.500 /   7.6           0.375 /   8.1           0.500 /   7.1           0.500 /   9.2           0.500 /   7.2           0.875 /   8.2           0.625 /   7.2           0.750 /   7.8           0.750 /   8.0           0.625 /   9.4           0.750 /   7.1
ramp-37772               0.625 /   8.2           0.250 /   7.6           0.375 /   7.4           0.500 /   8.1           0.500 /   8.0           0.500 /   7.2           0.250 /   7.6           0.750 /   8.0           0.250 /   8.5           0.750 /   8.5           0.625 /  10.2           0.375 /   8.9           0.750 /   9.6           0.500 /   7.9           0.625 /   7.4           0.500 /   8.0
ramp-claywies            0.500 /   7.2           0.625 /   6.9           0.875 /  10.0           0.500 /   8.8           0.375 /   7.8           0.500 /   7.5           0.625 /   8.2           0.500 /   9.2           0.625 /   9.5           0.500 /   7.5           0.625 /   8.6           0.625 /  10.6           0.750 /   8.6           0.625 /   9.8           0.625 /   7.4           0.500 /  10.4
royal-nattui             0.250 /   7.2           0.500 /   8.0           0.750 /   8.8           0.500 /   7.9           0.500 /   7.8           0.500 /   7.1           0.750 /   7.5           0.750 /   9.0           0.500 /   9.0           0.500 /   7.0           0.625 /   8.1           0.250 /   7.0           0.250 /   7.6           0.625 /   8.1           0.375 /   8.1           0.625 /   9.6
rune-mach15              0.500 /   7.5           0.375 /   8.5           0.625 /   7.9           0.500 /   7.5           0.375 /   7.6           0.500 /   7.1           0.375 /   8.2           0.500 /   8.0           0.375 /   8.8           0.500 /   7.5           0.750 /  10.1           0.625 /   8.6           0.750 /   8.0           0.875 /   8.9           0.625 /   8.9           0.625 /   8.9
rune-pool                0.500 /   7.6           0.500 /  10.2           0.500 /   7.1           0.875 /   9.2           0.625 /   9.2           0.625 /   8.4           0.500 /   9.0           0.500 /   7.1           0.500 /   9.8           0.375 /   7.9           0.500 /   8.1           0.500 /   7.6           0.625 /   7.4           0.500 /   7.5           0.375 /  12.0           0.500 /   9.0
sword-pool               0.375 /   7.6           0.375 /   8.6           0.625 /   8.8           0.500 /   8.0           0.500 /   8.2           0.500 /   6.9           0.625 /   8.8           0.750 /   8.4           0.750 /  10.8           0.500 /   8.2           0.375 /  11.0           0.750 /   8.5           0.750 /  10.4           0.500 /   8.9           0.625 /  10.1           0.500 /   9.6

A win rate over decisive games, Wilson 95% [lo, hi]
                           abyss-p8rfn              abyss-pool          afnm-minatodao            basic-forest            basic-portal              basic-rune             dragon-pool            elf-neanisu2             forest-pool             portal-pool              ramp-37772           ramp-claywies            royal-nattui             rune-mach15               rune-pool              sword-pool
abyss-p8rfn       0.625 [0.306, 0.863]    0.875 [0.529, 0.978]    0.500 [0.215, 0.785]    1.000 [0.676, 1.000]    1.000 [0.676, 1.000]    1.000 [0.676, 1.000]    0.875 [0.529, 0.978]    0.625 [0.306, 0.863]    0.750 [0.409, 0.929]    1.000 [0.676, 1.000]    1.000 [0.676, 1.000]    0.875 [0.529, 0.978]    0.500 [0.215, 0.785]    0.625 [0.306, 0.863]    1.000 [0.676, 1.000]    1.000 [0.676, 1.000]
abyss-pool        0.125 [0.022, 0.471]    0.375 [0.137, 0.694]    0.125 [0.022, 0.471]    0.875 [0.529, 0.978]    0.875 [0.529, 0.978]    1.000 [0.676, 1.000]    0.250 [0.071, 0.591]    0.125 [0.022, 0.471]    0.250 [0.071, 0.591]    0.875 [0.529, 0.978]    0.125 [0.022, 0.471]    0.250 [0.071, 0.591]    0.000 [0.000, 0.324]    0.250 [0.071, 0.591]    0.875 [0.529, 0.978]    0.375 [0.137, 0.694]
afnm-minatodao    0.500 [0.215, 0.785]    1.000 [0.676, 1.000]    0.625 [0.306, 0.863]    1.000 [0.676, 1.000]    1.000 [0.676, 1.000]    1.000 [0.676, 1.000]    1.000 [0.676, 1.000]    0.625 [0.306, 0.863]    0.750 [0.409, 0.929]    1.000 [0.676, 1.000]    0.750 [0.409, 0.929]    0.750 [0.409, 0.929]    0.875 [0.529, 0.978]    0.625 [0.306, 0.863]    1.000 [0.676, 1.000]    0.875 [0.529, 0.978]
basic-forest      0.000 [0.000, 0.324]    0.125 [0.022, 0.471]    0.000 [0.000, 0.324]    0.750 [0.409, 0.929]    0.250 [0.071, 0.591]    0.500 [0.215, 0.785]    0.125 [0.022, 0.471]    0.000 [0.000, 0.324]    0.125 [0.022, 0.471]    0.375 [0.137, 0.694]    0.125 [0.022, 0.471]    0.125 [0.022, 0.471]    0.000 [0.000, 0.324]    0.000 [0.000, 0.324]    0.500 [0.215, 0.785]    0.375 [0.137, 0.694]
basic-portal      0.000 [0.000, 0.324]    0.250 [0.071, 0.591]    0.000 [0.000, 0.324]    0.500 [0.215, 0.785]    0.625 [0.306, 0.863]    1.000 [0.676, 1.000]    0.250 [0.071, 0.591]    0.000 [0.000, 0.324]    0.125 [0.022, 0.471]    0.375 [0.137, 0.694]    0.000 [0.000, 0.324]    0.250 [0.071, 0.591]    0.000 [0.000, 0.324]    0.125 [0.022, 0.471]    0.500 [0.215, 0.785]    0.125 [0.022, 0.471]
basic-rune        0.000 [0.000, 0.324]    0.125 [0.022, 0.471]    0.000 [0.000, 0.324]    0.625 [0.306, 0.863]    0.250 [0.071, 0.591]    0.625 [0.306, 0.863]    0.000 [0.000, 0.324]    0.000 [0.000, 0.324]    0.000 [0.000, 0.324]    0.250 [0.071, 0.591]    0.000 [0.000, 0.324]    0.000 [0.000, 0.324]    0.125 [0.022, 0.471]    0.000 [0.000, 0.324]    0.125 [0.022, 0.471]    0.125 [0.022, 0.471]
dragon-pool       0.000 [0.000, 0.324]    0.625 [0.306, 0.863]    0.375 [0.137, 0.694]    0.875 [0.529, 0.978]    0.875 [0.529, 0.978]    0.875 [0.529, 0.978]    0.375 [0.137, 0.694]    0.250 [0.071, 0.591]    0.375 [0.137, 0.694]    0.500 [0.215, 0.785]    0.250 [0.071, 0.591]    0.125 [0.022, 0.471]    0.125 [0.022, 0.471]    0.750 [0.409, 0.929]    0.750 [0.409, 0.929]    0.375 [0.137, 0.694]
elf-neanisu2      0.125 [0.022, 0.471]    0.875 [0.529, 0.978]    0.125 [0.022, 0.471]    1.000 [0.676, 1.000]    1.000 [0.676, 1.000]    1.000 [0.676, 1.000]    0.500 [0.215, 0.785]    0.375 [0.137, 0.694]    0.750 [0.409, 0.929]    1.000 [0.676, 1.000]    0.500 [0.215, 0.785]    0.625 [0.306, 0.863]    0.125 [0.022, 0.471]    0.500 [0.215, 0.785]    1.000 [0.676, 1.000]    0.875 [0.529, 0.978]
forest-pool       0.000 [0.000, 0.324]    0.500 [0.215, 0.785]    0.125 [0.022, 0.471]    1.000 [0.676, 1.000]    0.875 [0.529, 0.978]    0.875 [0.529, 0.978]    0.375 [0.137, 0.694]    0.375 [0.137, 0.694]    0.625 [0.306, 0.863]    0.750 [0.409, 0.929]    0.250 [0.071, 0.591]    0.500 [0.215, 0.785]    0.250 [0.071, 0.591]    0.000 [0.000, 0.324]    0.625 [0.306, 0.863]    0.625 [0.306, 0.863]
portal-pool       0.000 [0.000, 0.324]    0.125 [0.022, 0.471]    0.000 [0.000, 0.324]    0.625 [0.306, 0.863]    0.750 [0.409, 0.929]    0.750 [0.409, 0.929]    0.375 [0.137, 0.694]    0.250 [0.071, 0.591]    0.250 [0.071, 0.591]    0.500 [0.215, 0.785]    0.375 [0.137, 0.694]    0.125 [0.022, 0.471]    0.250 [0.071, 0.591]    0.250 [0.071, 0.591]    0.875 [0.529, 0.978]    0.750 [0.409, 0.929]
ramp-37772        0.375 [0.137, 0.694]    0.750 [0.409, 0.929]    0.125 [0.022, 0.471]    1.000 [0.676, 1.000]    0.750 [0.409, 0.929]    1.000 [0.676, 1.000]    0.750 [0.409, 0.929]    0.250 [0.071, 0.591]    0.750 [0.409, 0.929]    0.750 [0.409, 0.929]    0.625 [0.306, 0.863]    0.625 [0.306, 0.863]    0.750 [0.409, 0.929]    0.500 [0.215, 0.785]    0.875 [0.529, 0.978]    0.750 [0.409, 0.929]
ramp-claywies     0.000 [0.000, 0.324]    0.375 [0.137, 0.694]    0.375 [0.137, 0.694]    1.000 [0.676, 1.000]    0.875 [0.529, 0.978]    1.000 [0.676, 1.000]    0.625 [0.306, 0.863]    0.500 [0.215, 0.785]    0.625 [0.306, 0.863]    0.500 [0.215, 0.785]    0.375 [0.137, 0.694]    0.625 [0.306, 0.863]    0.500 [0.215, 0.785]    0.625 [0.306, 0.863]    0.875 [0.529, 0.978]    1.000 [0.676, 1.000]
royal-nattui      0.500 [0.215, 0.785]    1.000 [0.676, 1.000]    0.250 [0.071, 0.591]    1.000 [0.676, 1.000]    1.000 [0.676, 1.000]    1.000 [0.676, 1.000]    0.750 [0.409, 0.929]    0.750 [0.409, 0.929]    1.000 [0.676, 1.000]    1.000 [0.676, 1.000]    0.875 [0.529, 0.978]    0.750 [0.409, 0.929]    0.750 [0.409, 0.929]    0.625 [0.306, 0.863]    0.875 [0.529, 0.978]    0.875 [0.529, 0.978]
rune-mach15       0.250 [0.071, 0.591]    0.875 [0.529, 0.978]    0.125 [0.022, 0.471]    0.750 [0.409, 0.929]    0.875 [0.529, 0.978]    1.000 [0.676, 1.000]    0.625 [0.306, 0.863]    0.500 [0.215, 0.785]    0.625 [0.306, 0.863]    1.000 [0.676, 1.000]    0.250 [0.071, 0.591]    0.875 [0.529, 0.978]    0.500 [0.215, 0.785]    0.375 [0.137, 0.694]    0.875 [0.529, 0.978]    0.625 [0.306, 0.863]
rune-pool         0.000 [0.000, 0.324]    0.250 [0.071, 0.591]    0.000 [0.000, 0.324]    0.625 [0.306, 0.863]    0.625 [0.306, 0.863]    0.625 [0.306, 0.863]    0.000 [0.000, 0.324]    0.000 [0.000, 0.324]    0.250 [0.071, 0.591]    0.375 [0.137, 0.694]    0.000 [0.000, 0.324]    0.000 [0.000, 0.324]    0.125 [0.022, 0.471]    0.000 [0.000, 0.324]    0.625 [0.306, 0.863]    0.000 [0.000, 0.324]
sword-pool        0.125 [0.022, 0.471]    0.875 [0.529, 0.978]    0.125 [0.022, 0.471]    1.000 [0.676, 1.000]    1.000 [0.676, 1.000]    1.000 [0.676, 1.000]    0.375 [0.137, 0.694]    0.500 [0.215, 0.785]    0.750 [0.409, 0.929]    0.750 [0.409, 0.929]    0.375 [0.137, 0.694]    0.250 [0.071, 0.591]    0.250 [0.071, 0.591]    0.250 [0.071, 0.591]    0.875 [0.529, 0.978]    0.750 [0.409, 0.929]
2048 games in 1602.755s (1.3 games/s)
wrote C:\Users\agban\projects\arena\results\net3\reverse-linear.json


=== summary ===
h0 vs h0:value=net,net=C:\Users\agban\projects\arena\results\net3\linear.json
games: 2048  decisive: 2048  draws: 0
policy_a win rate: 0.513 [0.492, 0.535]
first-player win rate: 0.542
mean turns: 8.18  mean actions: 76.30
end: lethal=2047 deckout=1 turn_cap=0 action_cap=0 no_legal=0 illegal=0
1602.755s  1.28 games/s  cpus=28
per deck:
  abyss-p8rfn: policy_a (row) 0.828  policy_b (col) 0.836
  abyss-pool: policy_a (row) 0.422  policy_b (col) 0.438
  afnm-minatodao: policy_a (row) 0.836  policy_b (col) 0.820
  basic-forest: policy_a (row) 0.211  policy_b (col) 0.148
  basic-portal: policy_a (row) 0.258  policy_b (col) 0.211
  basic-rune: policy_a (row) 0.141  policy_b (col) 0.109
  dragon-pool: policy_a (row) 0.469  policy_b (col) 0.547
  elf-neanisu2: policy_a (row) 0.648  policy_b (col) 0.680
  forest-pool: policy_a (row) 0.484  policy_b (col) 0.500
  portal-pool: policy_a (row) 0.391  policy_b (col) 0.312
  ramp-37772: policy_a (row) 0.664  policy_b (col) 0.633
  ramp-claywies: policy_a (row) 0.617  policy_b (col) 0.578
  royal-nattui: policy_a (row) 0.812  policy_b (col) 0.680
  rune-mach15: policy_a (row) 0.633  policy_b (col) 0.656
  rune-pool: policy_a (row) 0.219  policy_b (col) 0.234
  sword-pool: policy_a (row) 0.578  policy_b (col) 0.406
