pool: meta
decks: 16 (meta-abyss-aggro, meta-abyss-midrange, meta-dragon-aggro, meta-dragon-ramp, meta-forest-combo, meta-haven-amulet, meta-haven-evo, meta-haven-kukishiro, meta-portal-af, meta-portal-cutthroat, meta-portal-evo, meta-rune-crystal, meta-rune-spell, meta-rune-test-subject, meta-sword-loot, meta-sword-rally)
pairs: 256 (16 x 16, mirrors included)
games    16 games/pair x 256 =  4096
matchup: 16 decks × 16 games = 4096 games (seed=1, policy_a=h0:mull=results/mull1/table.json, policy_b=h0, first=alternate, threads=None)
Win rate (row = A, col = B; cell = A's win rate)
                              meta-abyss-aggro     meta-abyss-midrange       meta-dragon-aggro        meta-dragon-ramp       meta-forest-combo       meta-haven-amulet          meta-haven-evo    meta-haven-kukishiro          meta-portal-af   meta-portal-cutthroat         meta-portal-evo       meta-rune-crystal         meta-rune-spell  meta-rune-test-subject         meta-sword-loot        meta-sword-rally
meta-abyss-aggro                         0.625                   0.625                   0.438                   0.750                   0.438                   0.750                   0.562                   0.812                   0.312                   0.750                   0.500                   0.750                   0.625                   0.500                   0.375                   0.500
meta-abyss-midrange                      0.625                   0.562                   0.562                   0.750                   0.688                   0.750                   0.375                   0.938                   0.500                   0.875                   0.562                   0.875                   0.688                   0.750                   0.625                   0.625
meta-dragon-aggro                        0.562                   0.438                   0.438                   0.875                   0.562                   0.750                   0.688                   0.812                   0.312                   0.625                   0.500                   0.938                   0.688                   0.500                   0.500                   0.438
meta-dragon-ramp                         0.188                   0.438                   0.188                   0.688                   0.312                   0.812                   0.562                   1.000                   0.375                   0.375                   0.312                   0.625                   0.375                   0.625                   0.688                   0.438
meta-forest-combo                        0.750                   0.250                   0.438                   0.625                   0.625                   0.688                   0.125                   0.625                   0.250                   0.500                   0.438                   0.938                   0.688                   0.375                   0.500                   0.375
meta-haven-amulet                        0.125                   0.188                   0.062                   0.250                   0.438                   0.438                   0.312                   0.812                   0.125                   0.312                   0.000                   0.562                   0.500                   0.250                   0.250                   0.000
meta-haven-evo                           0.375                   0.625                   0.375                   0.438                   0.688                   0.812                   0.500                   1.000                   0.625                   0.625                   0.562                   0.812                   0.812                   0.750                   0.375                   0.750
meta-haven-kukishiro                     0.188                   0.000                   0.188                   0.000                   0.188                   0.375                   0.062                   0.812                   0.000                   0.125                   0.000                   0.500                   0.188                   0.062                   0.000                   0.000
meta-portal-af                           0.875                   0.688                   0.875                   0.688                   0.625                   0.938                   0.312                   1.000                   0.375                   0.875                   0.500                   1.000                   0.750                   0.938                   0.750                   0.688
meta-portal-cutthroat                    0.438                   0.125                   0.375                   0.625                   0.625                   0.812                   0.500                   0.938                   0.188                   0.500                   0.188                   0.750                   0.438                   0.625                   0.562                   0.438
meta-portal-evo                          0.562                   0.500                   0.688                   0.688                   0.875                   0.875                   0.562                   1.000                   0.688                   0.875                   0.312                   0.875                   0.875                   0.875                   0.562                   0.688
meta-rune-crystal                        0.188                   0.062                   0.250                   0.312                   0.500                   0.375                   0.250                   0.688                   0.000                   0.312                   0.000                   0.688                   0.688                   0.125                   0.375                   0.125
meta-rune-spell                          0.375                   0.125                   0.562                   0.625                   0.125                   0.562                   0.312                   0.750                   0.125                   0.500                   0.250                   0.562                   0.500                   0.312                   0.375                   0.188
meta-rune-test-subject                   0.312                   0.562                   0.625                   0.500                   0.562                   0.625                   0.438                   0.875                   0.250                   0.562                   0.250                   0.938                   0.562                   0.625                   0.438                   0.000
meta-sword-loot                          0.562                   0.312                   0.312                   0.562                   0.625                   0.875                   0.688                   0.938                   0.438                   0.625                   0.125                   0.812                   0.625                   0.562                   0.562                   0.250
meta-sword-rally                         0.438                   0.375                   0.750                   0.625                   0.750                   0.938                   0.438                   0.938                   0.375                   0.750                   0.312                   1.000                   0.812                   0.812                   0.625                   0.375

First-player win rate / mean turns
                              meta-abyss-aggro     meta-abyss-midrange       meta-dragon-aggro        meta-dragon-ramp       meta-forest-combo       meta-haven-amulet          meta-haven-evo    meta-haven-kukishiro          meta-portal-af   meta-portal-cutthroat         meta-portal-evo       meta-rune-crystal         meta-rune-spell  meta-rune-test-subject         meta-sword-loot        meta-sword-rally
meta-abyss-aggro                 0.625 /   6.6           0.250 /   6.8           0.438 /   6.8           0.500 /   6.7           0.688 /   7.6           0.500 /   7.4           0.438 /   7.1           0.688 /   7.0           0.438 /   7.2           0.625 /   7.3           0.500 /   6.9           0.500 /   6.8           0.375 /   6.9           0.500 /   7.2           0.625 /   7.1           0.500 /   6.9
meta-abyss-midrange              0.500 /   6.7           0.688 /   8.7           0.688 /   7.1           0.750 /   9.2           0.438 /   8.1           0.625 /   9.9           0.500 /   8.4           0.562 /   7.5           0.375 /   8.8           0.625 /   8.2           0.562 /   8.7           0.625 /   7.7           0.438 /   8.0           0.500 /   8.2           0.625 /   7.7           0.500 /   8.4
meta-dragon-aggro                0.312 /   6.4           0.312 /   7.1           0.562 /   6.9           0.500 /   6.8           0.688 /   8.1           0.625 /   7.8           0.688 /   7.1           0.688 /   7.9           0.312 /   7.4           0.625 /   7.2           0.625 /   7.1           0.438 /   7.2           0.562 /   6.9           0.625 /   7.8           0.625 /   7.5           0.562 /   7.2
meta-dragon-ramp                 0.688 /   6.8           0.812 /   8.2           0.312 /   7.2           0.688 /   9.4           0.562 /   8.8           0.688 /   9.2           0.562 /  10.3           0.500 /  11.6           0.625 /   8.2           0.625 /   8.9           0.438 /   8.6           0.625 /   7.8           0.375 /   7.1           0.750 /   8.7           0.688 /   8.1           0.438 /   7.6
meta-forest-combo                0.375 /   7.1           0.500 /   8.7           0.438 /   7.4           0.625 /   8.8           0.500 /   7.8           0.688 /   9.6           0.625 /   9.4           0.625 /   9.7           0.750 /   9.2           0.500 /   9.1           0.562 /   8.7           0.438 /   9.0           0.312 /   7.2           0.750 /   8.9           0.750 /   9.1           0.625 /   8.9
meta-haven-amulet                0.625 /   6.9           0.562 /   9.0           0.438 /   7.4           0.500 /  11.8           0.312 /  10.4           0.438 /  15.7           0.688 /  11.0           0.562 /  15.5           0.500 /   9.3           0.438 /   9.9           0.500 /   9.0           0.438 /   9.5           0.750 /  11.1           0.500 /  10.4           0.625 /   9.1           0.500 /   8.4
meta-haven-evo                   0.625 /   6.9           0.625 /   8.3           0.375 /   7.5           0.688 /   9.6           0.562 /   9.2           0.438 /  11.3           0.500 /  11.1           0.500 /  10.8           0.875 /   8.7           0.625 /   9.2           0.562 /   9.2           0.688 /   8.6           0.562 /   8.9           0.750 /   9.2           0.750 /   9.1           0.625 /   8.6
meta-haven-kukishiro             0.562 /   8.4           0.500 /   8.2           0.688 /   8.6           0.500 /  13.0           0.438 /  11.4           0.250 /  14.7           0.562 /   9.6           0.312 /  15.4           0.500 /   9.5           0.500 /   9.0           0.500 /   8.9           0.625 /  10.8           0.688 /  11.6           0.562 /  10.2           0.500 /   8.8           0.500 /   8.2
meta-portal-af                   0.375 /   7.2           0.562 /   8.5           0.500 /   7.6           0.688 /  10.0           0.500 /   8.9           0.562 /   9.6           0.812 /   9.1           0.500 /   8.9           0.250 /   7.7           0.500 /   8.6           0.625 /   8.8           0.500 /   7.6           0.375 /   7.6           0.562 /   8.4           0.750 /   7.9           0.562 /   8.6
meta-portal-cutthroat            0.562 /   6.9           0.500 /   8.2           0.500 /   7.7           0.500 /   9.2           0.500 /   9.1           0.438 /   8.4           0.375 /   8.8           0.438 /  10.0           0.312 /   8.9           0.500 /   8.4           0.562 /   8.5           0.625 /   8.3           0.438 /   8.6           0.750 /   8.8           0.688 /   8.6           0.562 /   8.3
meta-portal-evo                  0.688 /   7.0           0.500 /   8.2           0.562 /   7.4           0.562 /   7.8           0.375 /   8.9           0.625 /   8.8           0.688 /   8.9           0.500 /   8.8           0.562 /   9.1           0.375 /   7.9           0.562 /   8.8           0.500 /   7.2           0.625 /   8.2           0.625 /   8.0           0.938 /   8.5           0.688 /   8.1
meta-rune-crystal                0.562 /   7.1           0.562 /   7.5           0.625 /   7.4           0.312 /   8.3           0.750 /   8.5           0.500 /  10.1           0.625 /   8.6           0.562 /  10.2           0.500 /   7.8           0.562 /   8.1           0.500 /   8.0           0.438 /   7.8           0.688 /   7.9           0.375 /   8.1           0.750 /   8.7           0.500 /   7.5
meta-rune-spell                  0.625 /   6.0           0.500 /   8.1           0.688 /   7.2           0.500 /   7.9           0.375 /   7.9           0.562 /  11.5           0.688 /   8.6           0.500 /  10.3           0.625 /   7.7           0.625 /   7.6           0.625 /   8.3           0.438 /   7.9           0.625 /   8.4           0.688 /   9.2           0.500 /   7.6           0.688 /   8.0
meta-rune-test-subject           0.438 /   7.1           0.312 /   7.4           0.625 /   7.7           0.250 /   8.4           0.688 /   8.4           0.625 /  10.4           0.688 /   9.1           0.625 /   8.7           0.375 /   8.2           0.562 /   9.2           0.500 /   8.5           0.562 /   8.2           0.562 /   8.6           0.375 /   8.2           0.438 /   8.1           0.500 /   8.2
meta-sword-loot                  0.562 /   7.0           0.438 /   7.8           0.438 /   7.5           0.562 /   7.8           0.750 /   8.4           0.375 /   7.4           0.812 /   8.9           0.562 /   8.7           0.688 /   8.6           0.500 /   8.1           0.375 /   8.4           0.438 /   8.3           0.375 /   8.2           0.562 /   8.0           0.562 /   7.9           0.625 /   7.2
meta-sword-rally                 0.438 /   7.1           0.750 /   8.5           0.500 /   7.4           0.875 /   8.4           0.750 /   8.1           0.438 /   8.7           0.688 /   8.2           0.562 /   8.6           0.750 /   8.6           0.625 /   7.8           0.688 /   8.6           0.500 /   7.3           0.562 /   7.4           0.438 /   8.1           0.500 /   7.2           0.500 /   8.1

A win rate over decisive games, Wilson 95% [lo, hi]
                              meta-abyss-aggro     meta-abyss-midrange       meta-dragon-aggro        meta-dragon-ramp       meta-forest-combo       meta-haven-amulet          meta-haven-evo    meta-haven-kukishiro          meta-portal-af   meta-portal-cutthroat         meta-portal-evo       meta-rune-crystal         meta-rune-spell  meta-rune-test-subject         meta-sword-loot        meta-sword-rally
meta-abyss-aggro          0.625 [0.386, 0.815]    0.625 [0.386, 0.815]    0.438 [0.231, 0.668]    0.750 [0.505, 0.898]    0.438 [0.231, 0.668]    0.750 [0.505, 0.898]    0.562 [0.332, 0.769]    0.812 [0.570, 0.934]    0.312 [0.142, 0.556]    0.750 [0.505, 0.898]    0.500 [0.280, 0.720]    0.750 [0.505, 0.898]    0.625 [0.386, 0.815]    0.500 [0.280, 0.720]    0.375 [0.185, 0.614]    0.500 [0.280, 0.720]
meta-abyss-midrange       0.625 [0.386, 0.815]    0.562 [0.332, 0.769]    0.562 [0.332, 0.769]    0.750 [0.505, 0.898]    0.688 [0.444, 0.858]    0.750 [0.505, 0.898]    0.375 [0.185, 0.614]    0.938 [0.717, 0.989]    0.500 [0.280, 0.720]    0.875 [0.640, 0.965]    0.562 [0.332, 0.769]    0.875 [0.640, 0.965]    0.688 [0.444, 0.858]    0.750 [0.505, 0.898]    0.625 [0.386, 0.815]    0.625 [0.386, 0.815]
meta-dragon-aggro         0.562 [0.332, 0.769]    0.438 [0.231, 0.668]    0.438 [0.231, 0.668]    0.875 [0.640, 0.965]    0.562 [0.332, 0.769]    0.750 [0.505, 0.898]    0.688 [0.444, 0.858]    0.812 [0.570, 0.934]    0.312 [0.142, 0.556]    0.625 [0.386, 0.815]    0.500 [0.280, 0.720]    0.938 [0.717, 0.989]    0.688 [0.444, 0.858]    0.500 [0.280, 0.720]    0.500 [0.280, 0.720]    0.438 [0.231, 0.668]
meta-dragon-ramp          0.188 [0.066, 0.430]    0.438 [0.231, 0.668]    0.188 [0.066, 0.430]    0.688 [0.444, 0.858]    0.312 [0.142, 0.556]    0.812 [0.570, 0.934]    0.562 [0.332, 0.769]    1.000 [0.806, 1.000]    0.375 [0.185, 0.614]    0.375 [0.185, 0.614]    0.312 [0.142, 0.556]    0.625 [0.386, 0.815]    0.375 [0.185, 0.614]    0.625 [0.386, 0.815]    0.688 [0.444, 0.858]    0.438 [0.231, 0.668]
meta-forest-combo         0.750 [0.505, 0.898]    0.250 [0.102, 0.495]    0.438 [0.231, 0.668]    0.625 [0.386, 0.815]    0.625 [0.386, 0.815]    0.688 [0.444, 0.858]    0.125 [0.035, 0.360]    0.625 [0.386, 0.815]    0.250 [0.102, 0.495]    0.500 [0.280, 0.720]    0.438 [0.231, 0.668]    0.938 [0.717, 0.989]    0.688 [0.444, 0.858]    0.375 [0.185, 0.614]    0.500 [0.280, 0.720]    0.375 [0.185, 0.614]
meta-haven-amulet         0.125 [0.035, 0.360]    0.188 [0.066, 0.430]    0.062 [0.011, 0.283]    0.250 [0.102, 0.495]    0.438 [0.231, 0.668]    0.438 [0.231, 0.668]    0.312 [0.142, 0.556]    0.812 [0.570, 0.934]    0.125 [0.035, 0.360]    0.312 [0.142, 0.556]    0.000 [0.000, 0.194]    0.562 [0.332, 0.769]    0.500 [0.280, 0.720]    0.250 [0.102, 0.495]    0.250 [0.102, 0.495]    0.000 [0.000, 0.194]
meta-haven-evo            0.375 [0.185, 0.614]    0.625 [0.386, 0.815]    0.375 [0.185, 0.614]    0.438 [0.231, 0.668]    0.688 [0.444, 0.858]    0.812 [0.570, 0.934]    0.500 [0.280, 0.720]    1.000 [0.806, 1.000]    0.625 [0.386, 0.815]    0.625 [0.386, 0.815]    0.562 [0.332, 0.769]    0.812 [0.570, 0.934]    0.812 [0.570, 0.934]    0.750 [0.505, 0.898]    0.375 [0.185, 0.614]    0.750 [0.505, 0.898]
meta-haven-kukishiro      0.188 [0.066, 0.430]    0.000 [0.000, 0.194]    0.188 [0.066, 0.430]    0.000 [0.000, 0.194]    0.188 [0.066, 0.430]    0.375 [0.185, 0.614]    0.062 [0.011, 0.283]    0.812 [0.570, 0.934]    0.000 [0.000, 0.194]    0.125 [0.035, 0.360]    0.000 [0.000, 0.194]    0.500 [0.280, 0.720]    0.188 [0.066, 0.430]    0.062 [0.011, 0.283]    0.000 [0.000, 0.194]    0.000 [0.000, 0.194]
meta-portal-af            0.875 [0.640, 0.965]    0.688 [0.444, 0.858]    0.875 [0.640, 0.965]    0.688 [0.444, 0.858]    0.625 [0.386, 0.815]    0.938 [0.717, 0.989]    0.312 [0.142, 0.556]    1.000 [0.806, 1.000]    0.375 [0.185, 0.614]    0.875 [0.640, 0.965]    0.500 [0.280, 0.720]    1.000 [0.806, 1.000]    0.750 [0.505, 0.898]    0.938 [0.717, 0.989]    0.750 [0.505, 0.898]    0.688 [0.444, 0.858]
meta-portal-cutthroat     0.438 [0.231, 0.668]    0.125 [0.035, 0.360]    0.375 [0.185, 0.614]    0.625 [0.386, 0.815]    0.625 [0.386, 0.815]    0.812 [0.570, 0.934]    0.500 [0.280, 0.720]    0.938 [0.717, 0.989]    0.188 [0.066, 0.430]    0.500 [0.280, 0.720]    0.188 [0.066, 0.430]    0.750 [0.505, 0.898]    0.438 [0.231, 0.668]    0.625 [0.386, 0.815]    0.562 [0.332, 0.769]    0.438 [0.231, 0.668]
meta-portal-evo           0.562 [0.332, 0.769]    0.500 [0.280, 0.720]    0.688 [0.444, 0.858]    0.688 [0.444, 0.858]    0.875 [0.640, 0.965]    0.875 [0.640, 0.965]    0.562 [0.332, 0.769]    1.000 [0.806, 1.000]    0.688 [0.444, 0.858]    0.875 [0.640, 0.965]    0.312 [0.142, 0.556]    0.875 [0.640, 0.965]    0.875 [0.640, 0.965]    0.875 [0.640, 0.965]    0.562 [0.332, 0.769]    0.688 [0.444, 0.858]
meta-rune-crystal         0.188 [0.066, 0.430]    0.062 [0.011, 0.283]    0.250 [0.102, 0.495]    0.312 [0.142, 0.556]    0.500 [0.280, 0.720]    0.375 [0.185, 0.614]    0.250 [0.102, 0.495]    0.688 [0.444, 0.858]    0.000 [0.000, 0.194]    0.312 [0.142, 0.556]    0.000 [0.000, 0.194]    0.688 [0.444, 0.858]    0.688 [0.444, 0.858]    0.125 [0.035, 0.360]    0.375 [0.185, 0.614]    0.125 [0.035, 0.360]
meta-rune-spell           0.375 [0.185, 0.614]    0.125 [0.035, 0.360]    0.562 [0.332, 0.769]    0.625 [0.386, 0.815]    0.125 [0.035, 0.360]    0.562 [0.332, 0.769]    0.312 [0.142, 0.556]    0.750 [0.505, 0.898]    0.125 [0.035, 0.360]    0.500 [0.280, 0.720]    0.250 [0.102, 0.495]    0.562 [0.332, 0.769]    0.500 [0.280, 0.720]    0.312 [0.142, 0.556]    0.375 [0.185, 0.614]    0.188 [0.066, 0.430]
meta-rune-test-subject    0.312 [0.142, 0.556]    0.562 [0.332, 0.769]    0.625 [0.386, 0.815]    0.500 [0.280, 0.720]    0.562 [0.332, 0.769]    0.625 [0.386, 0.815]    0.438 [0.231, 0.668]    0.875 [0.640, 0.965]    0.250 [0.102, 0.495]    0.562 [0.332, 0.769]    0.250 [0.102, 0.495]    0.938 [0.717, 0.989]    0.562 [0.332, 0.769]    0.625 [0.386, 0.815]    0.438 [0.231, 0.668]    0.000 [0.000, 0.194]
meta-sword-loot           0.562 [0.332, 0.769]    0.312 [0.142, 0.556]    0.312 [0.142, 0.556]    0.562 [0.332, 0.769]    0.625 [0.386, 0.815]    0.875 [0.640, 0.965]    0.688 [0.444, 0.858]    0.938 [0.717, 0.989]    0.438 [0.231, 0.668]    0.625 [0.386, 0.815]    0.125 [0.035, 0.360]    0.812 [0.570, 0.934]    0.625 [0.386, 0.815]    0.562 [0.332, 0.769]    0.562 [0.332, 0.769]    0.250 [0.102, 0.495]
meta-sword-rally          0.438 [0.231, 0.668]    0.375 [0.185, 0.614]    0.750 [0.505, 0.898]    0.625 [0.386, 0.815]    0.750 [0.505, 0.898]    0.938 [0.717, 0.989]    0.438 [0.231, 0.668]    0.938 [0.717, 0.989]    0.375 [0.185, 0.614]    0.750 [0.505, 0.898]    0.312 [0.142, 0.556]    1.000 [0.806, 1.000]    0.812 [0.570, 0.934]    0.812 [0.570, 0.934]    0.625 [0.386, 0.815]    0.375 [0.185, 0.614]

=== summary ===
h0:mull=results/mull1/table.json vs h0
games: 4096  decisive: 4096  draws: 0
policy_a win rate: 0.521 [0.505, 0.536]
first-player win rate: 0.552
mean turns: 8.48  mean actions: 83.46
end: lethal=4050 deckout=46 turn_cap=0 action_cap=0 no_legal=0 illegal=0
2068.612s  1.98 games/s  cpus=28
per deck:
  meta-abyss-aggro: policy_a (row) 0.582  policy_b (col) 0.551
  meta-abyss-midrange: policy_a (row) 0.672  policy_b (col) 0.633
  meta-dragon-aggro: policy_a (row) 0.602  policy_b (col) 0.555
  meta-dragon-ramp: policy_a (row) 0.500  policy_b (col) 0.438
  meta-forest-combo: policy_a (row) 0.512  policy_b (col) 0.461
  meta-haven-amulet: policy_a (row) 0.289  policy_b (col) 0.289
  meta-haven-evo: policy_a (row) 0.633  policy_b (col) 0.582
  meta-haven-kukishiro: policy_a (row) 0.168  policy_b (col) 0.129
  meta-portal-af: policy_a (row) 0.742  policy_b (col) 0.691
  meta-portal-cutthroat: policy_a (row) 0.508  policy_b (col) 0.426
  meta-portal-evo: policy_a (row) 0.719  policy_b (col) 0.699
  meta-rune-crystal: policy_a (row) 0.309  policy_b (col) 0.211
  meta-rune-spell: policy_a (row) 0.391  policy_b (col) 0.387
  meta-rune-test-subject: policy_a (row) 0.508  policy_b (col) 0.457
  meta-sword-loot: policy_a (row) 0.555  policy_b (col) 0.527
  meta-sword-rally: policy_a (row) 0.645  policy_b (col) 0.633

4096 games in 2068.612s (2.0 games/s)
wrote C:\Users\agban\projects\arena\results\sweep13\c01-final.json
