pool: meta
decks: 16 (meta-abyss-aggro, meta-abyss-midrange, meta-dragon-aggro, meta-dragon-ramp, meta-forest-combo, meta-haven-amulet, meta-haven-evo, meta-haven-kukishiro, meta-portal-af, meta-portal-cutthroat, meta-portal-evo, meta-rune-crystal, meta-rune-spell, meta-rune-test-subject, meta-sword-loot, meta-sword-rally)
pairs: 256 (16 x 16, mirrors included)
games    16 games/pair x 256 =  4096
matchup: 16 decks × 16 games = 4096 games (seed=1, policy_a=h0:info=open, policy_b=h0, first=alternate, threads=None)
Win rate (row = A, col = B; cell = A's win rate)
                              meta-abyss-aggro     meta-abyss-midrange       meta-dragon-aggro        meta-dragon-ramp       meta-forest-combo       meta-haven-amulet          meta-haven-evo    meta-haven-kukishiro          meta-portal-af   meta-portal-cutthroat         meta-portal-evo       meta-rune-crystal         meta-rune-spell  meta-rune-test-subject         meta-sword-loot        meta-sword-rally
meta-abyss-aggro                         0.500                   0.500                   0.625                   0.750                   0.438                   0.750                   0.562                   0.625                   0.312                   0.562                   0.500                   0.625                   0.625                   0.375                   0.312                   0.625
meta-abyss-midrange                      0.812                   0.500                   0.562                   0.625                   0.625                   0.875                   0.312                   0.938                   0.438                   0.812                   0.375                   1.000                   0.812                   0.875                   0.562                   0.688
meta-dragon-aggro                        0.562                   0.375                   0.375                   0.875                   0.438                   0.812                   0.438                   0.750                   0.438                   0.562                   0.500                   0.875                   0.562                   0.500                   0.375                   0.562
meta-dragon-ramp                         0.312                   0.312                   0.312                   0.625                   0.312                   0.750                   0.375                   0.875                   0.250                   0.375                   0.125                   0.688                   0.375                   0.562                   0.438                   0.312
meta-forest-combo                        0.625                   0.312                   0.750                   0.688                   0.312                   0.812                   0.250                   0.625                   0.250                   0.500                   0.188                   0.750                   0.750                   0.438                   0.375                   0.250
meta-haven-amulet                        0.250                   0.125                   0.250                   0.125                   0.438                   0.500                   0.062                   0.812                   0.062                   0.125                   0.312                   0.500                   0.500                   0.438                   0.250                   0.062
meta-haven-evo                           0.438                   0.562                   0.250                   0.375                   0.500                   0.812                   0.438                   1.000                   0.688                   0.688                   0.625                   0.938                   0.688                   0.562                   0.375                   0.688
meta-haven-kukishiro                     0.188                   0.000                   0.125                   0.000                   0.375                   0.312                   0.000                   0.312                   0.000                   0.062                   0.000                   0.438                   0.312                   0.125                   0.000                   0.000
meta-portal-af                           0.750                   0.312                   0.750                   0.750                   0.812                   1.000                   0.562                   1.000                   0.562                   0.938                   0.375                   0.938                   0.750                   0.938                   0.812                   0.688
meta-portal-cutthroat                    0.438                   0.125                   0.312                   0.438                   0.562                   0.688                   0.250                   0.875                   0.000                   0.375                   0.188                   0.875                   0.562                   0.562                   0.500                   0.250
meta-portal-evo                          0.625                   0.500                   0.812                   0.688                   0.812                   0.875                   0.562                   1.000                   0.500                   0.750                   0.500                   0.875                   0.750                   0.875                   0.688                   0.688
meta-rune-crystal                        0.188                   0.125                   0.312                   0.500                   0.312                   0.438                   0.125                   0.562                   0.000                   0.312                   0.062                   0.625                   0.562                   0.188                   0.188                   0.062
meta-rune-spell                          0.250                   0.188                   0.312                   0.312                   0.250                   0.375                   0.250                   0.812                   0.312                   0.625                   0.375                   0.500                   0.250                   0.562                   0.375                   0.250
meta-rune-test-subject                   0.250                   0.500                   0.375                   0.250                   0.500                   0.562                   0.438                   0.875                   0.125                   0.375                   0.125                   0.875                   0.375                   0.562                   0.438                   0.125
meta-sword-loot                          0.500                   0.562                   0.250                   0.688                   0.625                   0.938                   0.688                   0.875                   0.250                   0.562                   0.250                   0.812                   0.562                   0.625                   0.375                   0.375
meta-sword-rally                         0.438                   0.312                   0.750                   0.625                   0.812                   0.875                   0.500                   1.000                   0.500                   0.688                   0.250                   1.000                   0.812                   0.812                   0.688                   0.438

First-player win rate / mean turns
                              meta-abyss-aggro     meta-abyss-midrange       meta-dragon-aggro        meta-dragon-ramp       meta-forest-combo       meta-haven-amulet          meta-haven-evo    meta-haven-kukishiro          meta-portal-af   meta-portal-cutthroat         meta-portal-evo       meta-rune-crystal         meta-rune-spell  meta-rune-test-subject         meta-sword-loot        meta-sword-rally
meta-abyss-aggro                 0.625 /   6.5           0.500 /   6.6           0.500 /   6.7           0.500 /   7.1           0.688 /   7.6           0.500 /   7.3           0.688 /   6.9           0.375 /   7.6           0.438 /   7.1           0.438 /   7.3           0.625 /   7.3           0.625 /   7.1           0.500 /   6.6           0.375 /   7.6           0.312 /   7.1           0.625 /   7.0
meta-abyss-midrange              0.562 /   6.8           0.500 /   8.6           0.438 /   7.3           0.750 /   7.9           0.500 /   8.1           0.500 /   8.2           0.562 /   8.6           0.562 /   7.9           0.562 /   7.8           0.688 /   7.8           0.625 /   8.2           0.500 /   7.4           0.438 /   8.3           0.500 /   8.8           0.562 /   7.5           0.562 /   8.0
meta-dragon-aggro                0.312 /   6.4           0.250 /   7.1           0.625 /   6.8           0.500 /   6.6           0.562 /   7.9           0.688 /   7.4           0.688 /   7.6           0.625 /   8.0           0.438 /   7.2           0.562 /   7.8           0.625 /   7.1           0.500 /   7.0           0.312 /   7.3           0.625 /   7.4           0.625 /   7.7           0.312 /   7.0
meta-dragon-ramp                 0.688 /   7.0           0.688 /   7.8           0.312 /   7.3           0.375 /   9.6           0.688 /   8.6           0.625 /  11.1           0.500 /  11.9           0.625 /  12.6           0.750 /   8.8           0.625 /   7.8           0.500 /   9.4           0.688 /   8.2           0.500 /   8.1           0.688 /   8.2           0.562 /   8.2           0.562 /   7.6
meta-forest-combo                0.625 /   7.8           0.562 /   9.2           0.500 /   8.8           0.562 /   9.2           0.562 /   8.6           0.562 /   8.4           0.750 /   9.4           0.500 /  11.7           0.625 /   8.9           0.500 /   8.6           0.438 /   8.7           0.500 /   8.9           0.500 /   8.0           0.688 /   9.2           0.750 /   8.8           0.500 /   8.4
meta-haven-amulet                0.625 /   6.9           0.500 /   9.2           0.625 /   8.0           0.500 /  10.8           0.688 /  10.7           0.625 /  14.8           0.562 /  11.8           0.688 /  15.4           0.562 /   8.6           0.375 /  10.1           0.562 /  10.4           0.750 /   9.3           0.750 /  10.6           0.562 /   9.6           0.500 /   7.9           0.562 /   8.4
meta-haven-evo                   0.562 /   6.9           0.688 /   8.2           0.625 /   7.7           0.750 /  10.2           0.500 /   8.6           0.438 /  11.4           0.562 /  11.2           0.500 /   9.9           0.812 /   8.6           0.688 /   8.9           0.750 /   9.2           0.562 /   8.8           0.688 /   8.3           0.688 /   9.1           0.750 /   8.8           0.562 /   8.2
meta-haven-kukishiro             0.562 /   8.4           0.500 /   8.3           0.625 /   7.6           0.500 /   9.8           0.500 /  10.6           0.562 /  15.8           0.500 /   9.8           0.438 /  16.1           0.500 /   8.2           0.438 /  10.4           0.500 /   8.8           0.438 /  10.8           0.562 /  10.4           0.625 /   9.1           0.500 /   8.9           0.500 /   7.8
meta-portal-af                   0.625 /   7.2           0.562 /   8.4           0.500 /   7.8           0.625 /   9.4           0.688 /   8.6           0.500 /   8.7           0.812 /   8.6           0.500 /   8.0           0.438 /   7.9           0.562 /   9.1           0.500 /   9.1           0.438 /   8.2           0.375 /   7.7           0.562 /   8.2           0.688 /   8.1           0.562 /   8.7
meta-portal-cutthroat            0.438 /   7.1           0.500 /   8.1           0.562 /   7.7           0.562 /   8.4           0.438 /   9.9           0.688 /   9.4           0.500 /   9.1           0.500 /   8.5           0.500 /   8.4           0.625 /   8.8           0.688 /   9.1           0.625 /   8.9           0.438 /   8.0           0.562 /   8.6           0.750 /   8.5           0.625 /   8.4
meta-portal-evo                  0.625 /   7.4           0.375 /   8.8           0.688 /   7.5           0.562 /   8.0           0.562 /   8.9           0.625 /   8.2           0.688 /   9.2           0.500 /   8.6           0.625 /   9.0           0.625 /   8.1           0.500 /   8.6           0.500 /   7.8           0.625 /   8.3           0.625 /   8.6           0.812 /   8.4           0.812 /   8.1
meta-rune-crystal                0.438 /   7.3           0.500 /   7.9           0.562 /   7.4           0.625 /   8.1           0.688 /   8.2           0.438 /  10.1           0.625 /   9.0           0.688 /  11.2           0.500 /   7.8           0.688 /   8.4           0.562 /   7.9           0.750 /   8.6           0.562 /   7.6           0.562 /   7.8           0.562 /   8.3           0.438 /   7.7
meta-rune-spell                  0.625 /   5.8           0.562 /   7.9           0.562 /   6.7           0.438 /   8.4           0.625 /   8.2           0.625 /  12.9           0.750 /   9.5           0.562 /   9.8           0.562 /   7.5           0.750 /   7.9           0.500 /   8.1           0.375 /   7.9           0.500 /   7.7           0.688 /   8.4           0.375 /   7.7           0.625 /   7.7
meta-rune-test-subject           0.500 /   7.2           0.375 /   7.5           0.375 /   7.8           0.500 /   8.5           0.750 /   8.5           0.688 /  11.2           0.938 /   9.5           0.625 /   9.9           0.625 /   8.2           0.375 /   9.1           0.625 /   8.9           0.500 /   7.9           0.750 /   8.1           0.688 /   8.6           0.688 /   7.7           0.500 /   7.8
meta-sword-loot                  0.500 /   7.1           0.688 /   7.4           0.625 /   7.4           0.688 /   7.6           0.750 /   8.6           0.438 /   7.1           0.812 /   8.9           0.625 /   8.6           0.500 /   8.4           0.438 /   7.7           0.625 /   8.5           0.438 /   7.9           0.438 /   8.3           0.625 /   8.2           0.500 /   7.7           0.750 /   7.4
meta-sword-rally                 0.438 /   6.9           0.562 /   8.9           0.375 /   7.2           0.875 /   7.9           0.688 /   8.2           0.375 /   8.5           0.750 /   8.0           0.500 /   7.9           1.000 /   8.8           0.562 /   8.1           0.625 /   8.1           0.500 /   7.2           0.438 /   7.2           0.438 /   7.2           0.438 /   7.1           0.438 /   7.6

A win rate over decisive games, Wilson 95% [lo, hi]
                              meta-abyss-aggro     meta-abyss-midrange       meta-dragon-aggro        meta-dragon-ramp       meta-forest-combo       meta-haven-amulet          meta-haven-evo    meta-haven-kukishiro          meta-portal-af   meta-portal-cutthroat         meta-portal-evo       meta-rune-crystal         meta-rune-spell  meta-rune-test-subject         meta-sword-loot        meta-sword-rally
meta-abyss-aggro          0.500 [0.280, 0.720]    0.500 [0.280, 0.720]    0.625 [0.386, 0.815]    0.750 [0.505, 0.898]    0.438 [0.231, 0.668]    0.750 [0.505, 0.898]    0.562 [0.332, 0.769]    0.625 [0.386, 0.815]    0.312 [0.142, 0.556]    0.562 [0.332, 0.769]    0.500 [0.280, 0.720]    0.625 [0.386, 0.815]    0.625 [0.386, 0.815]    0.375 [0.185, 0.614]    0.312 [0.142, 0.556]    0.625 [0.386, 0.815]
meta-abyss-midrange       0.812 [0.570, 0.934]    0.500 [0.280, 0.720]    0.562 [0.332, 0.769]    0.625 [0.386, 0.815]    0.625 [0.386, 0.815]    0.875 [0.640, 0.965]    0.312 [0.142, 0.556]    0.938 [0.717, 0.989]    0.438 [0.231, 0.668]    0.812 [0.570, 0.934]    0.375 [0.185, 0.614]    1.000 [0.806, 1.000]    0.812 [0.570, 0.934]    0.875 [0.640, 0.965]    0.562 [0.332, 0.769]    0.688 [0.444, 0.858]
meta-dragon-aggro         0.562 [0.332, 0.769]    0.375 [0.185, 0.614]    0.375 [0.185, 0.614]    0.875 [0.640, 0.965]    0.438 [0.231, 0.668]    0.812 [0.570, 0.934]    0.438 [0.231, 0.668]    0.750 [0.505, 0.898]    0.438 [0.231, 0.668]    0.562 [0.332, 0.769]    0.500 [0.280, 0.720]    0.875 [0.640, 0.965]    0.562 [0.332, 0.769]    0.500 [0.280, 0.720]    0.375 [0.185, 0.614]    0.562 [0.332, 0.769]
meta-dragon-ramp          0.312 [0.142, 0.556]    0.312 [0.142, 0.556]    0.312 [0.142, 0.556]    0.625 [0.386, 0.815]    0.312 [0.142, 0.556]    0.750 [0.505, 0.898]    0.375 [0.185, 0.614]    0.875 [0.640, 0.965]    0.250 [0.102, 0.495]    0.375 [0.185, 0.614]    0.125 [0.035, 0.360]    0.688 [0.444, 0.858]    0.375 [0.185, 0.614]    0.562 [0.332, 0.769]    0.438 [0.231, 0.668]    0.312 [0.142, 0.556]
meta-forest-combo         0.625 [0.386, 0.815]    0.312 [0.142, 0.556]    0.750 [0.505, 0.898]    0.688 [0.444, 0.858]    0.312 [0.142, 0.556]    0.812 [0.570, 0.934]    0.250 [0.102, 0.495]    0.625 [0.386, 0.815]    0.250 [0.102, 0.495]    0.500 [0.280, 0.720]    0.188 [0.066, 0.430]    0.750 [0.505, 0.898]    0.750 [0.505, 0.898]    0.438 [0.231, 0.668]    0.375 [0.185, 0.614]    0.250 [0.102, 0.495]
meta-haven-amulet         0.250 [0.102, 0.495]    0.125 [0.035, 0.360]    0.250 [0.102, 0.495]    0.125 [0.035, 0.360]    0.438 [0.231, 0.668]    0.500 [0.280, 0.720]    0.062 [0.011, 0.283]    0.812 [0.570, 0.934]    0.062 [0.011, 0.283]    0.125 [0.035, 0.360]    0.312 [0.142, 0.556]    0.500 [0.280, 0.720]    0.500 [0.280, 0.720]    0.438 [0.231, 0.668]    0.250 [0.102, 0.495]    0.062 [0.011, 0.283]
meta-haven-evo            0.438 [0.231, 0.668]    0.562 [0.332, 0.769]    0.250 [0.102, 0.495]    0.375 [0.185, 0.614]    0.500 [0.280, 0.720]    0.812 [0.570, 0.934]    0.438 [0.231, 0.668]    1.000 [0.806, 1.000]    0.688 [0.444, 0.858]    0.688 [0.444, 0.858]    0.625 [0.386, 0.815]    0.938 [0.717, 0.989]    0.688 [0.444, 0.858]    0.562 [0.332, 0.769]    0.375 [0.185, 0.614]    0.688 [0.444, 0.858]
meta-haven-kukishiro      0.188 [0.066, 0.430]    0.000 [0.000, 0.194]    0.125 [0.035, 0.360]    0.000 [0.000, 0.194]    0.375 [0.185, 0.614]    0.312 [0.142, 0.556]    0.000 [0.000, 0.194]    0.312 [0.142, 0.556]    0.000 [0.000, 0.194]    0.062 [0.011, 0.283]    0.000 [0.000, 0.194]    0.438 [0.231, 0.668]    0.312 [0.142, 0.556]    0.125 [0.035, 0.360]    0.000 [0.000, 0.194]    0.000 [0.000, 0.194]
meta-portal-af            0.750 [0.505, 0.898]    0.312 [0.142, 0.556]    0.750 [0.505, 0.898]    0.750 [0.505, 0.898]    0.812 [0.570, 0.934]    1.000 [0.806, 1.000]    0.562 [0.332, 0.769]    1.000 [0.806, 1.000]    0.562 [0.332, 0.769]    0.938 [0.717, 0.989]    0.375 [0.185, 0.614]    0.938 [0.717, 0.989]    0.750 [0.505, 0.898]    0.938 [0.717, 0.989]    0.812 [0.570, 0.934]    0.688 [0.444, 0.858]
meta-portal-cutthroat     0.438 [0.231, 0.668]    0.125 [0.035, 0.360]    0.312 [0.142, 0.556]    0.438 [0.231, 0.668]    0.562 [0.332, 0.769]    0.688 [0.444, 0.858]    0.250 [0.102, 0.495]    0.875 [0.640, 0.965]    0.000 [0.000, 0.194]    0.375 [0.185, 0.614]    0.188 [0.066, 0.430]    0.875 [0.640, 0.965]    0.562 [0.332, 0.769]    0.562 [0.332, 0.769]    0.500 [0.280, 0.720]    0.250 [0.102, 0.495]
meta-portal-evo           0.625 [0.386, 0.815]    0.500 [0.280, 0.720]    0.812 [0.570, 0.934]    0.688 [0.444, 0.858]    0.812 [0.570, 0.934]    0.875 [0.640, 0.965]    0.562 [0.332, 0.769]    1.000 [0.806, 1.000]    0.500 [0.280, 0.720]    0.750 [0.505, 0.898]    0.500 [0.280, 0.720]    0.875 [0.640, 0.965]    0.750 [0.505, 0.898]    0.875 [0.640, 0.965]    0.688 [0.444, 0.858]    0.688 [0.444, 0.858]
meta-rune-crystal         0.188 [0.066, 0.430]    0.125 [0.035, 0.360]    0.312 [0.142, 0.556]    0.500 [0.280, 0.720]    0.312 [0.142, 0.556]    0.438 [0.231, 0.668]    0.125 [0.035, 0.360]    0.562 [0.332, 0.769]    0.000 [0.000, 0.194]    0.312 [0.142, 0.556]    0.062 [0.011, 0.283]    0.625 [0.386, 0.815]    0.562 [0.332, 0.769]    0.188 [0.066, 0.430]    0.188 [0.066, 0.430]    0.062 [0.011, 0.283]
meta-rune-spell           0.250 [0.102, 0.495]    0.188 [0.066, 0.430]    0.312 [0.142, 0.556]    0.312 [0.142, 0.556]    0.250 [0.102, 0.495]    0.375 [0.185, 0.614]    0.250 [0.102, 0.495]    0.812 [0.570, 0.934]    0.312 [0.142, 0.556]    0.625 [0.386, 0.815]    0.375 [0.185, 0.614]    0.500 [0.280, 0.720]    0.250 [0.102, 0.495]    0.562 [0.332, 0.769]    0.375 [0.185, 0.614]    0.250 [0.102, 0.495]
meta-rune-test-subject    0.250 [0.102, 0.495]    0.500 [0.280, 0.720]    0.375 [0.185, 0.614]    0.250 [0.102, 0.495]    0.500 [0.280, 0.720]    0.562 [0.332, 0.769]    0.438 [0.231, 0.668]    0.875 [0.640, 0.965]    0.125 [0.035, 0.360]    0.375 [0.185, 0.614]    0.125 [0.035, 0.360]    0.875 [0.640, 0.965]    0.375 [0.185, 0.614]    0.562 [0.332, 0.769]    0.438 [0.231, 0.668]    0.125 [0.035, 0.360]
meta-sword-loot           0.500 [0.280, 0.720]    0.562 [0.332, 0.769]    0.250 [0.102, 0.495]    0.688 [0.444, 0.858]    0.625 [0.386, 0.815]    0.938 [0.717, 0.989]    0.688 [0.444, 0.858]    0.875 [0.640, 0.965]    0.250 [0.102, 0.495]    0.562 [0.332, 0.769]    0.250 [0.102, 0.495]    0.812 [0.570, 0.934]    0.562 [0.332, 0.769]    0.625 [0.386, 0.815]    0.375 [0.185, 0.614]    0.375 [0.185, 0.614]
meta-sword-rally          0.438 [0.231, 0.668]    0.312 [0.142, 0.556]    0.750 [0.505, 0.898]    0.625 [0.386, 0.815]    0.812 [0.570, 0.934]    0.875 [0.640, 0.965]    0.500 [0.280, 0.720]    1.000 [0.806, 1.000]    0.500 [0.280, 0.720]    0.688 [0.444, 0.858]    0.250 [0.102, 0.495]    1.000 [0.806, 1.000]    0.812 [0.570, 0.934]    0.812 [0.570, 0.934]    0.688 [0.444, 0.858]    0.438 [0.231, 0.668]

=== summary ===
h0:info=open vs h0
games: 4096  decisive: 4096  draws: 0
policy_a win rate: 0.497 [0.482, 0.512]
first-player win rate: 0.569
mean turns: 8.47  mean actions: 83.21
end: lethal=4044 deckout=52 turn_cap=0 action_cap=0 no_legal=0 illegal=0
2108.478s  1.94 games/s  cpus=28
per deck:
  meta-abyss-aggro: policy_a (row) 0.543  policy_b (col) 0.555
  meta-abyss-midrange: policy_a (row) 0.676  policy_b (col) 0.668
  meta-dragon-aggro: policy_a (row) 0.562  policy_b (col) 0.555
  meta-dragon-ramp: policy_a (row) 0.438  policy_b (col) 0.480
  meta-forest-combo: policy_a (row) 0.492  policy_b (col) 0.492
  meta-haven-amulet: policy_a (row) 0.301  policy_b (col) 0.289
  meta-haven-evo: policy_a (row) 0.602  policy_b (col) 0.637
  meta-haven-kukishiro: policy_a (row) 0.141  policy_b (col) 0.191
  meta-portal-af: policy_a (row) 0.746  policy_b (col) 0.707
  meta-portal-cutthroat: policy_a (row) 0.438  policy_b (col) 0.480
  meta-portal-evo: policy_a (row) 0.719  policy_b (col) 0.703
  meta-rune-crystal: policy_a (row) 0.285  policy_b (col) 0.230
  meta-rune-spell: policy_a (row) 0.375  policy_b (col) 0.422
  meta-rune-test-subject: policy_a (row) 0.422  policy_b (col) 0.438
  meta-sword-loot: policy_a (row) 0.559  policy_b (col) 0.578
  meta-sword-rally: policy_a (row) 0.656  policy_b (col) 0.621

4096 games in 2108.478s (1.9 games/s)
wrote C:\Users\agban\projects\arena\results\sweep13\c02-final.json
