pool: meta
decks: 16 (meta-abyss-aggro, meta-abyss-midrange, meta-dragon-aggro, meta-dragon-ramp, meta-forest-combo, meta-haven-amulet, meta-haven-evo, meta-haven-kukishiro, meta-portal-af, meta-portal-cutthroat, meta-portal-evo, meta-rune-crystal, meta-rune-spell, meta-rune-test-subject, meta-sword-loot, meta-sword-rally)
pairs: 256 (16 x 16, mirrors included)
games    16 games/pair x 256 =  4096
matchup: 16 decks × 16 games = 4096 games (seed=14, policy_a=h0, policy_b=h0:mull=rule,info=fair,lcap=1,clip=0,fusemacro=0, first=alternate, threads=None)
Win rate (row = A, col = B; cell = A's win rate)
                              meta-abyss-aggro     meta-abyss-midrange       meta-dragon-aggro        meta-dragon-ramp       meta-forest-combo       meta-haven-amulet          meta-haven-evo    meta-haven-kukishiro          meta-portal-af   meta-portal-cutthroat         meta-portal-evo       meta-rune-crystal         meta-rune-spell  meta-rune-test-subject         meta-sword-loot        meta-sword-rally
meta-abyss-aggro                         0.562                   0.625                   0.625                   0.812                   0.500                   0.938                   0.625                   0.688                   0.625                   0.438                   0.500                   0.562                   0.688                   0.750                   0.312                   0.312
meta-abyss-midrange                      0.562                   0.500                   0.750                   0.625                   0.875                   0.875                   0.625                   1.000                   0.375                   0.938                   0.562                   1.000                   0.812                   0.938                   0.562                   0.625
meta-dragon-aggro                        0.688                   0.375                   0.500                   0.750                   0.500                   0.812                   0.812                   0.750                   0.312                   0.875                   0.500                   0.688                   0.562                   0.625                   0.750                   0.562
meta-dragon-ramp                         0.250                   0.188                   0.312                   0.750                   0.312                   0.812                   0.562                   0.938                   0.250                   0.812                   0.312                   0.750                   0.562                   0.625                   0.375                   0.062
meta-forest-combo                        0.438                   0.312                   0.625                   0.625                   0.625                   0.688                   0.250                   0.875                   0.062                   0.812                   0.125                   0.812                   0.562                   0.688                   0.562                   0.125
meta-haven-amulet                        0.188                   0.000                   0.500                   0.312                   0.250                   0.500                   0.000                   0.875                   0.250                   0.438                   0.062                   0.500                   0.500                   0.375                   0.188                   0.188
meta-haven-evo                           0.500                   0.438                   0.500                   0.562                   0.625                   0.938                   0.562                   0.938                   0.500                   0.625                   0.688                   0.812                   0.875                   0.750                   0.688                   0.688
meta-haven-kukishiro                     0.188                   0.000                   0.312                   0.000                   0.312                   0.188                   0.125                   0.375                   0.000                   0.125                   0.062                   0.625                   0.250                   0.125                   0.062                   0.062
meta-portal-af                           0.688                   0.500                   0.875                   0.500                   0.938                   1.000                   0.750                   1.000                   0.562                   1.000                   0.312                   1.000                   0.875                   0.938                   0.688                   0.500
meta-portal-cutthroat                    0.438                   0.375                   0.688                   0.500                   0.562                   0.750                   0.688                   1.000                   0.562                   0.688                   0.438                   0.562                   0.500                   0.750                   0.562                   0.375
meta-portal-evo                          0.812                   0.438                   0.438                   0.875                   0.875                   0.625                   0.500                   1.000                   0.375                   0.812                   0.625                   0.938                   0.875                   0.938                   0.875                   0.562
meta-rune-crystal                        0.500                   0.000                   0.312                   0.312                   0.125                   0.438                   0.125                   0.688                   0.000                   0.312                   0.062                   0.562                   0.250                   0.438                   0.312                   0.125
meta-rune-spell                          0.250                   0.375                   0.375                   0.312                   0.438                   0.625                   0.250                   0.812                   0.188                   0.625                   0.188                   0.812                   0.562                   0.750                   0.438                   0.188
meta-rune-test-subject                   0.562                   0.375                   0.375                   0.438                   0.438                   0.875                   0.250                   0.938                   0.125                   0.688                   0.188                   0.938                   0.625                   0.688                   0.438                   0.062
meta-sword-loot                          0.438                   0.438                   0.500                   0.750                   0.562                   0.875                   0.625                   0.875                   0.125                   0.750                   0.312                   0.875                   0.438                   0.812                   0.562                   0.188
meta-sword-rally                         0.500                   0.625                   0.688                   0.625                   0.875                   0.750                   0.438                   1.000                   0.250                   0.812                   0.500                   1.000                   0.562                   0.812                   0.812                   0.625

First-player win rate / mean turns
                              meta-abyss-aggro     meta-abyss-midrange       meta-dragon-aggro        meta-dragon-ramp       meta-forest-combo       meta-haven-amulet          meta-haven-evo    meta-haven-kukishiro          meta-portal-af   meta-portal-cutthroat         meta-portal-evo       meta-rune-crystal         meta-rune-spell  meta-rune-test-subject         meta-sword-loot        meta-sword-rally
meta-abyss-aggro                 0.562 /   6.3           0.750 /   7.3           0.625 /   6.9           0.562 /   6.2           0.625 /   7.5           0.562 /   6.8           0.875 /   7.6           0.438 /   8.1           0.625 /   7.0           0.562 /   7.9           0.625 /   6.9           0.688 /   7.3           0.688 /   6.8           0.375 /   7.1           0.438 /   7.2           0.562 /   7.1
meta-abyss-midrange              0.562 /   6.6           0.750 /   8.6           0.500 /   7.2           0.625 /   8.1           0.625 /   7.8           0.500 /   8.4           0.500 /   8.6           0.500 /   8.3           0.750 /   8.0           0.562 /   8.2           0.688 /   8.1           0.500 /   8.2           0.562 /   7.6           0.438 /   8.0           0.562 /   8.0           0.750 /   8.8
meta-dragon-aggro                0.562 /   6.7           0.375 /   7.1           0.375 /   7.2           0.500 /   7.3           0.750 /   8.2           0.562 /   7.2           0.438 /   7.9           0.625 /   8.4           0.562 /   7.2           0.625 /   6.8           0.625 /   7.1           0.562 /   7.0           0.312 /   6.9           0.625 /   7.5           0.625 /   7.8           0.562 /   7.4
meta-dragon-ramp                 0.625 /   6.9           0.688 /   7.8           0.562 /   7.2           0.625 /   9.6           0.562 /   8.6           0.312 /  10.5           0.188 /  10.4           0.562 /  10.9           0.625 /   8.7           0.438 /   9.2           0.438 /   8.9           0.500 /   7.9           0.562 /   8.1           0.625 /   8.5           0.625 /   7.7           0.562 /   7.9
meta-forest-combo                0.438 /   7.2           0.438 /   8.7           0.375 /   7.4           0.625 /   8.4           0.625 /   9.2           0.438 /   9.2           0.500 /   9.0           0.500 /   9.9           0.562 /   8.6           0.312 /   8.1           0.500 /   8.6           0.562 /   8.2           0.688 /   8.1           0.562 /   9.2           0.812 /   8.4           0.625 /   9.0
meta-haven-amulet                0.438 /   6.8           0.500 /   8.7           0.500 /   9.4           0.562 /  11.2           0.625 /   8.9           0.500 /  15.6           0.500 /  13.7           0.500 /  14.1           0.375 /   9.2           0.688 /  11.2           0.562 /   9.3           0.750 /   9.4           0.625 /  10.3           0.500 /  11.6           0.438 /   8.4           0.438 /   9.2
meta-haven-evo                   0.750 /   7.6           0.688 /   8.1           0.750 /   7.6           0.562 /   9.2           0.625 /   8.6           0.438 /  11.5           0.438 /  11.2           0.438 /   9.6           0.500 /   9.1           0.625 /   8.8           0.688 /   9.2           0.562 /   8.1           0.500 /   9.2           0.625 /   8.6           0.562 /   8.8           0.438 /   8.7
meta-haven-kukishiro             0.312 /   7.4           0.500 /   8.4           0.688 /   8.7           0.500 /   9.8           0.812 /  10.2           0.688 /  16.2           0.500 /  10.2           0.500 /  15.4           0.500 /   8.6           0.500 /  10.1           0.562 /   8.9           0.500 /  10.9           0.500 /  11.1           0.625 /   9.9           0.438 /   8.0           0.438 /   8.9
meta-portal-af                   0.562 /   6.9           0.625 /   9.0           0.625 /   7.8           0.500 /   9.7           0.438 /   8.4           0.500 /   7.6           0.625 /   8.0           0.500 /   8.1           0.438 /   9.0           0.500 /   8.2           0.562 /   9.5           0.500 /   7.3           0.500 /   8.2           0.562 /   7.9           0.438 /   7.8           0.625 /   8.6
meta-portal-cutthroat            0.438 /   7.2           0.625 /   9.1           0.438 /   7.5           0.625 /   9.2           0.688 /   8.3           0.500 /  10.9           0.562 /   9.2           0.500 /   8.2           0.562 /   8.5           0.438 /   8.4           0.688 /   8.6           0.812 /   8.1           0.500 /   7.8           0.375 /   8.6           0.688 /   8.2           0.625 /   7.6
meta-portal-evo                  0.562 /   6.9           0.688 /   9.1           0.688 /   7.1           0.500 /   8.8           0.500 /   8.1           0.625 /  11.2           0.750 /   9.6           0.500 /   8.1           0.625 /   8.9           0.688 /   8.2           0.500 /   9.2           0.562 /   8.1           0.500 /   8.4           0.438 /   8.2           0.625 /   8.5           0.562 /   8.2
meta-rune-crystal                0.625 /   6.9           0.500 /   8.2           0.688 /   7.9           0.688 /   8.2           0.500 /   8.8           0.562 /  10.0           0.500 /   9.4           0.562 /   9.8           0.500 /   8.4           0.562 /   8.5           0.562 /   7.8           0.562 /   8.9           0.500 /   7.9           0.438 /   7.7           0.438 /   7.8           0.625 /   8.0
meta-rune-spell                  0.500 /   6.3           0.625 /   7.4           0.375 /   6.6           0.688 /   8.1           0.562 /   7.9           0.625 /  10.6           0.375 /   9.1           0.562 /  10.9           0.438 /   7.1           0.375 /   8.7           0.688 /   7.8           0.562 /   8.5           0.688 /   8.4           0.375 /   7.8           0.438 /   7.3           0.562 /   7.6
meta-rune-test-subject           0.562 /   7.9           0.375 /   8.0           0.500 /   7.4           0.312 /   9.2           0.562 /   9.0           0.500 /   9.3           0.625 /   9.2           0.562 /   9.1           0.500 /   8.1           0.438 /   8.4           0.562 /   8.8           0.562 /   8.1           0.375 /   8.1           0.438 /   8.7           0.438 /   7.9           0.562 /   8.1
meta-sword-loot                  0.312 /   7.2           0.688 /   7.8           0.625 /   7.7           0.625 /   7.9           0.562 /   8.4           0.500 /   8.4           0.625 /   8.6           0.625 /   8.6           0.625 /   8.4           0.750 /   8.2           0.688 /   7.9           0.500 /   7.6           0.438 /   7.9           0.688 /   7.8           0.562 /   7.9           0.562 /   8.0
meta-sword-rally                 0.375 /   6.9           0.625 /   8.1           0.562 /   7.6           0.750 /   8.0           0.500 /   8.4           0.500 /   8.3           0.812 /   8.5           0.500 /   8.4           0.500 /   8.9           0.562 /   8.2           0.750 /   8.5           0.500 /   7.3           0.562 /   8.1           0.562 /   6.8           0.562 /   7.4           0.750 /   8.1

A win rate over decisive games, Wilson 95% [lo, hi]
                              meta-abyss-aggro     meta-abyss-midrange       meta-dragon-aggro        meta-dragon-ramp       meta-forest-combo       meta-haven-amulet          meta-haven-evo    meta-haven-kukishiro          meta-portal-af   meta-portal-cutthroat         meta-portal-evo       meta-rune-crystal         meta-rune-spell  meta-rune-test-subject         meta-sword-loot        meta-sword-rally
meta-abyss-aggro          0.562 [0.332, 0.769]    0.625 [0.386, 0.815]    0.625 [0.386, 0.815]    0.812 [0.570, 0.934]    0.500 [0.280, 0.720]    0.938 [0.717, 0.989]    0.625 [0.386, 0.815]    0.688 [0.444, 0.858]    0.625 [0.386, 0.815]    0.438 [0.231, 0.668]    0.500 [0.280, 0.720]    0.562 [0.332, 0.769]    0.688 [0.444, 0.858]    0.750 [0.505, 0.898]    0.312 [0.142, 0.556]    0.312 [0.142, 0.556]
meta-abyss-midrange       0.562 [0.332, 0.769]    0.500 [0.280, 0.720]    0.750 [0.505, 0.898]    0.625 [0.386, 0.815]    0.875 [0.640, 0.965]    0.875 [0.640, 0.965]    0.625 [0.386, 0.815]    1.000 [0.806, 1.000]    0.375 [0.185, 0.614]    0.938 [0.717, 0.989]    0.562 [0.332, 0.769]    1.000 [0.806, 1.000]    0.812 [0.570, 0.934]    0.938 [0.717, 0.989]    0.562 [0.332, 0.769]    0.625 [0.386, 0.815]
meta-dragon-aggro         0.688 [0.444, 0.858]    0.375 [0.185, 0.614]    0.500 [0.280, 0.720]    0.750 [0.505, 0.898]    0.500 [0.280, 0.720]    0.812 [0.570, 0.934]    0.812 [0.570, 0.934]    0.750 [0.505, 0.898]    0.312 [0.142, 0.556]    0.875 [0.640, 0.965]    0.500 [0.280, 0.720]    0.688 [0.444, 0.858]    0.562 [0.332, 0.769]    0.625 [0.386, 0.815]    0.750 [0.505, 0.898]    0.562 [0.332, 0.769]
meta-dragon-ramp          0.250 [0.102, 0.495]    0.188 [0.066, 0.430]    0.312 [0.142, 0.556]    0.750 [0.505, 0.898]    0.312 [0.142, 0.556]    0.812 [0.570, 0.934]    0.562 [0.332, 0.769]    0.938 [0.717, 0.989]    0.250 [0.102, 0.495]    0.812 [0.570, 0.934]    0.312 [0.142, 0.556]    0.750 [0.505, 0.898]    0.562 [0.332, 0.769]    0.625 [0.386, 0.815]    0.375 [0.185, 0.614]    0.062 [0.011, 0.283]
meta-forest-combo         0.438 [0.231, 0.668]    0.312 [0.142, 0.556]    0.625 [0.386, 0.815]    0.625 [0.386, 0.815]    0.625 [0.386, 0.815]    0.688 [0.444, 0.858]    0.250 [0.102, 0.495]    0.875 [0.640, 0.965]    0.062 [0.011, 0.283]    0.812 [0.570, 0.934]    0.125 [0.035, 0.360]    0.812 [0.570, 0.934]    0.562 [0.332, 0.769]    0.688 [0.444, 0.858]    0.562 [0.332, 0.769]    0.125 [0.035, 0.360]
meta-haven-amulet         0.188 [0.066, 0.430]    0.000 [0.000, 0.194]    0.500 [0.280, 0.720]    0.312 [0.142, 0.556]    0.250 [0.102, 0.495]    0.500 [0.280, 0.720]    0.000 [0.000, 0.194]    0.875 [0.640, 0.965]    0.250 [0.102, 0.495]    0.438 [0.231, 0.668]    0.062 [0.011, 0.283]    0.500 [0.280, 0.720]    0.500 [0.280, 0.720]    0.375 [0.185, 0.614]    0.188 [0.066, 0.430]    0.188 [0.066, 0.430]
meta-haven-evo            0.500 [0.280, 0.720]    0.438 [0.231, 0.668]    0.500 [0.280, 0.720]    0.562 [0.332, 0.769]    0.625 [0.386, 0.815]    0.938 [0.717, 0.989]    0.562 [0.332, 0.769]    0.938 [0.717, 0.989]    0.500 [0.280, 0.720]    0.625 [0.386, 0.815]    0.688 [0.444, 0.858]    0.812 [0.570, 0.934]    0.875 [0.640, 0.965]    0.750 [0.505, 0.898]    0.688 [0.444, 0.858]    0.688 [0.444, 0.858]
meta-haven-kukishiro      0.188 [0.066, 0.430]    0.000 [0.000, 0.194]    0.312 [0.142, 0.556]    0.000 [0.000, 0.194]    0.312 [0.142, 0.556]    0.188 [0.066, 0.430]    0.125 [0.035, 0.360]    0.375 [0.185, 0.614]    0.000 [0.000, 0.194]    0.125 [0.035, 0.360]    0.062 [0.011, 0.283]    0.625 [0.386, 0.815]    0.250 [0.102, 0.495]    0.125 [0.035, 0.360]    0.062 [0.011, 0.283]    0.062 [0.011, 0.283]
meta-portal-af            0.688 [0.444, 0.858]    0.500 [0.280, 0.720]    0.875 [0.640, 0.965]    0.500 [0.280, 0.720]    0.938 [0.717, 0.989]    1.000 [0.806, 1.000]    0.750 [0.505, 0.898]    1.000 [0.806, 1.000]    0.562 [0.332, 0.769]    1.000 [0.806, 1.000]    0.312 [0.142, 0.556]    1.000 [0.806, 1.000]    0.875 [0.640, 0.965]    0.938 [0.717, 0.989]    0.688 [0.444, 0.858]    0.500 [0.280, 0.720]
meta-portal-cutthroat     0.438 [0.231, 0.668]    0.375 [0.185, 0.614]    0.688 [0.444, 0.858]    0.500 [0.280, 0.720]    0.562 [0.332, 0.769]    0.750 [0.505, 0.898]    0.688 [0.444, 0.858]    1.000 [0.806, 1.000]    0.562 [0.332, 0.769]    0.688 [0.444, 0.858]    0.438 [0.231, 0.668]    0.562 [0.332, 0.769]    0.500 [0.280, 0.720]    0.750 [0.505, 0.898]    0.562 [0.332, 0.769]    0.375 [0.185, 0.614]
meta-portal-evo           0.812 [0.570, 0.934]    0.438 [0.231, 0.668]    0.438 [0.231, 0.668]    0.875 [0.640, 0.965]    0.875 [0.640, 0.965]    0.625 [0.386, 0.815]    0.500 [0.280, 0.720]    1.000 [0.806, 1.000]    0.375 [0.185, 0.614]    0.812 [0.570, 0.934]    0.625 [0.386, 0.815]    0.938 [0.717, 0.989]    0.875 [0.640, 0.965]    0.938 [0.717, 0.989]    0.875 [0.640, 0.965]    0.562 [0.332, 0.769]
meta-rune-crystal         0.500 [0.280, 0.720]    0.000 [0.000, 0.194]    0.312 [0.142, 0.556]    0.312 [0.142, 0.556]    0.125 [0.035, 0.360]    0.438 [0.231, 0.668]    0.125 [0.035, 0.360]    0.688 [0.444, 0.858]    0.000 [0.000, 0.194]    0.312 [0.142, 0.556]    0.062 [0.011, 0.283]    0.562 [0.332, 0.769]    0.250 [0.102, 0.495]    0.438 [0.231, 0.668]    0.312 [0.142, 0.556]    0.125 [0.035, 0.360]
meta-rune-spell           0.250 [0.102, 0.495]    0.375 [0.185, 0.614]    0.375 [0.185, 0.614]    0.312 [0.142, 0.556]    0.438 [0.231, 0.668]    0.625 [0.386, 0.815]    0.250 [0.102, 0.495]    0.812 [0.570, 0.934]    0.188 [0.066, 0.430]    0.625 [0.386, 0.815]    0.188 [0.066, 0.430]    0.812 [0.570, 0.934]    0.562 [0.332, 0.769]    0.750 [0.505, 0.898]    0.438 [0.231, 0.668]    0.188 [0.066, 0.430]
meta-rune-test-subject    0.562 [0.332, 0.769]    0.375 [0.185, 0.614]    0.375 [0.185, 0.614]    0.438 [0.231, 0.668]    0.438 [0.231, 0.668]    0.875 [0.640, 0.965]    0.250 [0.102, 0.495]    0.938 [0.717, 0.989]    0.125 [0.035, 0.360]    0.688 [0.444, 0.858]    0.188 [0.066, 0.430]    0.938 [0.717, 0.989]    0.625 [0.386, 0.815]    0.688 [0.444, 0.858]    0.438 [0.231, 0.668]    0.062 [0.011, 0.283]
meta-sword-loot           0.438 [0.231, 0.668]    0.438 [0.231, 0.668]    0.500 [0.280, 0.720]    0.750 [0.505, 0.898]    0.562 [0.332, 0.769]    0.875 [0.640, 0.965]    0.625 [0.386, 0.815]    0.875 [0.640, 0.965]    0.125 [0.035, 0.360]    0.750 [0.505, 0.898]    0.312 [0.142, 0.556]    0.875 [0.640, 0.965]    0.438 [0.231, 0.668]    0.812 [0.570, 0.934]    0.562 [0.332, 0.769]    0.188 [0.066, 0.430]
meta-sword-rally          0.500 [0.280, 0.720]    0.625 [0.386, 0.815]    0.688 [0.444, 0.858]    0.625 [0.386, 0.815]    0.875 [0.640, 0.965]    0.750 [0.505, 0.898]    0.438 [0.231, 0.668]    1.000 [0.806, 1.000]    0.250 [0.102, 0.495]    0.812 [0.570, 0.934]    0.500 [0.280, 0.720]    1.000 [0.806, 1.000]    0.562 [0.332, 0.769]    0.812 [0.570, 0.934]    0.812 [0.570, 0.934]    0.625 [0.386, 0.815]

=== summary ===
h0 vs h0:mull=rule,info=fair,lcap=1,clip=0,fusemacro=0
games: 4096  decisive: 4096  draws: 0
policy_a win rate: 0.542 [0.527, 0.557]
first-player win rate: 0.553
mean turns: 8.47  mean actions: 83.65
end: lethal=4055 deckout=41 turn_cap=0 action_cap=0 no_legal=0 illegal=0
2248.644s  1.82 games/s  cpus=28
per deck:
  meta-abyss-aggro: policy_a (row) 0.598  policy_b (col) 0.527
  meta-abyss-midrange: policy_a (row) 0.727  policy_b (col) 0.652
  meta-dragon-aggro: policy_a (row) 0.629  policy_b (col) 0.477
  meta-dragon-ramp: policy_a (row) 0.492  policy_b (col) 0.453
  meta-forest-combo: policy_a (row) 0.512  policy_b (col) 0.449
  meta-haven-amulet: policy_a (row) 0.320  policy_b (col) 0.270
  meta-haven-evo: policy_a (row) 0.668  policy_b (col) 0.551
  meta-haven-kukishiro: policy_a (row) 0.176  policy_b (col) 0.141
  meta-portal-af: policy_a (row) 0.758  policy_b (col) 0.715
  meta-portal-cutthroat: policy_a (row) 0.590  policy_b (col) 0.328
  meta-portal-evo: policy_a (row) 0.723  policy_b (col) 0.660
  meta-rune-crystal: policy_a (row) 0.285  policy_b (col) 0.223
  meta-rune-spell: policy_a (row) 0.449  policy_b (col) 0.406
  meta-rune-test-subject: policy_a (row) 0.500  policy_b (col) 0.312
  meta-sword-loot: policy_a (row) 0.570  policy_b (col) 0.488
  meta-sword-rally: policy_a (row) 0.680  policy_b (col) 0.672

4096 games in 2248.644s (1.8 games/s)
wrote C:\Users\agban\projects\arena\results\ladder2\c01-final.json
