matchup: 16 decks × 4 games = 1024 games (seed=1, policy_a=h0:nodes=4000, policy_b=h0, first=alternate, threads=None)
Win rate (row = A, col = B; cell = A's win rate)
                           abyss-p8rfn              abyss-pool          afnm-minatodao            basic-forest            basic-portal              basic-rune             dragon-pool            elf-neanisu2             forest-pool             portal-pool              ramp-37772           ramp-claywies            royal-nattui             rune-mach15               rune-pool              sword-pool
abyss-p8rfn                      0.250                   1.000                   0.750                   1.000                   1.000                   1.000                   0.500                   1.000                   1.000                   1.000                   1.000                   1.000                   0.750                   1.000                   1.000                   1.000
abyss-pool                       0.250                   0.500                   0.250                   1.000                   0.750                   1.000                   0.000                   0.000                   0.250                   0.750                   0.250                   0.000                   0.250                   0.000                   1.000                   0.500
afnm-minatodao                   1.000                   1.000                   0.750                   1.000                   1.000                   1.000                   1.000                   1.000                   1.000                   1.000                   1.000                   1.000                   1.000                   0.750                   1.000                   0.750
basic-forest                     0.000                   0.250                   0.000                   0.500                   0.500                   0.500                   0.500                   0.000                   0.500                   0.250                   0.000                   0.250                   0.000                   0.250                   1.000                   0.250
basic-portal                     0.000                   0.750                   0.250                   0.750                   0.750                   1.000                   1.000                   0.250                   0.000                   0.750                   0.250                   0.000                   0.000                   0.000                   0.500                   0.000
basic-rune                       0.000                   0.000                   0.000                   0.500                   0.500                   1.000                   0.000                   0.000                   0.250                   0.000                   0.000                   0.000                   0.000                   0.000                   0.250                   0.000
dragon-pool                      0.000                   0.750                   0.250                   1.000                   1.000                   1.000                   1.000                   0.250                   0.500                   0.500                   0.250                   0.250                   0.000                   0.750                   1.000                   0.500
elf-neanisu2                     0.750                   1.000                   0.000                   1.000                   1.000                   1.000                   0.500                   0.000                   0.500                   1.000                   0.500                   0.750                   0.750                   0.250                   1.000                   1.000
forest-pool                      0.250                   0.750                   0.000                   0.750                   1.000                   1.000                   1.000                   0.500                   1.000                   0.500                   0.750                   0.500                   0.000                   0.250                   0.750                   0.250
portal-pool                      0.000                   0.250                   0.000                   0.750                   0.750                   0.750                   0.500                   0.250                   0.250                   0.750                   0.250                   0.000                   0.250                   0.000                   0.250                   1.000
ramp-37772                       0.250                   0.750                   0.500                   1.000                   1.000                   1.000                   1.000                   0.250                   1.000                   0.500                   0.500                   0.750                   0.250                   0.250                   1.000                   1.000
ramp-claywies                    0.000                   0.750                   0.250                   1.000                   1.000                   1.000                   1.000                   0.750                   0.750                   1.000                   0.500                   0.500                   0.500                   0.750                   1.000                   0.750
royal-nattui                     0.500                   0.750                   0.500                   1.000                   1.000                   1.000                   1.000                   0.750                   0.500                   0.750                   0.750                   1.000                   0.750                   0.750                   1.000                   0.750
rune-mach15                      0.250                   1.000                   0.500                   1.000                   1.000                   1.000                   0.750                   0.500                   0.750                   1.000                   0.500                   0.500                   1.000                   0.750                   0.500                   0.750
rune-pool                        0.000                   0.000                   0.000                   1.000                   0.500                   1.000                   0.250                   0.000                   0.750                   0.000                   0.000                   0.000                   0.000                   0.500                   1.000                   0.000
sword-pool                       0.250                   1.000                   0.250                   1.000                   1.000                   1.000                   0.250                   0.250                   0.750                   0.750                   0.250                   0.250                   0.000                   0.250                   1.000                   0.750

First-player win rate / mean turns
                           abyss-p8rfn              abyss-pool          afnm-minatodao            basic-forest            basic-portal              basic-rune             dragon-pool            elf-neanisu2             forest-pool             portal-pool              ramp-37772           ramp-claywies            royal-nattui             rune-mach15               rune-pool              sword-pool
abyss-p8rfn              0.250 /   8.5           0.500 /   8.2           0.250 /   8.8           0.500 /   7.5           0.500 /   7.2           0.500 /   7.0           0.500 /   8.2           0.500 /   7.5           0.500 /   7.5           0.500 /   7.8           0.500 /   7.5           0.500 /   7.0           0.750 /   7.8           0.500 /   7.0           0.500 /   7.0           0.500 /   7.0
abyss-pool               0.750 /   8.0           0.500 /   8.8           0.250 /   7.0           0.500 /   7.5           0.250 /   8.2           0.500 /   6.0           0.500 /   9.2           0.500 /   9.8           0.250 /   8.8           0.750 /   8.0           0.750 /   9.2           0.500 /   9.0           0.250 /   8.5           0.500 /   8.0           0.500 /   8.2           0.500 /   9.8
afnm-minatodao           0.500 /   8.8           0.500 /   7.8           0.750 /   7.5           0.500 /   6.8           0.500 /   7.0           0.500 /   6.0           0.500 /   7.2           0.500 /   8.8           0.500 /   8.2           0.500 /   6.8           0.500 /   7.0           0.500 /   6.8           0.500 /   7.0           0.750 /   8.5           0.500 /   6.2           0.750 /   9.2
basic-forest             0.500 /   8.0           0.750 /   8.5           0.500 /   7.0           0.500 /   7.0           0.500 /   9.5           0.000 /   7.8           0.500 /   7.5           0.500 /   7.8           1.000 /   7.8           0.750 /   8.8           0.500 /   8.2           0.250 /   8.0           0.500 /   7.2           0.250 /   8.2           0.500 /   7.8           0.750 /   8.8
basic-portal             0.500 /   6.8           0.750 /   7.5           0.250 /   7.8           0.750 /   9.0           0.750 /   9.2           0.500 /   7.8           0.500 /   8.2           0.250 /   8.5           0.500 /  10.2           0.750 /   8.5           0.250 /   7.5           0.500 /  10.2           0.500 /   7.8           0.500 /   8.0           1.000 /   9.0           0.500 /   8.5
basic-rune               0.500 /   6.2           0.500 /   8.5           0.500 /   6.2           1.000 /   8.8           0.500 /   8.0           0.500 /   8.5           0.500 /   7.0           0.500 /   6.5           0.750 /   8.2           0.500 /   8.5           0.500 /   8.0           0.500 /   7.2           0.500 /   7.2           0.500 /   7.5           0.750 /   8.0           0.500 /   6.8
dragon-pool              0.500 /   7.8           0.750 /   8.2           0.750 /   7.5           0.500 /   7.5           0.500 /   7.8           0.500 /   6.8           0.500 /   8.5           0.250 /   7.0           1.000 /   6.8           0.500 /  10.2           0.750 /   8.2           0.750 /   8.2           0.500 /   7.2           0.250 /   8.2           0.500 /   8.2           0.500 /   8.5
elf-neanisu2             0.750 /   8.5           0.500 /   6.8           0.500 /   8.2           0.500 /   6.8           0.500 /   7.8           0.500 /   7.5           0.500 /   8.0           0.500 /   6.8           1.000 /  10.2           0.500 /   7.0           0.500 /   8.0           0.750 /   9.0           0.250 /   7.8           0.250 /   9.2           0.500 /   7.0           0.500 /   7.5
forest-pool              0.750 /   8.0           0.750 /   9.8           0.500 /   8.2           0.750 /   8.5           0.500 /   7.8           0.500 /   7.0           0.500 /   7.0           1.000 /   7.2           0.500 /   8.2           0.500 /   9.0           0.750 /   9.0           0.500 /   7.8           0.500 /   8.2           0.250 /   9.2           0.750 /   7.8           0.750 /  12.0
portal-pool              0.500 /   7.0           0.250 /   8.5           0.500 /   7.0           0.750 /   9.2           0.250 /   8.0           0.250 /   6.8           1.000 /   7.8           0.250 /   8.5           0.750 /  11.0           0.750 /   8.8           0.750 /   8.2           0.500 /   6.8           0.750 /   7.8           0.500 /   7.5           0.250 /   9.5           0.500 /   7.5
ramp-37772               0.250 /   8.8           0.750 /   7.8           0.500 /   8.0           0.500 /   8.2           0.500 /   9.0           0.500 /   7.5           0.500 /   8.5           0.750 /  10.0           0.500 /   9.8           0.500 /   8.5           0.500 /   9.2           0.750 /   9.0           0.250 /  10.2           0.250 /   7.5           0.500 /   9.2           0.500 /   8.0
ramp-claywies            0.500 /   7.0           0.250 /   8.2           0.250 /   9.0           0.500 /   8.0           0.500 /   7.0           0.500 /   6.8           0.500 /   9.5           0.250 /   8.0           0.750 /  11.0           0.500 /   6.8           0.500 /  10.0           0.500 /   8.5           0.500 /   9.2           0.750 /  10.0           0.500 /   7.5           0.750 /   9.0
royal-nattui             0.500 /   7.8           0.250 /   8.8           0.500 /   8.2           0.500 /   8.5           0.500 /   8.2           0.500 /   7.5           0.500 /   7.8           0.750 /   9.0           0.000 /   7.5           0.750 /   7.8           0.250 /   8.0           0.500 /   6.5           0.750 /   8.2           0.250 /   7.8           0.500 /   6.8           0.250 /   9.2
rune-mach15              0.750 /   8.8           0.500 /   9.2           0.500 /   8.0           0.500 /   7.8           0.500 /   8.0           0.500 /   8.0           0.750 /   7.5           1.000 /   8.8           0.750 /   9.2           0.500 /   7.5           1.000 /   9.2           0.000 /   9.2           0.500 /   8.2           0.250 /  10.2           0.500 /   9.8           0.750 /   8.2
rune-pool                0.500 /   8.0           0.500 /   7.2           0.500 /   6.2           0.500 /   9.5           0.500 /   8.2           0.500 /   8.5           0.750 /  10.2           0.500 /   7.0           0.750 /  12.8           0.500 /   9.8           0.500 /   7.2           0.500 /   9.5           0.500 /   7.2           0.500 /   8.2           0.500 /  11.2           0.500 /  10.8
sword-pool               0.750 /  10.0           0.500 /   8.8           0.250 /   9.5           0.500 /   8.0           0.500 /   7.8           0.500 /   7.2           0.750 /   9.8           0.750 /   9.2           0.250 /   9.5           0.750 /   7.2           0.750 /  10.2           0.750 /   9.8           0.500 /  10.0           0.750 /  10.0           0.500 /   7.5           0.250 /   9.0

A win rate over decisive games, Wilson 95% [lo, hi]
                           abyss-p8rfn              abyss-pool          afnm-minatodao            basic-forest            basic-portal              basic-rune             dragon-pool            elf-neanisu2             forest-pool             portal-pool              ramp-37772           ramp-claywies            royal-nattui             rune-mach15               rune-pool              sword-pool
abyss-p8rfn       0.250 [0.046, 0.699]    1.000 [0.510, 1.000]    0.750 [0.301, 0.954]    1.000 [0.510, 1.000]    1.000 [0.510, 1.000]    1.000 [0.510, 1.000]    0.500 [0.150, 0.850]    1.000 [0.510, 1.000]    1.000 [0.510, 1.000]    1.000 [0.510, 1.000]    1.000 [0.510, 1.000]    1.000 [0.510, 1.000]    0.750 [0.301, 0.954]    1.000 [0.510, 1.000]    1.000 [0.510, 1.000]    1.000 [0.510, 1.000]
abyss-pool        0.250 [0.046, 0.699]    0.500 [0.150, 0.850]    0.250 [0.046, 0.699]    1.000 [0.510, 1.000]    0.750 [0.301, 0.954]    1.000 [0.510, 1.000]    0.000 [0.000, 0.490]    0.000 [0.000, 0.490]    0.250 [0.046, 0.699]    0.750 [0.301, 0.954]    0.250 [0.046, 0.699]    0.000 [0.000, 0.490]    0.250 [0.046, 0.699]    0.000 [0.000, 0.490]    1.000 [0.510, 1.000]    0.500 [0.150, 0.850]
afnm-minatodao    1.000 [0.510, 1.000]    1.000 [0.510, 1.000]    0.750 [0.301, 0.954]    1.000 [0.510, 1.000]    1.000 [0.510, 1.000]    1.000 [0.510, 1.000]    1.000 [0.510, 1.000]    1.000 [0.510, 1.000]    1.000 [0.510, 1.000]    1.000 [0.510, 1.000]    1.000 [0.510, 1.000]    1.000 [0.510, 1.000]    1.000 [0.510, 1.000]    0.750 [0.301, 0.954]    1.000 [0.510, 1.000]    0.750 [0.301, 0.954]
basic-forest      0.000 [0.000, 0.490]    0.250 [0.046, 0.699]    0.000 [0.000, 0.490]    0.500 [0.150, 0.850]    0.500 [0.150, 0.850]    0.500 [0.150, 0.850]    0.500 [0.150, 0.850]    0.000 [0.000, 0.490]    0.500 [0.150, 0.850]    0.250 [0.046, 0.699]    0.000 [0.000, 0.490]    0.250 [0.046, 0.699]    0.000 [0.000, 0.490]    0.250 [0.046, 0.699]    1.000 [0.510, 1.000]    0.250 [0.046, 0.699]
basic-portal      0.000 [0.000, 0.490]    0.750 [0.301, 0.954]    0.250 [0.046, 0.699]    0.750 [0.301, 0.954]    0.750 [0.301, 0.954]    1.000 [0.510, 1.000]    1.000 [0.510, 1.000]    0.250 [0.046, 0.699]    0.000 [0.000, 0.490]    0.750 [0.301, 0.954]    0.250 [0.046, 0.699]    0.000 [0.000, 0.490]    0.000 [0.000, 0.490]    0.000 [0.000, 0.490]    0.500 [0.150, 0.850]    0.000 [0.000, 0.490]
basic-rune        0.000 [0.000, 0.490]    0.000 [0.000, 0.490]    0.000 [0.000, 0.490]    0.500 [0.150, 0.850]    0.500 [0.150, 0.850]    1.000 [0.510, 1.000]    0.000 [0.000, 0.490]    0.000 [0.000, 0.490]    0.250 [0.046, 0.699]    0.000 [0.000, 0.490]    0.000 [0.000, 0.490]    0.000 [0.000, 0.490]    0.000 [0.000, 0.490]    0.000 [0.000, 0.490]    0.250 [0.046, 0.699]    0.000 [0.000, 0.490]
dragon-pool       0.000 [0.000, 0.490]    0.750 [0.301, 0.954]    0.250 [0.046, 0.699]    1.000 [0.510, 1.000]    1.000 [0.510, 1.000]    1.000 [0.510, 1.000]    1.000 [0.510, 1.000]    0.250 [0.046, 0.699]    0.500 [0.150, 0.850]    0.500 [0.150, 0.850]    0.250 [0.046, 0.699]    0.250 [0.046, 0.699]    0.000 [0.000, 0.490]    0.750 [0.301, 0.954]    1.000 [0.510, 1.000]    0.500 [0.150, 0.850]
elf-neanisu2      0.750 [0.301, 0.954]    1.000 [0.510, 1.000]    0.000 [0.000, 0.490]    1.000 [0.510, 1.000]    1.000 [0.510, 1.000]    1.000 [0.510, 1.000]    0.500 [0.150, 0.850]    0.000 [0.000, 0.490]    0.500 [0.150, 0.850]    1.000 [0.510, 1.000]    0.500 [0.150, 0.850]    0.750 [0.301, 0.954]    0.750 [0.301, 0.954]    0.250 [0.046, 0.699]    1.000 [0.510, 1.000]    1.000 [0.510, 1.000]
forest-pool       0.250 [0.046, 0.699]    0.750 [0.301, 0.954]    0.000 [0.000, 0.490]    0.750 [0.301, 0.954]    1.000 [0.510, 1.000]    1.000 [0.510, 1.000]    1.000 [0.510, 1.000]    0.500 [0.150, 0.850]    1.000 [0.510, 1.000]    0.500 [0.150, 0.850]    0.750 [0.301, 0.954]    0.500 [0.150, 0.850]    0.000 [0.000, 0.490]    0.250 [0.046, 0.699]    0.750 [0.301, 0.954]    0.250 [0.046, 0.699]
portal-pool       0.000 [0.000, 0.490]    0.250 [0.046, 0.699]    0.000 [0.000, 0.490]    0.750 [0.301, 0.954]    0.750 [0.301, 0.954]    0.750 [0.301, 0.954]    0.500 [0.150, 0.850]    0.250 [0.046, 0.699]    0.250 [0.046, 0.699]    0.750 [0.301, 0.954]    0.250 [0.046, 0.699]    0.000 [0.000, 0.490]    0.250 [0.046, 0.699]    0.000 [0.000, 0.490]    0.250 [0.046, 0.699]    1.000 [0.510, 1.000]
ramp-37772        0.250 [0.046, 0.699]    0.750 [0.301, 0.954]    0.500 [0.150, 0.850]    1.000 [0.510, 1.000]    1.000 [0.510, 1.000]    1.000 [0.510, 1.000]    1.000 [0.510, 1.000]    0.250 [0.046, 0.699]    1.000 [0.510, 1.000]    0.500 [0.150, 0.850]    0.500 [0.150, 0.850]    0.750 [0.301, 0.954]    0.250 [0.046, 0.699]    0.250 [0.046, 0.699]    1.000 [0.510, 1.000]    1.000 [0.510, 1.000]
ramp-claywies     0.000 [0.000, 0.490]    0.750 [0.301, 0.954]    0.250 [0.046, 0.699]    1.000 [0.510, 1.000]    1.000 [0.510, 1.000]    1.000 [0.510, 1.000]    1.000 [0.510, 1.000]    0.750 [0.301, 0.954]    0.750 [0.301, 0.954]    1.000 [0.510, 1.000]    0.500 [0.150, 0.850]    0.500 [0.150, 0.850]    0.500 [0.150, 0.850]    0.750 [0.301, 0.954]    1.000 [0.510, 1.000]    0.750 [0.301, 0.954]
royal-nattui      0.500 [0.150, 0.850]    0.750 [0.301, 0.954]    0.500 [0.150, 0.850]    1.000 [0.510, 1.000]    1.000 [0.510, 1.000]    1.000 [0.510, 1.000]    1.000 [0.510, 1.000]    0.750 [0.301, 0.954]    0.500 [0.150, 0.850]    0.750 [0.301, 0.954]    0.750 [0.301, 0.954]    1.000 [0.510, 1.000]    0.750 [0.301, 0.954]    0.750 [0.301, 0.954]    1.000 [0.510, 1.000]    0.750 [0.301, 0.954]
rune-mach15       0.250 [0.046, 0.699]    1.000 [0.510, 1.000]    0.500 [0.150, 0.850]    1.000 [0.510, 1.000]    1.000 [0.510, 1.000]    1.000 [0.510, 1.000]    0.750 [0.301, 0.954]    0.500 [0.150, 0.850]    0.750 [0.301, 0.954]    1.000 [0.510, 1.000]    0.500 [0.150, 0.850]    0.500 [0.150, 0.850]    1.000 [0.510, 1.000]    0.750 [0.301, 0.954]    0.500 [0.150, 0.850]    0.750 [0.301, 0.954]
rune-pool         0.000 [0.000, 0.490]    0.000 [0.000, 0.490]    0.000 [0.000, 0.490]    1.000 [0.510, 1.000]    0.500 [0.150, 0.850]    1.000 [0.510, 1.000]    0.250 [0.046, 0.699]    0.000 [0.000, 0.490]    0.750 [0.301, 0.954]    0.000 [0.000, 0.490]    0.000 [0.000, 0.490]    0.000 [0.000, 0.490]    0.000 [0.000, 0.490]    0.500 [0.150, 0.850]    1.000 [0.510, 1.000]    0.000 [0.000, 0.490]
sword-pool        0.250 [0.046, 0.699]    1.000 [0.510, 1.000]    0.250 [0.046, 0.699]    1.000 [0.510, 1.000]    1.000 [0.510, 1.000]    1.000 [0.510, 1.000]    0.250 [0.046, 0.699]    0.250 [0.046, 0.699]    0.750 [0.301, 0.954]    0.750 [0.301, 0.954]    0.250 [0.046, 0.699]    0.250 [0.046, 0.699]    0.000 [0.000, 0.490]    0.250 [0.046, 0.699]    1.000 [0.510, 1.000]    0.750 [0.301, 0.954]
1024 games in 607.300s (1.7 games/s)
wrote C:\Users\agban\projects\arena\results\sweep1\c01-screen.json


=== summary ===
h0:nodes=4000 vs h0
games: 1024  decisive: 1024  draws: 0
policy_a win rate: 0.570 [0.540, 0.600]
first-player win rate: 0.531
mean turns: 8.21  mean actions: 76.49
end: lethal=1023 deckout=1 turn_cap=0 action_cap=0 no_legal=0 illegal=0
607.300s  1.69 games/s  cpus=28
per deck:
  abyss-p8rfn: policy_a (row) 0.891  policy_b (col) 0.766
  abyss-pool: policy_a (row) 0.422  policy_b (col) 0.344
  afnm-minatodao: policy_a (row) 0.953  policy_b (col) 0.734
  basic-forest: policy_a (row) 0.297  policy_b (col) 0.109
  basic-portal: policy_a (row) 0.391  policy_b (col) 0.141
  basic-rune: policy_a (row) 0.156  policy_b (col) 0.047
  dragon-pool: policy_a (row) 0.562  policy_b (col) 0.359
  elf-neanisu2: policy_a (row) 0.688  policy_b (col) 0.641
  forest-pool: policy_a (row) 0.578  policy_b (col) 0.391
  portal-pool: policy_a (row) 0.375  policy_b (col) 0.344
  ramp-37772: policy_a (row) 0.688  policy_b (col) 0.578
  ramp-claywies: policy_a (row) 0.719  policy_b (col) 0.578
  royal-nattui: policy_a (row) 0.797  policy_b (col) 0.656
  rune-mach15: policy_a (row) 0.734  policy_b (col) 0.594
  rune-pool: policy_a (row) 0.312  policy_b (col) 0.172
  sword-pool: policy_a (row) 0.562  policy_b (col) 0.422
