matchup: 16 decks × 16 games = 4096 games (seed=1, policy_a=h0:nodes=4000, policy_b=h0, first=alternate, threads=None)
Win rate (row = A, col = B; cell = A's win rate)
                           abyss-p8rfn              abyss-pool          afnm-minatodao            basic-forest            basic-portal              basic-rune             dragon-pool            elf-neanisu2             forest-pool             portal-pool              ramp-37772           ramp-claywies            royal-nattui             rune-mach15               rune-pool              sword-pool
abyss-p8rfn                      0.562                   0.938                   0.625                   1.000                   1.000                   1.000                   0.875                   0.750                   0.938                   1.000                   0.875                   0.625                   0.750                   0.938                   1.000                   0.875
abyss-pool                       0.125                   0.562                   0.062                   0.812                   0.750                   1.000                   0.188                   0.000                   0.438                   0.750                   0.188                   0.188                   0.188                   0.312                   0.812                   0.438
afnm-minatodao                   0.500                   1.000                   0.688                   1.000                   1.000                   1.000                   1.000                   0.875                   1.000                   1.000                   0.812                   0.938                   0.875                   0.875                   1.000                   0.875
basic-forest                     0.000                   0.188                   0.000                   0.500                   0.375                   0.750                   0.188                   0.062                   0.250                   0.438                   0.125                   0.062                   0.062                   0.125                   0.375                   0.188
basic-portal                     0.000                   0.312                   0.125                   0.812                   0.750                   1.000                   0.375                   0.188                   0.188                   0.625                   0.188                   0.000                   0.188                   0.000                   0.562                   0.062
basic-rune                       0.000                   0.062                   0.000                   0.375                   0.312                   0.750                   0.062                   0.000                   0.062                   0.125                   0.000                   0.000                   0.000                   0.000                   0.188                   0.000
dragon-pool                      0.125                   0.438                   0.188                   1.000                   0.875                   1.000                   0.688                   0.188                   0.500                   0.500                   0.375                   0.188                   0.062                   0.688                   0.938                   0.312
elf-neanisu2                     0.562                   0.875                   0.250                   1.000                   1.000                   1.000                   0.812                   0.375                   0.812                   1.000                   0.562                   0.750                   0.750                   0.562                   1.000                   0.812
forest-pool                      0.125                   0.562                   0.125                   0.875                   0.938                   1.000                   0.562                   0.312                   0.750                   0.812                   0.500                   0.375                   0.125                   0.188                   0.875                   0.312
portal-pool                      0.000                   0.250                   0.062                   0.938                   0.688                   0.812                   0.375                   0.125                   0.188                   0.562                   0.312                   0.125                   0.250                   0.188                   0.625                   0.375
ramp-37772                       0.375                   0.688                   0.438                   1.000                   0.938                   1.000                   0.938                   0.438                   0.812                   0.875                   0.625                   0.562                   0.250                   0.688                   0.938                   0.750
ramp-claywies                    0.188                   0.688                   0.250                   1.000                   1.000                   0.938                   0.875                   0.562                   0.625                   0.875                   0.562                   0.625                   0.625                   0.625                   1.000                   0.875
royal-nattui                     0.312                   0.875                   0.500                   0.938                   0.938                   1.000                   1.000                   0.562                   0.875                   0.938                   0.750                   0.875                   0.625                   0.625                   0.938                   0.875
rune-mach15                      0.250                   0.938                   0.500                   1.000                   0.938                   0.938                   0.625                   0.562                   0.750                   0.938                   0.438                   0.625                   0.562                   0.438                   0.812                   0.750
rune-pool                        0.000                   0.188                   0.000                   0.688                   0.438                   0.812                   0.188                   0.000                   0.375                   0.312                   0.000                   0.000                   0.000                   0.188                   0.688                   0.062
sword-pool                       0.125                   0.688                   0.188                   1.000                   0.938                   1.000                   0.500                   0.188                   0.750                   0.562                   0.188                   0.375                   0.000                   0.438                   1.000                   0.688

First-player win rate / mean turns
                           abyss-p8rfn              abyss-pool          afnm-minatodao            basic-forest            basic-portal              basic-rune             dragon-pool            elf-neanisu2             forest-pool             portal-pool              ramp-37772           ramp-claywies            royal-nattui             rune-mach15               rune-pool              sword-pool
abyss-p8rfn              0.562 /   8.6           0.438 /   7.9           0.375 /   8.4           0.500 /   7.1           0.500 /   7.8           0.500 /   7.2           0.500 /   7.8           0.500 /   8.0           0.438 /   7.4           0.500 /   7.2           0.500 /   7.5           0.500 /   7.7           0.625 /   7.8           0.562 /   7.6           0.500 /   7.3           0.500 /   8.1
abyss-pool               0.625 /   8.1           0.438 /   9.2           0.438 /   7.9           0.562 /   8.2           0.375 /   8.2           0.500 /   6.4           0.688 /   9.0           0.500 /   8.9           0.438 /  10.1           0.625 /   8.3           0.562 /   8.7           0.438 /   8.6           0.438 /   8.8           0.562 /   8.4           0.438 /   8.4           0.562 /   9.7
afnm-minatodao           0.375 /   8.5           0.500 /   7.7           0.688 /   8.2           0.500 /   6.8           0.500 /   7.3           0.500 /   6.4           0.500 /   7.0           0.500 /   8.1           0.500 /   8.2           0.500 /   6.8           0.562 /   8.6           0.438 /   7.3           0.375 /   8.0           0.625 /   8.8           0.500 /   6.6           0.625 /   8.3
basic-forest             0.500 /   7.6           0.562 /   8.8           0.500 /   7.4           0.750 /   8.1           0.500 /   8.6           0.375 /   7.7           0.562 /   8.3           0.438 /   7.7           0.500 /   8.0           0.562 /   8.4           0.375 /   8.2           0.438 /   8.1           0.438 /   7.7           0.500 /   7.7           0.625 /   9.1           0.688 /   8.4
basic-portal             0.500 /   7.7           0.562 /   8.2           0.375 /   7.4           0.688 /   8.7           0.625 /   9.0           0.500 /   7.5           0.500 /   8.3           0.438 /   8.4           0.438 /   8.3           0.500 /   8.2           0.562 /   8.6           0.500 /   8.9           0.562 /   8.5           0.500 /   8.2           0.562 /   9.8           0.562 /   8.9
basic-rune               0.500 /   7.0           0.562 /   7.3           0.500 /   6.4           0.500 /   7.9           0.312 /   8.2           0.375 /   7.4           0.562 /   7.2           0.500 /   6.9           0.562 /   8.1           0.500 /   7.2           0.500 /   7.6           0.500 /   7.6           0.500 /   7.2           0.500 /   7.4           0.688 /   8.2           0.500 /   6.8
dragon-pool              0.375 /   8.7           0.562 /   8.6           0.688 /   8.2           0.500 /   7.6           0.500 /   8.2           0.500 /   7.1           0.562 /   8.0           0.562 /   8.5           0.625 /   7.8           0.500 /   8.5           0.625 /   8.4           0.688 /   8.3           0.562 /   7.7           0.688 /   9.0           0.438 /   9.2           0.562 /   9.7
elf-neanisu2             0.938 /   8.8           0.500 /   7.5           0.500 /   8.3           0.500 /   7.3           0.500 /   7.9           0.500 /   6.7           0.438 /   7.6           0.625 /   7.8           0.688 /   8.4           0.500 /   7.8           0.812 /   8.1           0.625 /   8.2           0.500 /   8.8           0.688 /   8.7           0.500 /   6.9           0.688 /   8.1
forest-pool              0.500 /   8.0           0.562 /   8.9           0.500 /   8.1           0.625 /   8.3           0.562 /   8.1           0.500 /   6.7           0.438 /   8.1           0.562 /   7.8           0.625 /   9.1           0.562 /   8.6           0.625 /   8.8           0.625 /   8.4           0.625 /   9.1           0.562 /  10.3           0.500 /   8.4           0.562 /   9.8
portal-pool              0.500 /   7.2           0.500 /   8.1           0.562 /   7.1           0.562 /   8.9           0.438 /   8.1           0.438 /   7.6           0.750 /   9.0           0.500 /   7.8           0.688 /   9.7           0.562 /   8.1           0.562 /   8.2           0.375 /   7.6           0.625 /   7.6           0.562 /   8.2           0.500 /   8.4           0.500 /   8.8
ramp-37772               0.500 /   8.7           0.562 /   7.8           0.438 /   8.5           0.500 /   8.6           0.562 /   8.7           0.500 /   7.6           0.562 /   8.6           0.688 /   8.8           0.688 /   8.9           0.500 /   8.8           0.625 /   9.8           0.562 /  10.1           0.375 /   8.2           0.438 /   9.2           0.438 /   8.1           0.625 /   9.3
ramp-claywies            0.562 /   7.7           0.438 /   8.4           0.500 /   9.2           0.500 /   8.1           0.500 /   8.4           0.562 /   7.4           0.500 /   8.6           0.562 /   8.2           0.625 /  10.3           0.625 /   7.8           0.688 /   8.8           0.625 /   8.2           0.500 /  10.4           0.625 /   9.9           0.500 /   7.8           0.625 /  10.8
royal-nattui             0.562 /   7.8           0.500 /   8.8           0.625 /   8.2           0.562 /   7.8           0.562 /   8.1           0.500 /   6.6           0.500 /   7.3           0.812 /   8.2           0.375 /   8.1           0.562 /   7.5           0.500 /   9.4           0.500 /   7.6           0.750 /   8.4           0.625 /   7.8           0.562 /   7.4           0.500 /   9.2
rune-mach15              0.625 /   8.3           0.562 /   9.3           0.625 /   9.0           0.500 /   7.9           0.438 /   8.2           0.562 /   7.4           0.750 /   8.2           0.812 /   9.0           0.625 /   9.6           0.438 /   7.6           0.688 /   8.9           0.500 /   9.4           0.562 /   8.6           0.562 /  10.0           0.562 /   9.1           0.625 /   8.4
rune-pool                0.500 /   7.6           0.438 /   8.9           0.500 /   6.9           0.562 /   9.1           0.562 /   8.9           0.312 /   7.7           0.562 /   9.6           0.500 /   7.6           0.625 /  10.9           0.562 /  10.6           0.500 /   7.8           0.500 /   9.1           0.500 /   7.5           0.562 /   9.4           0.438 /  11.8           0.438 /   9.6
sword-pool               0.500 /   9.3           0.688 /   9.1           0.438 /   8.7           0.500 /   7.8           0.562 /   8.0           0.500 /   7.7           0.750 /   8.9           0.562 /   8.4           0.375 /   9.9           0.688 /   9.4           0.688 /   9.8           0.750 /   9.6           0.500 /   9.0           0.688 /  10.0           0.500 /   9.1           0.438 /   9.8

A win rate over decisive games, Wilson 95% [lo, hi]
                           abyss-p8rfn              abyss-pool          afnm-minatodao            basic-forest            basic-portal              basic-rune             dragon-pool            elf-neanisu2             forest-pool             portal-pool              ramp-37772           ramp-claywies            royal-nattui             rune-mach15               rune-pool              sword-pool
abyss-p8rfn       0.562 [0.332, 0.769]    0.938 [0.717, 0.989]    0.625 [0.386, 0.815]    1.000 [0.806, 1.000]    1.000 [0.806, 1.000]    1.000 [0.806, 1.000]    0.875 [0.640, 0.965]    0.750 [0.505, 0.898]    0.938 [0.717, 0.989]    1.000 [0.806, 1.000]    0.875 [0.640, 0.965]    0.625 [0.386, 0.815]    0.750 [0.505, 0.898]    0.938 [0.717, 0.989]    1.000 [0.806, 1.000]    0.875 [0.640, 0.965]
abyss-pool        0.125 [0.035, 0.360]    0.562 [0.332, 0.769]    0.062 [0.011, 0.283]    0.812 [0.570, 0.934]    0.750 [0.505, 0.898]    1.000 [0.806, 1.000]    0.188 [0.066, 0.430]    0.000 [0.000, 0.194]    0.438 [0.231, 0.668]    0.750 [0.505, 0.898]    0.188 [0.066, 0.430]    0.188 [0.066, 0.430]    0.188 [0.066, 0.430]    0.312 [0.142, 0.556]    0.812 [0.570, 0.934]    0.438 [0.231, 0.668]
afnm-minatodao    0.500 [0.280, 0.720]    1.000 [0.806, 1.000]    0.688 [0.444, 0.858]    1.000 [0.806, 1.000]    1.000 [0.806, 1.000]    1.000 [0.806, 1.000]    1.000 [0.806, 1.000]    0.875 [0.640, 0.965]    1.000 [0.806, 1.000]    1.000 [0.806, 1.000]    0.812 [0.570, 0.934]    0.938 [0.717, 0.989]    0.875 [0.640, 0.965]    0.875 [0.640, 0.965]    1.000 [0.806, 1.000]    0.875 [0.640, 0.965]
basic-forest      0.000 [0.000, 0.194]    0.188 [0.066, 0.430]    0.000 [0.000, 0.194]    0.500 [0.280, 0.720]    0.375 [0.185, 0.614]    0.750 [0.505, 0.898]    0.188 [0.066, 0.430]    0.062 [0.011, 0.283]    0.250 [0.102, 0.495]    0.438 [0.231, 0.668]    0.125 [0.035, 0.360]    0.062 [0.011, 0.283]    0.062 [0.011, 0.283]    0.125 [0.035, 0.360]    0.375 [0.185, 0.614]    0.188 [0.066, 0.430]
basic-portal      0.000 [0.000, 0.194]    0.312 [0.142, 0.556]    0.125 [0.035, 0.360]    0.812 [0.570, 0.934]    0.750 [0.505, 0.898]    1.000 [0.806, 1.000]    0.375 [0.185, 0.614]    0.188 [0.066, 0.430]    0.188 [0.066, 0.430]    0.625 [0.386, 0.815]    0.188 [0.066, 0.430]    0.000 [0.000, 0.194]    0.188 [0.066, 0.430]    0.000 [0.000, 0.194]    0.562 [0.332, 0.769]    0.062 [0.011, 0.283]
basic-rune        0.000 [0.000, 0.194]    0.062 [0.011, 0.283]    0.000 [0.000, 0.194]    0.375 [0.185, 0.614]    0.312 [0.142, 0.556]    0.750 [0.505, 0.898]    0.062 [0.011, 0.283]    0.000 [0.000, 0.194]    0.062 [0.011, 0.283]    0.125 [0.035, 0.360]    0.000 [0.000, 0.194]    0.000 [0.000, 0.194]    0.000 [0.000, 0.194]    0.000 [0.000, 0.194]    0.188 [0.066, 0.430]    0.000 [0.000, 0.194]
dragon-pool       0.125 [0.035, 0.360]    0.438 [0.231, 0.668]    0.188 [0.066, 0.430]    1.000 [0.806, 1.000]    0.875 [0.640, 0.965]    1.000 [0.806, 1.000]    0.688 [0.444, 0.858]    0.188 [0.066, 0.430]    0.500 [0.280, 0.720]    0.500 [0.280, 0.720]    0.375 [0.185, 0.614]    0.188 [0.066, 0.430]    0.062 [0.011, 0.283]    0.688 [0.444, 0.858]    0.938 [0.717, 0.989]    0.312 [0.142, 0.556]
elf-neanisu2      0.562 [0.332, 0.769]    0.875 [0.640, 0.965]    0.250 [0.102, 0.495]    1.000 [0.806, 1.000]    1.000 [0.806, 1.000]    1.000 [0.806, 1.000]    0.812 [0.570, 0.934]    0.375 [0.185, 0.614]    0.812 [0.570, 0.934]    1.000 [0.806, 1.000]    0.562 [0.332, 0.769]    0.750 [0.505, 0.898]    0.750 [0.505, 0.898]    0.562 [0.332, 0.769]    1.000 [0.806, 1.000]    0.812 [0.570, 0.934]
forest-pool       0.125 [0.035, 0.360]    0.562 [0.332, 0.769]    0.125 [0.035, 0.360]    0.875 [0.640, 0.965]    0.938 [0.717, 0.989]    1.000 [0.806, 1.000]    0.562 [0.332, 0.769]    0.312 [0.142, 0.556]    0.750 [0.505, 0.898]    0.812 [0.570, 0.934]    0.500 [0.280, 0.720]    0.375 [0.185, 0.614]    0.125 [0.035, 0.360]    0.188 [0.066, 0.430]    0.875 [0.640, 0.965]    0.312 [0.142, 0.556]
portal-pool       0.000 [0.000, 0.194]    0.250 [0.102, 0.495]    0.062 [0.011, 0.283]    0.938 [0.717, 0.989]    0.688 [0.444, 0.858]    0.812 [0.570, 0.934]    0.375 [0.185, 0.614]    0.125 [0.035, 0.360]    0.188 [0.066, 0.430]    0.562 [0.332, 0.769]    0.312 [0.142, 0.556]    0.125 [0.035, 0.360]    0.250 [0.102, 0.495]    0.188 [0.066, 0.430]    0.625 [0.386, 0.815]    0.375 [0.185, 0.614]
ramp-37772        0.375 [0.185, 0.614]    0.688 [0.444, 0.858]    0.438 [0.231, 0.668]    1.000 [0.806, 1.000]    0.938 [0.717, 0.989]    1.000 [0.806, 1.000]    0.938 [0.717, 0.989]    0.438 [0.231, 0.668]    0.812 [0.570, 0.934]    0.875 [0.640, 0.965]    0.625 [0.386, 0.815]    0.562 [0.332, 0.769]    0.250 [0.102, 0.495]    0.688 [0.444, 0.858]    0.938 [0.717, 0.989]    0.750 [0.505, 0.898]
ramp-claywies     0.188 [0.066, 0.430]    0.688 [0.444, 0.858]    0.250 [0.102, 0.495]    1.000 [0.806, 1.000]    1.000 [0.806, 1.000]    0.938 [0.717, 0.989]    0.875 [0.640, 0.965]    0.562 [0.332, 0.769]    0.625 [0.386, 0.815]    0.875 [0.640, 0.965]    0.562 [0.332, 0.769]    0.625 [0.386, 0.815]    0.625 [0.386, 0.815]    0.625 [0.386, 0.815]    1.000 [0.806, 1.000]    0.875 [0.640, 0.965]
royal-nattui      0.312 [0.142, 0.556]    0.875 [0.640, 0.965]    0.500 [0.280, 0.720]    0.938 [0.717, 0.989]    0.938 [0.717, 0.989]    1.000 [0.806, 1.000]    1.000 [0.806, 1.000]    0.562 [0.332, 0.769]    0.875 [0.640, 0.965]    0.938 [0.717, 0.989]    0.750 [0.505, 0.898]    0.875 [0.640, 0.965]    0.625 [0.386, 0.815]    0.625 [0.386, 0.815]    0.938 [0.717, 0.989]    0.875 [0.640, 0.965]
rune-mach15       0.250 [0.102, 0.495]    0.938 [0.717, 0.989]    0.500 [0.280, 0.720]    1.000 [0.806, 1.000]    0.938 [0.717, 0.989]    0.938 [0.717, 0.989]    0.625 [0.386, 0.815]    0.562 [0.332, 0.769]    0.750 [0.505, 0.898]    0.938 [0.717, 0.989]    0.438 [0.231, 0.668]    0.625 [0.386, 0.815]    0.562 [0.332, 0.769]    0.438 [0.231, 0.668]    0.812 [0.570, 0.934]    0.750 [0.505, 0.898]
rune-pool         0.000 [0.000, 0.194]    0.188 [0.066, 0.430]    0.000 [0.000, 0.194]    0.688 [0.444, 0.858]    0.438 [0.231, 0.668]    0.812 [0.570, 0.934]    0.188 [0.066, 0.430]    0.000 [0.000, 0.194]    0.375 [0.185, 0.614]    0.312 [0.142, 0.556]    0.000 [0.000, 0.194]    0.000 [0.000, 0.194]    0.000 [0.000, 0.194]    0.188 [0.066, 0.430]    0.688 [0.444, 0.858]    0.062 [0.011, 0.283]
sword-pool        0.125 [0.035, 0.360]    0.688 [0.444, 0.858]    0.188 [0.066, 0.430]    1.000 [0.806, 1.000]    0.938 [0.717, 0.989]    1.000 [0.806, 1.000]    0.500 [0.280, 0.720]    0.188 [0.066, 0.430]    0.750 [0.505, 0.898]    0.562 [0.332, 0.769]    0.188 [0.066, 0.430]    0.375 [0.185, 0.614]    0.000 [0.000, 0.194]    0.438 [0.231, 0.668]    1.000 [0.806, 1.000]    0.688 [0.444, 0.858]
4096 games in 1918.140s (2.1 games/s)
wrote C:\Users\agban\projects\arena\results\sweep1\c01-final.json


=== summary ===
h0:nodes=4000 vs h0
games: 4096  decisive: 4096  draws: 0
policy_a win rate: 0.544 [0.529, 0.560]
first-player win rate: 0.540
mean turns: 8.31  mean actions: 77.34
end: lethal=4094 deckout=2 turn_cap=0 action_cap=0 no_legal=0 illegal=0
1918.140s  2.14 games/s  cpus=28
per deck:
  abyss-p8rfn: policy_a (row) 0.859  policy_b (col) 0.797
  abyss-pool: policy_a (row) 0.426  policy_b (col) 0.422
  afnm-minatodao: policy_a (row) 0.902  policy_b (col) 0.750
  basic-forest: policy_a (row) 0.230  policy_b (col) 0.129
  basic-portal: policy_a (row) 0.336  policy_b (col) 0.195
  basic-rune: policy_a (row) 0.121  policy_b (col) 0.062
  dragon-pool: policy_a (row) 0.504  policy_b (col) 0.422
  elf-neanisu2: policy_a (row) 0.758  policy_b (col) 0.676
  forest-pool: policy_a (row) 0.527  policy_b (col) 0.418
  portal-pool: policy_a (row) 0.367  policy_b (col) 0.293
  ramp-37772: policy_a (row) 0.707  policy_b (col) 0.594
  ramp-claywies: policy_a (row) 0.707  policy_b (col) 0.605
  royal-nattui: policy_a (row) 0.789  policy_b (col) 0.668
  rune-mach15: policy_a (row) 0.691  policy_b (col) 0.570
  rune-pool: policy_a (row) 0.246  policy_b (col) 0.203
  sword-pool: policy_a (row) 0.539  policy_b (col) 0.484
