matchup: 16 decks × 16 games = 4096 games (seed=1, policy_a=h0:depth=4,beam=8, policy_b=h0, first=alternate, threads=None)
Win rate (row = A, col = B; cell = A's win rate)
                           abyss-p8rfn              abyss-pool          afnm-minatodao            basic-forest            basic-portal              basic-rune             dragon-pool            elf-neanisu2             forest-pool             portal-pool              ramp-37772           ramp-claywies            royal-nattui             rune-mach15               rune-pool              sword-pool
abyss-p8rfn                      0.562                   0.938                   0.562                   1.000                   1.000                   1.000                   0.750                   0.812                   0.875                   0.938                   0.875                   0.688                   0.625                   0.750                   1.000                   0.938
abyss-pool                       0.000                   0.500                   0.250                   0.750                   0.688                   1.000                   0.375                   0.125                   0.438                   0.625                   0.188                   0.188                   0.250                   0.500                   0.750                   0.375
afnm-minatodao                   0.562                   0.938                   0.688                   1.000                   0.938                   1.000                   0.875                   0.812                   1.000                   1.000                   0.812                   0.875                   0.875                   0.812                   1.000                   0.875
basic-forest                     0.000                   0.188                   0.000                   0.562                   0.312                   0.938                   0.062                   0.000                   0.125                   0.438                   0.188                   0.062                   0.062                   0.062                   0.500                   0.188
basic-portal                     0.000                   0.312                   0.000                   0.562                   0.812                   0.938                   0.188                   0.125                   0.312                   0.375                   0.250                   0.062                   0.062                   0.000                   0.375                   0.188
basic-rune                       0.000                   0.125                   0.000                   0.438                   0.312                   0.438                   0.000                   0.000                   0.062                   0.000                   0.062                   0.000                   0.000                   0.000                   0.312                   0.125
dragon-pool                      0.312                   0.375                   0.062                   0.875                   0.875                   0.812                   0.562                   0.250                   0.562                   0.500                   0.250                   0.125                   0.062                   0.562                   0.812                   0.438
elf-neanisu2                     0.500                   1.000                   0.500                   1.000                   1.000                   1.000                   0.750                   0.625                   0.750                   1.000                   0.688                   0.750                   0.500                   0.625                   1.000                   0.875
forest-pool                      0.188                   0.562                   0.125                   0.938                   0.938                   0.938                   0.688                   0.125                   0.625                   0.750                   0.500                   0.500                   0.188                   0.250                   0.938                   0.375
portal-pool                      0.062                   0.062                   0.000                   0.625                   0.500                   0.938                   0.500                   0.000                   0.188                   0.562                   0.250                   0.125                   0.125                   0.125                   0.688                   0.375
ramp-37772                       0.188                   0.750                   0.500                   0.938                   0.875                   1.000                   1.000                   0.250                   0.750                   0.812                   0.688                   0.438                   0.188                   0.438                   0.938                   0.812
ramp-claywies                    0.188                   0.750                   0.188                   1.000                   0.938                   0.938                   0.812                   0.438                   0.688                   0.875                   0.438                   0.625                   0.625                   0.562                   1.000                   0.750
royal-nattui                     0.375                   0.938                   0.188                   0.938                   0.938                   1.000                   1.000                   0.562                   0.812                   1.000                   0.688                   0.688                   0.375                   0.625                   1.000                   0.875
rune-mach15                      0.312                   0.750                   0.125                   0.875                   1.000                   0.938                   0.875                   0.625                   0.875                   1.000                   0.625                   0.375                   0.438                   0.625                   0.938                   0.562
rune-pool                        0.000                   0.125                   0.000                   0.625                   0.375                   0.938                   0.375                   0.125                   0.125                   0.188                   0.000                   0.000                   0.062                   0.000                   0.625                   0.125
sword-pool                       0.250                   0.562                   0.188                   1.000                   0.938                   1.000                   0.688                   0.250                   0.812                   0.625                   0.562                   0.375                   0.125                   0.188                   1.000                   0.562

First-player win rate / mean turns
                           abyss-p8rfn              abyss-pool          afnm-minatodao            basic-forest            basic-portal              basic-rune             dragon-pool            elf-neanisu2             forest-pool             portal-pool              ramp-37772           ramp-claywies            royal-nattui             rune-mach15               rune-pool              sword-pool
abyss-p8rfn              0.562 /   9.2           0.438 /   7.8           0.438 /   8.4           0.500 /   7.4           0.500 /   8.0           0.500 /   7.3           0.625 /   8.5           0.438 /   8.9           0.500 /   8.6           0.562 /   7.6           0.375 /   7.6           0.438 /   7.9           0.750 /   7.9           0.750 /   8.6           0.500 /   7.4           0.438 /   8.1
abyss-pool               0.500 /   8.2           0.500 /   9.2           0.500 /   7.3           0.500 /   7.6           0.312 /   8.9           0.500 /   6.9           0.875 /   8.4           0.625 /   8.9           0.438 /   8.6           0.500 /   8.4           0.438 /   9.5           0.438 /   9.0           0.625 /   8.4           0.500 /   8.5           0.500 /   9.0           0.500 /   8.6
afnm-minatodao           0.562 /   8.3           0.562 /   7.7           0.812 /   8.6           0.500 /   7.2           0.562 /   7.1           0.500 /   6.3           0.500 /   7.7           0.562 /   8.9           0.500 /   8.0           0.500 /   7.4           0.562 /   8.4           0.500 /   8.1           0.500 /   7.9           0.688 /   8.3           0.500 /   7.2           0.625 /   8.4
basic-forest             0.500 /   7.9           0.562 /   8.0           0.500 /   7.1           0.562 /   8.2           0.438 /   8.5           0.438 /   7.8           0.562 /   8.1           0.500 /   7.7           0.500 /   8.1           0.312 /   7.6           0.438 /   8.0           0.562 /   8.1           0.562 /   7.6           0.438 /   8.0           0.500 /   9.0           0.438 /   8.2
basic-portal             0.500 /   7.7           0.562 /   8.1           0.500 /   7.2           0.688 /   8.9           0.438 /   8.8           0.562 /   7.8           0.438 /   8.2           0.625 /   8.1           0.562 /   7.7           0.500 /   9.0           0.625 /   8.9           0.562 /   8.5           0.438 /   8.2           0.500 /   8.0           0.750 /   9.6           0.562 /   8.5
basic-rune               0.500 /   6.8           0.500 /   7.1           0.500 /   6.3           0.312 /   7.8           0.312 /   7.7           0.438 /   7.2           0.500 /   7.2           0.500 /   7.1           0.562 /   8.0           0.500 /   7.2           0.438 /   7.4           0.500 /   7.4           0.500 /   7.2           0.500 /   8.0           0.562 /   7.9           0.500 /   6.8
dragon-pool              0.562 /   8.4           0.375 /   7.9           0.562 /   7.9           0.500 /   8.1           0.625 /   9.1           0.312 /   7.3           0.688 /   8.1           0.625 /   9.2           0.562 /   8.4           0.500 /   7.8           0.625 /   9.0           0.625 /   8.6           0.562 /   7.9           0.688 /   9.2           0.438 /   9.3           0.688 /   9.4
elf-neanisu2             0.625 /   8.5           0.500 /   8.0           0.500 /   8.3           0.500 /   7.5           0.500 /   7.6           0.500 /   6.8           0.625 /   8.0           0.500 /   9.4           0.750 /   8.8           0.500 /   8.2           0.688 /   8.2           0.500 /   8.2           0.750 /   8.9           0.625 /   9.4           0.500 /   7.1           0.625 /   8.6
forest-pool              0.438 /   8.1           0.688 /   8.4           0.500 /   8.3           0.562 /   7.8           0.562 /   8.3           0.438 /   6.8           0.438 /   8.3           0.375 /   8.1           0.750 /   8.9           0.500 /   7.9           0.500 /   8.1           0.375 /   8.2           0.688 /   9.4           0.500 /  10.5           0.562 /   8.1           0.625 /   9.2
portal-pool              0.438 /   7.1           0.562 /   7.7           0.500 /   6.9           0.500 /   8.7           0.375 /   8.9           0.438 /   7.8           0.500 /   8.5           0.500 /   7.3           0.438 /   9.0           0.562 /   8.4           0.500 /   8.9           0.375 /   7.7           0.625 /   7.6           0.625 /   8.1           0.562 /   8.8           0.500 /   8.5
ramp-37772               0.562 /   9.4           0.625 /   8.3           0.375 /   8.3           0.562 /   8.7           0.500 /   8.4           0.500 /   7.9           0.500 /   8.6           0.500 /   8.3           0.625 /   9.4           0.438 /   8.5           0.562 /   9.1           0.562 /   8.4           0.562 /   8.1           0.562 /   9.4           0.438 /   8.1           0.562 /   8.8
ramp-claywies            0.438 /   7.7           0.500 /   8.6           0.688 /   7.8           0.500 /   8.4           0.438 /   8.5           0.562 /   8.1           0.562 /   8.6           0.562 /   9.0           0.562 /   8.8           0.500 /   8.1           0.562 /   9.1           0.500 /   9.1           0.375 /   9.1           0.438 /   9.4           0.500 /   8.1           0.625 /  10.5
royal-nattui             0.500 /   7.6           0.562 /   8.5           0.438 /   7.8           0.438 /   7.9           0.562 /   8.2           0.500 /   6.4           0.500 /   8.4           0.812 /   8.7           0.438 /   7.6           0.500 /   7.1           0.562 /   8.1           0.688 /   8.4           0.625 /   8.6           0.750 /   8.6           0.500 /   7.2           0.500 /   8.9
rune-mach15              0.688 /   9.3           0.500 /   9.1           0.625 /   8.8           0.500 /   8.3           0.500 /   8.8           0.562 /   7.2           0.625 /   8.6           0.500 /   8.6           0.625 /   8.9           0.500 /   8.4           0.750 /   9.4           0.625 /   8.9           0.562 /   8.7           0.750 /  10.0           0.438 /   8.4           0.812 /   8.9
rune-pool                0.500 /   7.2           0.625 /   8.1           0.500 /   6.7           0.625 /   8.4           0.500 /   9.2           0.438 /   8.0           0.625 /   9.8           0.625 /   7.8           0.625 /   9.6           0.688 /   9.3           0.500 /   8.1           0.500 /   8.8           0.562 /   7.4           0.500 /   8.9           0.500 /  10.8           0.500 /   9.8
sword-pool               0.500 /   8.0           0.688 /   9.1           0.562 /   8.6           0.500 /   8.1           0.562 /   8.4           0.500 /   7.9           0.688 /   8.6           0.500 /   7.6           0.438 /   9.4           0.750 /   9.1           0.812 /   9.8           0.625 /   9.3           0.625 /   8.8           0.562 /   9.3           0.500 /   9.6           0.438 /  10.9

A win rate over decisive games, Wilson 95% [lo, hi]
                           abyss-p8rfn              abyss-pool          afnm-minatodao            basic-forest            basic-portal              basic-rune             dragon-pool            elf-neanisu2             forest-pool             portal-pool              ramp-37772           ramp-claywies            royal-nattui             rune-mach15               rune-pool              sword-pool
abyss-p8rfn       0.562 [0.332, 0.769]    0.938 [0.717, 0.989]    0.562 [0.332, 0.769]    1.000 [0.806, 1.000]    1.000 [0.806, 1.000]    1.000 [0.806, 1.000]    0.750 [0.505, 0.898]    0.812 [0.570, 0.934]    0.875 [0.640, 0.965]    0.938 [0.717, 0.989]    0.875 [0.640, 0.965]    0.688 [0.444, 0.858]    0.625 [0.386, 0.815]    0.750 [0.505, 0.898]    1.000 [0.806, 1.000]    0.938 [0.717, 0.989]
abyss-pool        0.000 [0.000, 0.194]    0.500 [0.280, 0.720]    0.250 [0.102, 0.495]    0.750 [0.505, 0.898]    0.688 [0.444, 0.858]    1.000 [0.806, 1.000]    0.375 [0.185, 0.614]    0.125 [0.035, 0.360]    0.438 [0.231, 0.668]    0.625 [0.386, 0.815]    0.188 [0.066, 0.430]    0.188 [0.066, 0.430]    0.250 [0.102, 0.495]    0.500 [0.280, 0.720]    0.750 [0.505, 0.898]    0.375 [0.185, 0.614]
afnm-minatodao    0.562 [0.332, 0.769]    0.938 [0.717, 0.989]    0.688 [0.444, 0.858]    1.000 [0.806, 1.000]    0.938 [0.717, 0.989]    1.000 [0.806, 1.000]    0.875 [0.640, 0.965]    0.812 [0.570, 0.934]    1.000 [0.806, 1.000]    1.000 [0.806, 1.000]    0.812 [0.570, 0.934]    0.875 [0.640, 0.965]    0.875 [0.640, 0.965]    0.812 [0.570, 0.934]    1.000 [0.806, 1.000]    0.875 [0.640, 0.965]
basic-forest      0.000 [0.000, 0.194]    0.188 [0.066, 0.430]    0.000 [0.000, 0.194]    0.562 [0.332, 0.769]    0.312 [0.142, 0.556]    0.938 [0.717, 0.989]    0.062 [0.011, 0.283]    0.000 [0.000, 0.194]    0.125 [0.035, 0.360]    0.438 [0.231, 0.668]    0.188 [0.066, 0.430]    0.062 [0.011, 0.283]    0.062 [0.011, 0.283]    0.062 [0.011, 0.283]    0.500 [0.280, 0.720]    0.188 [0.066, 0.430]
basic-portal      0.000 [0.000, 0.194]    0.312 [0.142, 0.556]    0.000 [0.000, 0.194]    0.562 [0.332, 0.769]    0.812 [0.570, 0.934]    0.938 [0.717, 0.989]    0.188 [0.066, 0.430]    0.125 [0.035, 0.360]    0.312 [0.142, 0.556]    0.375 [0.185, 0.614]    0.250 [0.102, 0.495]    0.062 [0.011, 0.283]    0.062 [0.011, 0.283]    0.000 [0.000, 0.194]    0.375 [0.185, 0.614]    0.188 [0.066, 0.430]
basic-rune        0.000 [0.000, 0.194]    0.125 [0.035, 0.360]    0.000 [0.000, 0.194]    0.438 [0.231, 0.668]    0.312 [0.142, 0.556]    0.438 [0.231, 0.668]    0.000 [0.000, 0.194]    0.000 [0.000, 0.194]    0.062 [0.011, 0.283]    0.000 [0.000, 0.194]    0.062 [0.011, 0.283]    0.000 [0.000, 0.194]    0.000 [0.000, 0.194]    0.000 [0.000, 0.194]    0.312 [0.142, 0.556]    0.125 [0.035, 0.360]
dragon-pool       0.312 [0.142, 0.556]    0.375 [0.185, 0.614]    0.062 [0.011, 0.283]    0.875 [0.640, 0.965]    0.875 [0.640, 0.965]    0.812 [0.570, 0.934]    0.562 [0.332, 0.769]    0.250 [0.102, 0.495]    0.562 [0.332, 0.769]    0.500 [0.280, 0.720]    0.250 [0.102, 0.495]    0.125 [0.035, 0.360]    0.062 [0.011, 0.283]    0.562 [0.332, 0.769]    0.812 [0.570, 0.934]    0.438 [0.231, 0.668]
elf-neanisu2      0.500 [0.280, 0.720]    1.000 [0.806, 1.000]    0.500 [0.280, 0.720]    1.000 [0.806, 1.000]    1.000 [0.806, 1.000]    1.000 [0.806, 1.000]    0.750 [0.505, 0.898]    0.625 [0.386, 0.815]    0.750 [0.505, 0.898]    1.000 [0.806, 1.000]    0.688 [0.444, 0.858]    0.750 [0.505, 0.898]    0.500 [0.280, 0.720]    0.625 [0.386, 0.815]    1.000 [0.806, 1.000]    0.875 [0.640, 0.965]
forest-pool       0.188 [0.066, 0.430]    0.562 [0.332, 0.769]    0.125 [0.035, 0.360]    0.938 [0.717, 0.989]    0.938 [0.717, 0.989]    0.938 [0.717, 0.989]    0.688 [0.444, 0.858]    0.125 [0.035, 0.360]    0.625 [0.386, 0.815]    0.750 [0.505, 0.898]    0.500 [0.280, 0.720]    0.500 [0.280, 0.720]    0.188 [0.066, 0.430]    0.250 [0.102, 0.495]    0.938 [0.717, 0.989]    0.375 [0.185, 0.614]
portal-pool       0.062 [0.011, 0.283]    0.062 [0.011, 0.283]    0.000 [0.000, 0.194]    0.625 [0.386, 0.815]    0.500 [0.280, 0.720]    0.938 [0.717, 0.989]    0.500 [0.280, 0.720]    0.000 [0.000, 0.194]    0.188 [0.066, 0.430]    0.562 [0.332, 0.769]    0.250 [0.102, 0.495]    0.125 [0.035, 0.360]    0.125 [0.035, 0.360]    0.125 [0.035, 0.360]    0.688 [0.444, 0.858]    0.375 [0.185, 0.614]
ramp-37772        0.188 [0.066, 0.430]    0.750 [0.505, 0.898]    0.500 [0.280, 0.720]    0.938 [0.717, 0.989]    0.875 [0.640, 0.965]    1.000 [0.806, 1.000]    1.000 [0.806, 1.000]    0.250 [0.102, 0.495]    0.750 [0.505, 0.898]    0.812 [0.570, 0.934]    0.688 [0.444, 0.858]    0.438 [0.231, 0.668]    0.188 [0.066, 0.430]    0.438 [0.231, 0.668]    0.938 [0.717, 0.989]    0.812 [0.570, 0.934]
ramp-claywies     0.188 [0.066, 0.430]    0.750 [0.505, 0.898]    0.188 [0.066, 0.430]    1.000 [0.806, 1.000]    0.938 [0.717, 0.989]    0.938 [0.717, 0.989]    0.812 [0.570, 0.934]    0.438 [0.231, 0.668]    0.688 [0.444, 0.858]    0.875 [0.640, 0.965]    0.438 [0.231, 0.668]    0.625 [0.386, 0.815]    0.625 [0.386, 0.815]    0.562 [0.332, 0.769]    1.000 [0.806, 1.000]    0.750 [0.505, 0.898]
royal-nattui      0.375 [0.185, 0.614]    0.938 [0.717, 0.989]    0.188 [0.066, 0.430]    0.938 [0.717, 0.989]    0.938 [0.717, 0.989]    1.000 [0.806, 1.000]    1.000 [0.806, 1.000]    0.562 [0.332, 0.769]    0.812 [0.570, 0.934]    1.000 [0.806, 1.000]    0.688 [0.444, 0.858]    0.688 [0.444, 0.858]    0.375 [0.185, 0.614]    0.625 [0.386, 0.815]    1.000 [0.806, 1.000]    0.875 [0.640, 0.965]
rune-mach15       0.312 [0.142, 0.556]    0.750 [0.505, 0.898]    0.125 [0.035, 0.360]    0.875 [0.640, 0.965]    1.000 [0.806, 1.000]    0.938 [0.717, 0.989]    0.875 [0.640, 0.965]    0.625 [0.386, 0.815]    0.875 [0.640, 0.965]    1.000 [0.806, 1.000]    0.625 [0.386, 0.815]    0.375 [0.185, 0.614]    0.438 [0.231, 0.668]    0.625 [0.386, 0.815]    0.938 [0.717, 0.989]    0.562 [0.332, 0.769]
rune-pool         0.000 [0.000, 0.194]    0.125 [0.035, 0.360]    0.000 [0.000, 0.194]    0.625 [0.386, 0.815]    0.375 [0.185, 0.614]    0.938 [0.717, 0.989]    0.375 [0.185, 0.614]    0.125 [0.035, 0.360]    0.125 [0.035, 0.360]    0.188 [0.066, 0.430]    0.000 [0.000, 0.194]    0.000 [0.000, 0.194]    0.062 [0.011, 0.283]    0.000 [0.000, 0.194]    0.625 [0.386, 0.815]    0.125 [0.035, 0.360]
sword-pool        0.250 [0.102, 0.495]    0.562 [0.332, 0.769]    0.188 [0.066, 0.430]    1.000 [0.806, 1.000]    0.938 [0.717, 0.989]    1.000 [0.806, 1.000]    0.688 [0.444, 0.858]    0.250 [0.102, 0.495]    0.812 [0.570, 0.934]    0.625 [0.386, 0.815]    0.562 [0.332, 0.769]    0.375 [0.185, 0.614]    0.125 [0.035, 0.360]    0.188 [0.066, 0.430]    1.000 [0.806, 1.000]    0.562 [0.332, 0.769]
4096 games in 1361.060s (3.0 games/s)
wrote C:\Users\agban\projects\arena\results\sweep1\c02-final.json


=== summary ===
h0:depth=4,beam=8 vs h0
games: 4096  decisive: 4096  draws: 0
policy_a win rate: 0.529 [0.514, 0.544]
first-player win rate: 0.538
mean turns: 8.30  mean actions: 76.88
end: lethal=4096 deckout=0 turn_cap=0 action_cap=0 no_legal=0 illegal=0
1361.060s  3.01 games/s  cpus=28
per deck:
  abyss-p8rfn: policy_a (row) 0.832  policy_b (col) 0.781
  abyss-pool: policy_a (row) 0.438  policy_b (col) 0.445
  afnm-minatodao: policy_a (row) 0.879  policy_b (col) 0.789
  basic-forest: policy_a (row) 0.230  policy_b (col) 0.180
  basic-portal: policy_a (row) 0.285  policy_b (col) 0.223
  basic-rune: policy_a (row) 0.117  policy_b (col) 0.074
  dragon-pool: policy_a (row) 0.465  policy_b (col) 0.406
  elf-neanisu2: policy_a (row) 0.785  policy_b (col) 0.680
  forest-pool: policy_a (row) 0.539  policy_b (col) 0.438
  portal-pool: policy_a (row) 0.320  policy_b (col) 0.332
  ramp-37772: policy_a (row) 0.660  policy_b (col) 0.559
  ramp-claywies: policy_a (row) 0.676  policy_b (col) 0.633
  royal-nattui: policy_a (row) 0.750  policy_b (col) 0.715
  rune-mach15: policy_a (row) 0.684  policy_b (col) 0.617
  rune-pool: policy_a (row) 0.230  policy_b (col) 0.195
  sword-pool: policy_a (row) 0.570  policy_b (col) 0.473
