matchup: 16 decks × 4 games = 1024 games (seed=1, policy_a=h0:depth=4,beam=8, policy_b=h0, first=alternate, threads=None)
Win rate (row = A, col = B; cell = A's win rate)
                           abyss-p8rfn              abyss-pool          afnm-minatodao            basic-forest            basic-portal              basic-rune             dragon-pool            elf-neanisu2             forest-pool             portal-pool              ramp-37772           ramp-claywies            royal-nattui             rune-mach15               rune-pool              sword-pool
abyss-p8rfn                      0.500                   1.000                   0.500                   1.000                   1.000                   1.000                   0.750                   0.750                   0.750                   1.000                   1.000                   0.750                   0.500                   0.750                   1.000                   1.000
abyss-pool                       0.000                   0.750                   0.500                   1.000                   0.500                   1.000                   0.250                   0.250                   0.500                   0.750                   0.500                   0.000                   0.500                   0.500                   1.000                   0.500
afnm-minatodao                   0.250                   1.000                   0.750                   1.000                   1.000                   1.000                   0.750                   0.750                   1.000                   1.000                   0.750                   1.000                   0.750                   0.750                   1.000                   0.750
basic-forest                     0.000                   0.000                   0.000                   0.750                   0.000                   1.000                   0.000                   0.000                   0.000                   0.000                   0.000                   0.000                   0.000                   0.250                   1.000                   0.250
basic-portal                     0.000                   0.500                   0.000                   0.500                   0.750                   1.000                   0.500                   0.000                   0.250                   0.500                   0.500                   0.000                   0.250                   0.000                   0.250                   0.250
basic-rune                       0.000                   0.000                   0.000                   0.750                   0.500                   0.750                   0.000                   0.000                   0.250                   0.000                   0.000                   0.000                   0.000                   0.000                   0.250                   0.250
dragon-pool                      0.000                   0.250                   0.250                   1.000                   1.000                   0.750                   0.500                   0.500                   0.500                   0.750                   0.250                   0.250                   0.000                   0.750                   0.750                   0.250
elf-neanisu2                     0.500                   1.000                   0.250                   1.000                   1.000                   1.000                   0.750                   0.750                   0.750                   1.000                   0.750                   1.000                   0.500                   0.500                   1.000                   1.000
forest-pool                      0.000                   0.750                   0.000                   1.000                   1.000                   1.000                   1.000                   0.000                   0.500                   0.500                   0.250                   0.750                   0.250                   0.500                   0.750                   0.500
portal-pool                      0.000                   0.000                   0.000                   0.250                   0.500                   0.750                   0.500                   0.000                   0.000                   0.750                   0.000                   0.000                   0.250                   0.250                   0.750                   0.500
ramp-37772                       0.000                   0.750                   0.250                   1.000                   1.000                   1.000                   1.000                   0.250                   0.750                   0.500                   0.750                   0.500                   0.250                   0.000                   1.000                   0.750
ramp-claywies                    0.000                   0.750                   0.250                   1.000                   1.000                   1.000                   0.750                   0.250                   0.750                   0.750                   0.500                   0.500                   0.750                   0.500                   1.000                   0.750
royal-nattui                     0.250                   1.000                   0.250                   1.000                   1.000                   1.000                   1.000                   0.750                   0.750                   1.000                   0.500                   0.500                   0.750                   0.500                   1.000                   0.750
rune-mach15                      0.250                   0.750                   0.250                   0.750                   1.000                   1.000                   1.000                   0.500                   1.000                   1.000                   0.750                   0.000                   0.250                   0.500                   0.750                   0.750
rune-pool                        0.000                   0.000                   0.000                   0.750                   0.250                   1.000                   0.250                   0.000                   0.250                   0.250                   0.000                   0.000                   0.000                   0.000                   0.500                   0.000
sword-pool                       0.000                   1.000                   0.250                   1.000                   1.000                   1.000                   0.500                   0.000                   1.000                   0.750                   0.750                   0.500                   0.500                   0.250                   1.000                   0.750

First-player win rate / mean turns
                           abyss-p8rfn              abyss-pool          afnm-minatodao            basic-forest            basic-portal              basic-rune             dragon-pool            elf-neanisu2             forest-pool             portal-pool              ramp-37772           ramp-claywies            royal-nattui             rune-mach15               rune-pool              sword-pool
abyss-p8rfn              0.500 /   9.8           0.500 /   8.0           0.500 /   8.2           0.500 /   7.5           0.500 /   7.8           0.500 /   7.2           0.750 /   9.0           0.750 /  10.0           0.750 /   9.8           0.500 /   7.8           0.500 /   7.5           0.250 /   7.5           1.000 /   8.2           0.750 /   7.8           0.500 /   6.8           0.500 /   7.0
abyss-pool               0.500 /   8.2           0.250 /   8.2           0.000 /   6.5           0.500 /   7.2           0.000 /   8.8           0.500 /   6.8           0.750 /   9.0           0.750 /   9.5           0.500 /   8.2           0.250 /   8.5           0.000 /   9.0           0.500 /   8.2           0.500 /   7.8           0.500 /   8.5           0.500 /   9.2           0.000 /   8.8
afnm-minatodao           0.750 /   8.5           0.500 /   8.0           0.750 /   8.8           0.500 /   6.8           0.500 /   6.5           0.500 /   5.5           0.750 /   8.2           0.750 /   9.2           0.500 /   8.2           0.500 /   7.5           0.750 /   7.8           0.500 /   7.5           0.750 /   7.5           0.750 /   8.2           0.500 /   7.5           0.750 /   8.8
basic-forest             0.500 /   8.0           0.500 /   7.5           0.500 /   7.0           0.250 /   7.5           0.500 /  10.5           0.500 /   8.8           0.500 /   8.5           0.500 /   8.8           0.500 /   7.0           0.500 /   8.2           0.500 /   7.8           0.500 /   8.2           0.500 /   7.0           0.250 /   8.0           0.500 /   8.8           0.250 /   8.8
basic-portal             0.500 /   7.8           0.500 /   8.0           0.500 /   7.5           0.500 /   9.0           0.750 /   9.2           0.500 /   8.0           0.000 /   8.0           0.500 /   8.0           0.750 /   8.5           0.500 /   9.2           0.500 /   8.2           0.500 /  10.2           0.250 /   7.2           0.500 /   8.0           0.750 /   9.8           0.250 /   9.2
basic-rune               0.500 /   6.0           0.500 /   7.8           0.500 /   6.2           0.750 /   7.5           0.500 /   8.5           0.750 /   8.0           0.500 /   7.5           0.500 /   6.5           0.750 /   7.8           0.500 /   7.2           0.500 /   8.0           0.500 /   7.0           0.500 /   7.0           0.500 /   7.5           0.750 /   8.0           0.750 /   6.5
dragon-pool              0.500 /   8.0           0.250 /   6.8           0.750 /   7.8           0.500 /   7.8           0.500 /   9.8           0.250 /   7.8           0.500 /   7.8           1.000 /   8.5           1.000 /   7.8           0.750 /   8.0           0.750 /   8.0           0.750 /   8.2           0.500 /   7.2           0.750 /   8.5           0.750 /   9.0           0.750 /  10.5
elf-neanisu2             0.500 /   9.5           0.500 /   7.5           0.250 /   8.2           0.500 /   7.2           0.500 /   7.5           0.500 /   7.2           0.750 /   7.2           0.250 /   9.5           0.750 /  10.0           0.500 /   7.2           0.750 /   9.2           0.500 /   7.8           0.500 /   8.8           0.000 /   9.0           0.500 /   7.2           0.500 /   8.2
forest-pool              0.500 /   7.5           0.750 /   8.2           0.500 /   7.5           0.500 /   7.8           0.500 /   8.0           0.500 /   6.8           0.500 /   7.8           0.500 /   7.5           0.500 /   9.2           0.500 /   8.8           0.250 /   9.0           0.250 /   8.2           0.750 /   7.0           0.500 /  10.2           0.750 /   7.8           0.500 /  10.0
portal-pool              0.500 /   7.0           0.500 /   8.0           0.500 /   7.5           0.750 /   9.5           0.500 /   8.5           0.250 /   7.8           0.500 /   7.5           0.500 /   7.8           0.500 /  10.5           0.750 /   9.0           0.500 /   8.5           0.500 /   6.2           0.750 /   8.5           0.750 /   8.0           0.250 /  10.2           0.500 /   7.0
ramp-37772               0.500 /   8.0           0.750 /   8.2           0.250 /   7.2           0.500 /   9.2           0.500 /   8.0           0.500 /   8.0           0.500 /   9.0           0.250 /   8.5           0.250 /   9.0           0.500 /   8.2           0.250 /   8.8           0.500 /   8.0           0.750 /   9.0           0.500 /   7.5           0.500 /   8.5           0.750 /   8.2
ramp-claywies            0.500 /   7.0           0.250 /   7.8           0.750 /   7.8           0.500 /   9.2           0.500 /   7.8           0.500 /   8.5           0.750 /   8.5           0.250 /   9.8           0.750 /   9.8           0.250 /   7.8           0.500 /   7.5           0.000 /   9.0           0.250 /   9.5           0.500 /  11.5           0.500 /   8.2           0.750 /  11.8
royal-nattui             0.750 /   7.5           0.500 /   7.2           0.250 /   7.5           0.500 /   8.5           0.500 /   9.0           0.500 /   6.5           0.500 /   8.0           0.750 /  10.0           0.250 /   7.8           0.500 /   7.0           0.000 /   7.8           1.000 /   7.8           0.750 /   9.5           0.500 /   8.8           0.500 /   7.2           0.250 /   9.5
rune-mach15              0.750 /   8.5           0.250 /   8.0           0.750 /   9.8           0.250 /   8.5           0.500 /   8.5           0.500 /   8.0           0.500 /   9.0           0.500 /   8.5           0.500 /   8.8           0.500 /   8.8           0.750 /   8.5           0.500 /   9.0           0.750 /   8.0           1.000 /  10.2           0.250 /   7.5           0.750 /   7.8
rune-pool                0.500 /   7.5           0.500 /   7.8           0.500 /   6.5           0.750 /   8.0           0.250 /   8.0           0.500 /   8.0           0.750 /   9.8           0.500 /   6.2           0.750 /  10.2           0.750 /   9.2           0.500 /   7.2           0.500 /   9.2           0.500 /   7.0           0.500 /   7.2           0.500 /  15.8           0.500 /   9.5
sword-pool               0.500 /   8.0           0.500 /   9.8           0.250 /   9.5           0.500 /   8.2           0.500 /   8.0           0.500 /   7.8           0.500 /   9.2           0.500 /   7.5           0.500 /   9.2           0.750 /   7.0           0.750 /  10.0           0.500 /   7.8           1.000 /   8.0           0.250 /   8.2           0.500 /   9.5           0.250 /  11.2

A win rate over decisive games, Wilson 95% [lo, hi]
                           abyss-p8rfn              abyss-pool          afnm-minatodao            basic-forest            basic-portal              basic-rune             dragon-pool            elf-neanisu2             forest-pool             portal-pool              ramp-37772           ramp-claywies            royal-nattui             rune-mach15               rune-pool              sword-pool
abyss-p8rfn       0.500 [0.150, 0.850]    1.000 [0.510, 1.000]    0.500 [0.150, 0.850]    1.000 [0.510, 1.000]    1.000 [0.510, 1.000]    1.000 [0.510, 1.000]    0.750 [0.301, 0.954]    0.750 [0.301, 0.954]    0.750 [0.301, 0.954]    1.000 [0.510, 1.000]    1.000 [0.510, 1.000]    0.750 [0.301, 0.954]    0.500 [0.150, 0.850]    0.750 [0.301, 0.954]    1.000 [0.510, 1.000]    1.000 [0.510, 1.000]
abyss-pool        0.000 [0.000, 0.490]    0.750 [0.301, 0.954]    0.500 [0.150, 0.850]    1.000 [0.510, 1.000]    0.500 [0.150, 0.850]    1.000 [0.510, 1.000]    0.250 [0.046, 0.699]    0.250 [0.046, 0.699]    0.500 [0.150, 0.850]    0.750 [0.301, 0.954]    0.500 [0.150, 0.850]    0.000 [0.000, 0.490]    0.500 [0.150, 0.850]    0.500 [0.150, 0.850]    1.000 [0.510, 1.000]    0.500 [0.150, 0.850]
afnm-minatodao    0.250 [0.046, 0.699]    1.000 [0.510, 1.000]    0.750 [0.301, 0.954]    1.000 [0.510, 1.000]    1.000 [0.510, 1.000]    1.000 [0.510, 1.000]    0.750 [0.301, 0.954]    0.750 [0.301, 0.954]    1.000 [0.510, 1.000]    1.000 [0.510, 1.000]    0.750 [0.301, 0.954]    1.000 [0.510, 1.000]    0.750 [0.301, 0.954]    0.750 [0.301, 0.954]    1.000 [0.510, 1.000]    0.750 [0.301, 0.954]
basic-forest      0.000 [0.000, 0.490]    0.000 [0.000, 0.490]    0.000 [0.000, 0.490]    0.750 [0.301, 0.954]    0.000 [0.000, 0.490]    1.000 [0.510, 1.000]    0.000 [0.000, 0.490]    0.000 [0.000, 0.490]    0.000 [0.000, 0.490]    0.000 [0.000, 0.490]    0.000 [0.000, 0.490]    0.000 [0.000, 0.490]    0.000 [0.000, 0.490]    0.250 [0.046, 0.699]    1.000 [0.510, 1.000]    0.250 [0.046, 0.699]
basic-portal      0.000 [0.000, 0.490]    0.500 [0.150, 0.850]    0.000 [0.000, 0.490]    0.500 [0.150, 0.850]    0.750 [0.301, 0.954]    1.000 [0.510, 1.000]    0.500 [0.150, 0.850]    0.000 [0.000, 0.490]    0.250 [0.046, 0.699]    0.500 [0.150, 0.850]    0.500 [0.150, 0.850]    0.000 [0.000, 0.490]    0.250 [0.046, 0.699]    0.000 [0.000, 0.490]    0.250 [0.046, 0.699]    0.250 [0.046, 0.699]
basic-rune        0.000 [0.000, 0.490]    0.000 [0.000, 0.490]    0.000 [0.000, 0.490]    0.750 [0.301, 0.954]    0.500 [0.150, 0.850]    0.750 [0.301, 0.954]    0.000 [0.000, 0.490]    0.000 [0.000, 0.490]    0.250 [0.046, 0.699]    0.000 [0.000, 0.490]    0.000 [0.000, 0.490]    0.000 [0.000, 0.490]    0.000 [0.000, 0.490]    0.000 [0.000, 0.490]    0.250 [0.046, 0.699]    0.250 [0.046, 0.699]
dragon-pool       0.000 [0.000, 0.490]    0.250 [0.046, 0.699]    0.250 [0.046, 0.699]    1.000 [0.510, 1.000]    1.000 [0.510, 1.000]    0.750 [0.301, 0.954]    0.500 [0.150, 0.850]    0.500 [0.150, 0.850]    0.500 [0.150, 0.850]    0.750 [0.301, 0.954]    0.250 [0.046, 0.699]    0.250 [0.046, 0.699]    0.000 [0.000, 0.490]    0.750 [0.301, 0.954]    0.750 [0.301, 0.954]    0.250 [0.046, 0.699]
elf-neanisu2      0.500 [0.150, 0.850]    1.000 [0.510, 1.000]    0.250 [0.046, 0.699]    1.000 [0.510, 1.000]    1.000 [0.510, 1.000]    1.000 [0.510, 1.000]    0.750 [0.301, 0.954]    0.750 [0.301, 0.954]    0.750 [0.301, 0.954]    1.000 [0.510, 1.000]    0.750 [0.301, 0.954]    1.000 [0.510, 1.000]    0.500 [0.150, 0.850]    0.500 [0.150, 0.850]    1.000 [0.510, 1.000]    1.000 [0.510, 1.000]
forest-pool       0.000 [0.000, 0.490]    0.750 [0.301, 0.954]    0.000 [0.000, 0.490]    1.000 [0.510, 1.000]    1.000 [0.510, 1.000]    1.000 [0.510, 1.000]    1.000 [0.510, 1.000]    0.000 [0.000, 0.490]    0.500 [0.150, 0.850]    0.500 [0.150, 0.850]    0.250 [0.046, 0.699]    0.750 [0.301, 0.954]    0.250 [0.046, 0.699]    0.500 [0.150, 0.850]    0.750 [0.301, 0.954]    0.500 [0.150, 0.850]
portal-pool       0.000 [0.000, 0.490]    0.000 [0.000, 0.490]    0.000 [0.000, 0.490]    0.250 [0.046, 0.699]    0.500 [0.150, 0.850]    0.750 [0.301, 0.954]    0.500 [0.150, 0.850]    0.000 [0.000, 0.490]    0.000 [0.000, 0.490]    0.750 [0.301, 0.954]    0.000 [0.000, 0.490]    0.000 [0.000, 0.490]    0.250 [0.046, 0.699]    0.250 [0.046, 0.699]    0.750 [0.301, 0.954]    0.500 [0.150, 0.850]
ramp-37772        0.000 [0.000, 0.490]    0.750 [0.301, 0.954]    0.250 [0.046, 0.699]    1.000 [0.510, 1.000]    1.000 [0.510, 1.000]    1.000 [0.510, 1.000]    1.000 [0.510, 1.000]    0.250 [0.046, 0.699]    0.750 [0.301, 0.954]    0.500 [0.150, 0.850]    0.750 [0.301, 0.954]    0.500 [0.150, 0.850]    0.250 [0.046, 0.699]    0.000 [0.000, 0.490]    1.000 [0.510, 1.000]    0.750 [0.301, 0.954]
ramp-claywies     0.000 [0.000, 0.490]    0.750 [0.301, 0.954]    0.250 [0.046, 0.699]    1.000 [0.510, 1.000]    1.000 [0.510, 1.000]    1.000 [0.510, 1.000]    0.750 [0.301, 0.954]    0.250 [0.046, 0.699]    0.750 [0.301, 0.954]    0.750 [0.301, 0.954]    0.500 [0.150, 0.850]    0.500 [0.150, 0.850]    0.750 [0.301, 0.954]    0.500 [0.150, 0.850]    1.000 [0.510, 1.000]    0.750 [0.301, 0.954]
royal-nattui      0.250 [0.046, 0.699]    1.000 [0.510, 1.000]    0.250 [0.046, 0.699]    1.000 [0.510, 1.000]    1.000 [0.510, 1.000]    1.000 [0.510, 1.000]    1.000 [0.510, 1.000]    0.750 [0.301, 0.954]    0.750 [0.301, 0.954]    1.000 [0.510, 1.000]    0.500 [0.150, 0.850]    0.500 [0.150, 0.850]    0.750 [0.301, 0.954]    0.500 [0.150, 0.850]    1.000 [0.510, 1.000]    0.750 [0.301, 0.954]
rune-mach15       0.250 [0.046, 0.699]    0.750 [0.301, 0.954]    0.250 [0.046, 0.699]    0.750 [0.301, 0.954]    1.000 [0.510, 1.000]    1.000 [0.510, 1.000]    1.000 [0.510, 1.000]    0.500 [0.150, 0.850]    1.000 [0.510, 1.000]    1.000 [0.510, 1.000]    0.750 [0.301, 0.954]    0.000 [0.000, 0.490]    0.250 [0.046, 0.699]    0.500 [0.150, 0.850]    0.750 [0.301, 0.954]    0.750 [0.301, 0.954]
rune-pool         0.000 [0.000, 0.490]    0.000 [0.000, 0.490]    0.000 [0.000, 0.490]    0.750 [0.301, 0.954]    0.250 [0.046, 0.699]    1.000 [0.510, 1.000]    0.250 [0.046, 0.699]    0.000 [0.000, 0.490]    0.250 [0.046, 0.699]    0.250 [0.046, 0.699]    0.000 [0.000, 0.490]    0.000 [0.000, 0.490]    0.000 [0.000, 0.490]    0.000 [0.000, 0.490]    0.500 [0.150, 0.850]    0.000 [0.000, 0.490]
sword-pool        0.000 [0.000, 0.490]    1.000 [0.510, 1.000]    0.250 [0.046, 0.699]    1.000 [0.510, 1.000]    1.000 [0.510, 1.000]    1.000 [0.510, 1.000]    0.500 [0.150, 0.850]    0.000 [0.000, 0.490]    1.000 [0.510, 1.000]    0.750 [0.301, 0.954]    0.750 [0.301, 0.954]    0.500 [0.150, 0.850]    0.500 [0.150, 0.850]    0.250 [0.046, 0.699]    1.000 [0.510, 1.000]    0.750 [0.301, 0.954]
1024 games in 445.754s (2.3 games/s)
wrote C:\Users\agban\projects\arena\results\sweep1\c02-screen.json


=== summary ===
h0:depth=4,beam=8 vs h0
games: 1024  decisive: 1024  draws: 0
policy_a win rate: 0.533 [0.503, 0.564]
first-player win rate: 0.521
mean turns: 8.25  mean actions: 76.69
end: lethal=1024 deckout=0 turn_cap=0 action_cap=0 no_legal=0 illegal=0
445.754s  2.30 games/s  cpus=28
per deck:
  abyss-p8rfn: policy_a (row) 0.828  policy_b (col) 0.891
  abyss-pool: policy_a (row) 0.531  policy_b (col) 0.406
  afnm-minatodao: policy_a (row) 0.844  policy_b (col) 0.781
  basic-forest: policy_a (row) 0.203  policy_b (col) 0.141
  basic-portal: policy_a (row) 0.328  policy_b (col) 0.219
  basic-rune: policy_a (row) 0.172  policy_b (col) 0.047
  dragon-pool: policy_a (row) 0.484  policy_b (col) 0.406
  elf-neanisu2: policy_a (row) 0.797  policy_b (col) 0.703
  forest-pool: policy_a (row) 0.547  policy_b (col) 0.438
  portal-pool: policy_a (row) 0.281  policy_b (col) 0.344
  ramp-37772: policy_a (row) 0.609  policy_b (col) 0.547
  ramp-claywies: policy_a (row) 0.656  policy_b (col) 0.641
  royal-nattui: policy_a (row) 0.750  policy_b (col) 0.656
  rune-mach15: policy_a (row) 0.656  policy_b (col) 0.625
  rune-pool: policy_a (row) 0.203  policy_b (col) 0.188
  sword-pool: policy_a (row) 0.641  policy_b (col) 0.438
