matchup: 16 decks × 4 games = 1024 games (seed=1, policy_a=h0:osteps=6, policy_b=h0, first=alternate, threads=None)
Win rate (row = A, col = B; cell = A's win rate)
                           abyss-p8rfn              abyss-pool          afnm-minatodao            basic-forest            basic-portal              basic-rune             dragon-pool            elf-neanisu2             forest-pool             portal-pool              ramp-37772           ramp-claywies            royal-nattui             rune-mach15               rune-pool              sword-pool
abyss-p8rfn                      0.250                   1.000                   0.250                   1.000                   1.000                   1.000                   0.500                   0.750                   1.000                   1.000                   1.000                   0.750                   0.750                   0.750                   1.000                   1.000
abyss-pool                       0.000                   0.500                   0.250                   1.000                   0.750                   1.000                   0.250                   0.000                   0.500                   0.750                   0.000                   0.000                   0.250                   0.250                   0.750                   0.000
afnm-minatodao                   0.250                   1.000                   0.250                   1.000                   1.000                   1.000                   1.000                   0.500                   1.000                   1.000                   1.000                   1.000                   0.500                   0.500                   1.000                   1.000
basic-forest                     0.000                   0.000                   0.000                   0.250                   0.250                   0.250                   0.250                   0.000                   0.250                   0.250                   0.000                   0.000                   0.000                   0.000                   0.750                   0.500
basic-portal                     0.000                   0.000                   0.000                   1.000                   1.000                   1.000                   0.250                   0.000                   0.000                   0.500                   0.250                   0.000                   0.750                   0.000                   0.750                   0.000
basic-rune                       0.000                   0.000                   0.000                   0.750                   0.250                   1.000                   0.000                   0.000                   0.250                   0.000                   0.000                   0.000                   0.000                   0.000                   0.000                   0.250
dragon-pool                      0.000                   0.750                   0.250                   1.000                   1.000                   1.000                   0.750                   0.500                   0.500                   0.750                   0.500                   0.000                   0.000                   0.500                   1.000                   0.500
elf-neanisu2                     0.000                   0.750                   0.000                   1.000                   1.000                   1.000                   0.750                   0.250                   0.750                   0.750                   0.750                   1.000                   0.750                   0.500                   1.000                   1.000
forest-pool                      0.000                   0.750                   0.250                   0.750                   1.000                   1.000                   0.500                   0.000                   0.750                   0.250                   0.500                   0.250                   0.000                   0.000                   1.000                   1.000
portal-pool                      0.250                   0.000                   0.000                   0.500                   1.000                   0.750                   0.250                   0.000                   0.500                   0.750                   0.000                   0.000                   0.250                   0.250                   0.500                   0.500
ramp-37772                       1.000                   0.750                   0.250                   1.000                   1.000                   1.000                   0.750                   0.250                   0.750                   0.500                   0.000                   0.500                   0.750                   0.250                   1.000                   0.750
ramp-claywies                    0.250                   0.500                   0.500                   1.000                   1.000                   1.000                   0.750                   0.250                   0.750                   0.500                   0.500                   0.500                   0.500                   0.500                   1.000                   0.500
royal-nattui                     0.250                   0.750                   0.250                   1.000                   1.000                   1.000                   0.750                   0.250                   1.000                   1.000                   0.750                   1.000                   0.500                   0.500                   1.000                   0.750
rune-mach15                      0.000                   0.750                   0.250                   1.000                   0.750                   1.000                   0.000                   0.000                   1.000                   1.000                   0.250                   0.000                   0.500                   0.500                   1.000                   0.500
rune-pool                        0.000                   0.500                   0.250                   1.000                   0.250                   0.500                   0.000                   0.000                   0.250                   0.250                   0.250                   0.000                   0.000                   0.250                   0.500                   0.000
sword-pool                       0.250                   1.000                   0.500                   1.000                   1.000                   1.000                   0.000                   0.000                   0.500                   0.500                   0.500                   0.250                   0.250                   0.000                   0.500                   0.750

First-player win rate / mean turns
                           abyss-p8rfn              abyss-pool          afnm-minatodao            basic-forest            basic-portal              basic-rune             dragon-pool            elf-neanisu2             forest-pool             portal-pool              ramp-37772           ramp-claywies            royal-nattui             rune-mach15               rune-pool              sword-pool
abyss-p8rfn              0.750 /   8.2           0.500 /   7.8           0.250 /   9.5           0.500 /   8.2           0.500 /   8.2           0.500 /   7.0           1.000 /   8.0           0.250 /   8.8           0.500 /   9.5           0.500 /   8.2           0.500 /   7.5           0.250 /   8.2           0.750 /   7.8           0.750 /   7.5           0.500 /   7.0           0.500 /   7.8
abyss-pool               0.500 /   7.8           1.000 /   9.8           0.250 /   7.2           0.500 /   7.0           0.250 /  11.0           0.500 /   6.2           0.750 /  10.5           0.500 /   9.5           0.500 /   8.8           0.750 /   8.2           0.500 /   9.2           0.500 /   8.8           0.250 /   7.8           0.250 /   7.0           0.250 /   9.2           0.500 /  10.5
afnm-minatodao           0.250 /   8.5           0.500 /   8.0           0.750 /   8.5           0.500 /   7.0           0.500 /   6.8           0.500 /   6.2           0.500 /   8.0           0.500 /   8.8           0.500 /   9.0           0.500 /   7.2           0.500 /   7.5           0.500 /   7.8           0.500 /   8.0           1.000 /   9.2           0.500 /   6.8           0.500 /   8.2
basic-forest             0.500 /   7.5           0.500 /   7.0           0.500 /   7.2           0.250 /   8.2           0.250 /   8.8           0.250 /   9.0           0.750 /   8.2           0.500 /   7.2           0.750 /   7.5           0.250 /   7.8           0.500 /   8.0           0.500 /   8.5           0.500 /   8.0           0.500 /   8.0           0.250 /   9.2           1.000 /   7.2
basic-portal             0.500 /   7.8           0.500 /   9.5           0.500 /   7.2           0.500 /  10.8           0.500 /   7.2           0.500 /   7.8           0.250 /   8.2           0.500 /   7.8           0.500 /   9.2           0.500 /   9.0           0.750 /   9.2           0.500 /   9.2           0.750 /   9.8           0.500 /   8.0           0.750 /  11.5           0.500 /   9.8
basic-rune               0.500 /   6.0           0.500 /   7.8           0.500 /   6.0           0.750 /   8.8           0.250 /   7.5           0.500 /   8.5           0.500 /   6.8           0.500 /   7.2           0.250 /   8.0           0.500 /   8.5           0.500 /   8.5           0.500 /   7.8           0.500 /   6.8           0.500 /   7.5           0.500 /   9.2           0.750 /   7.5
dragon-pool              0.500 /   7.2           0.750 /   8.0           0.750 /   9.2           0.500 /   8.5           0.500 /   8.2           0.500 /   7.8           0.250 /   8.8           0.500 /   7.8           0.500 /   8.8           0.750 /   9.8           1.000 /   8.8           0.500 /   7.2           0.500 /   7.5           0.500 /  10.2           0.500 /   7.0           0.500 /   9.0
elf-neanisu2             0.500 /  10.8           0.250 /   7.2           0.500 /   9.0           0.500 /   8.0           0.500 /   8.5           0.500 /   8.2           0.750 /   7.8           0.750 /   8.2           0.750 /   8.8           0.750 /   7.5           0.750 /  10.0           0.500 /   9.5           0.750 /   9.0           0.500 /  10.5           0.500 /   8.2           0.500 /   7.0
forest-pool              0.500 /   8.2           0.750 /   9.2           0.750 /   9.8           0.750 /   8.2           0.500 /  10.2           0.500 /   7.2           0.500 /   7.8           0.500 /   8.0           0.750 /  11.2           0.750 /   9.0           0.500 /  10.2           0.750 /   9.0           0.500 /   8.5           0.500 /   9.2           0.500 /   9.0           0.500 /  11.5
portal-pool              0.250 /   6.8           0.500 /   7.2           0.500 /   8.2           0.500 /   9.2           0.500 /  10.2           0.250 /   7.5           0.750 /   7.2           0.500 /   7.2           0.500 /   9.2           0.750 /   9.2           0.500 /  10.0           0.500 /   7.2           0.750 /   8.2           0.750 /   8.8           0.500 /   8.5           0.500 /   7.8
ramp-37772               0.500 /  10.0           0.750 /   9.0           0.750 /   8.8           0.500 /   8.8           0.500 /   9.0           0.500 /   7.8           0.750 /   8.8           0.750 /   9.0           0.250 /   9.2           0.500 /   8.2           0.500 /  12.8           0.500 /   8.5           0.250 /   8.5           0.250 /   8.5           0.500 /   9.0           0.250 /   9.0
ramp-claywies            0.750 /   9.5           0.000 /   7.2           1.000 /   8.8           0.500 /   8.0           0.500 /   8.2           0.500 /   7.8           0.750 /  10.0           0.250 /   7.5           0.750 /  11.2           0.500 /  10.0           0.500 /   8.8           0.500 /   9.0           1.000 /   9.0           0.500 /  11.5           0.500 /   8.0           0.500 /  11.8
royal-nattui             0.750 /   7.5           0.750 /   7.8           0.250 /   9.0           0.500 /   9.0           0.500 /   8.2           0.500 /   8.5           0.750 /   8.2           0.750 /   9.2           0.500 /   8.2           0.500 /   7.2           0.750 /   9.0           0.500 /   6.8           0.500 /   8.2           0.500 /   8.0           0.500 /   7.2           0.750 /  11.5
rune-mach15              0.500 /   7.5           0.250 /   8.8           0.750 /   8.8           0.500 /   8.8           0.750 /   9.0           0.500 /   8.2           0.500 /   8.8           0.500 /   8.5           0.500 /  10.5           0.500 /   7.8           0.750 /  10.0           0.500 /  10.8           1.000 /   8.8           1.000 /  10.0           0.500 /  11.0           1.000 /  10.0
rune-pool                0.500 /   7.5           0.500 /   8.5           0.750 /   8.5           0.500 /   9.5           0.250 /   9.5           0.500 /   8.5           0.500 /   7.0           0.500 /   8.2           0.250 /  11.0           0.750 /  10.8           0.250 /   8.0           0.500 /   8.2           0.500 /   8.2           0.750 /   7.8           0.500 /  13.8           0.500 /   9.2
sword-pool               0.750 /   9.8           0.500 /   8.8           1.000 /   9.5           0.500 /   8.2           0.500 /   8.0           0.500 /   7.5           0.500 /   8.8           0.500 /   8.0           0.500 /   9.0           0.500 /   7.2           0.500 /  12.0           0.750 /  13.0           0.750 /   9.8           0.500 /   7.5           1.000 /  10.2           0.250 /  12.0

A win rate over decisive games, Wilson 95% [lo, hi]
                           abyss-p8rfn              abyss-pool          afnm-minatodao            basic-forest            basic-portal              basic-rune             dragon-pool            elf-neanisu2             forest-pool             portal-pool              ramp-37772           ramp-claywies            royal-nattui             rune-mach15               rune-pool              sword-pool
abyss-p8rfn       0.250 [0.046, 0.699]    1.000 [0.510, 1.000]    0.250 [0.046, 0.699]    1.000 [0.510, 1.000]    1.000 [0.510, 1.000]    1.000 [0.510, 1.000]    0.500 [0.150, 0.850]    0.750 [0.301, 0.954]    1.000 [0.510, 1.000]    1.000 [0.510, 1.000]    1.000 [0.510, 1.000]    0.750 [0.301, 0.954]    0.750 [0.301, 0.954]    0.750 [0.301, 0.954]    1.000 [0.510, 1.000]    1.000 [0.510, 1.000]
abyss-pool        0.000 [0.000, 0.490]    0.500 [0.150, 0.850]    0.250 [0.046, 0.699]    1.000 [0.510, 1.000]    0.750 [0.301, 0.954]    1.000 [0.510, 1.000]    0.250 [0.046, 0.699]    0.000 [0.000, 0.490]    0.500 [0.150, 0.850]    0.750 [0.301, 0.954]    0.000 [0.000, 0.490]    0.000 [0.000, 0.490]    0.250 [0.046, 0.699]    0.250 [0.046, 0.699]    0.750 [0.301, 0.954]    0.000 [0.000, 0.490]
afnm-minatodao    0.250 [0.046, 0.699]    1.000 [0.510, 1.000]    0.250 [0.046, 0.699]    1.000 [0.510, 1.000]    1.000 [0.510, 1.000]    1.000 [0.510, 1.000]    1.000 [0.510, 1.000]    0.500 [0.150, 0.850]    1.000 [0.510, 1.000]    1.000 [0.510, 1.000]    1.000 [0.510, 1.000]    1.000 [0.510, 1.000]    0.500 [0.150, 0.850]    0.500 [0.150, 0.850]    1.000 [0.510, 1.000]    1.000 [0.510, 1.000]
basic-forest      0.000 [0.000, 0.490]    0.000 [0.000, 0.490]    0.000 [0.000, 0.490]    0.250 [0.046, 0.699]    0.250 [0.046, 0.699]    0.250 [0.046, 0.699]    0.250 [0.046, 0.699]    0.000 [0.000, 0.490]    0.250 [0.046, 0.699]    0.250 [0.046, 0.699]    0.000 [0.000, 0.490]    0.000 [0.000, 0.490]    0.000 [0.000, 0.490]    0.000 [0.000, 0.490]    0.750 [0.301, 0.954]    0.500 [0.150, 0.850]
basic-portal      0.000 [0.000, 0.490]    0.000 [0.000, 0.490]    0.000 [0.000, 0.490]    1.000 [0.510, 1.000]    1.000 [0.510, 1.000]    1.000 [0.510, 1.000]    0.250 [0.046, 0.699]    0.000 [0.000, 0.490]    0.000 [0.000, 0.490]    0.500 [0.150, 0.850]    0.250 [0.046, 0.699]    0.000 [0.000, 0.490]    0.750 [0.301, 0.954]    0.000 [0.000, 0.490]    0.750 [0.301, 0.954]    0.000 [0.000, 0.490]
basic-rune        0.000 [0.000, 0.490]    0.000 [0.000, 0.490]    0.000 [0.000, 0.490]    0.750 [0.301, 0.954]    0.250 [0.046, 0.699]    1.000 [0.510, 1.000]    0.000 [0.000, 0.490]    0.000 [0.000, 0.490]    0.250 [0.046, 0.699]    0.000 [0.000, 0.490]    0.000 [0.000, 0.490]    0.000 [0.000, 0.490]    0.000 [0.000, 0.490]    0.000 [0.000, 0.490]    0.000 [0.000, 0.490]    0.250 [0.046, 0.699]
dragon-pool       0.000 [0.000, 0.490]    0.750 [0.301, 0.954]    0.250 [0.046, 0.699]    1.000 [0.510, 1.000]    1.000 [0.510, 1.000]    1.000 [0.510, 1.000]    0.750 [0.301, 0.954]    0.500 [0.150, 0.850]    0.500 [0.150, 0.850]    0.750 [0.301, 0.954]    0.500 [0.150, 0.850]    0.000 [0.000, 0.490]    0.000 [0.000, 0.490]    0.500 [0.150, 0.850]    1.000 [0.510, 1.000]    0.500 [0.150, 0.850]
elf-neanisu2      0.000 [0.000, 0.490]    0.750 [0.301, 0.954]    0.000 [0.000, 0.490]    1.000 [0.510, 1.000]    1.000 [0.510, 1.000]    1.000 [0.510, 1.000]    0.750 [0.301, 0.954]    0.250 [0.046, 0.699]    0.750 [0.301, 0.954]    0.750 [0.301, 0.954]    0.750 [0.301, 0.954]    1.000 [0.510, 1.000]    0.750 [0.301, 0.954]    0.500 [0.150, 0.850]    1.000 [0.510, 1.000]    1.000 [0.510, 1.000]
forest-pool       0.000 [0.000, 0.490]    0.750 [0.301, 0.954]    0.250 [0.046, 0.699]    0.750 [0.301, 0.954]    1.000 [0.510, 1.000]    1.000 [0.510, 1.000]    0.500 [0.150, 0.850]    0.000 [0.000, 0.490]    0.750 [0.301, 0.954]    0.250 [0.046, 0.699]    0.500 [0.150, 0.850]    0.250 [0.046, 0.699]    0.000 [0.000, 0.490]    0.000 [0.000, 0.490]    1.000 [0.510, 1.000]    1.000 [0.510, 1.000]
portal-pool       0.250 [0.046, 0.699]    0.000 [0.000, 0.490]    0.000 [0.000, 0.490]    0.500 [0.150, 0.850]    1.000 [0.510, 1.000]    0.750 [0.301, 0.954]    0.250 [0.046, 0.699]    0.000 [0.000, 0.490]    0.500 [0.150, 0.850]    0.750 [0.301, 0.954]    0.000 [0.000, 0.490]    0.000 [0.000, 0.490]    0.250 [0.046, 0.699]    0.250 [0.046, 0.699]    0.500 [0.150, 0.850]    0.500 [0.150, 0.850]
ramp-37772        1.000 [0.510, 1.000]    0.750 [0.301, 0.954]    0.250 [0.046, 0.699]    1.000 [0.510, 1.000]    1.000 [0.510, 1.000]    1.000 [0.510, 1.000]    0.750 [0.301, 0.954]    0.250 [0.046, 0.699]    0.750 [0.301, 0.954]    0.500 [0.150, 0.850]    0.000 [0.000, 0.490]    0.500 [0.150, 0.850]    0.750 [0.301, 0.954]    0.250 [0.046, 0.699]    1.000 [0.510, 1.000]    0.750 [0.301, 0.954]
ramp-claywies     0.250 [0.046, 0.699]    0.500 [0.150, 0.850]    0.500 [0.150, 0.850]    1.000 [0.510, 1.000]    1.000 [0.510, 1.000]    1.000 [0.510, 1.000]    0.750 [0.301, 0.954]    0.250 [0.046, 0.699]    0.750 [0.301, 0.954]    0.500 [0.150, 0.850]    0.500 [0.150, 0.850]    0.500 [0.150, 0.850]    0.500 [0.150, 0.850]    0.500 [0.150, 0.850]    1.000 [0.510, 1.000]    0.500 [0.150, 0.850]
royal-nattui      0.250 [0.046, 0.699]    0.750 [0.301, 0.954]    0.250 [0.046, 0.699]    1.000 [0.510, 1.000]    1.000 [0.510, 1.000]    1.000 [0.510, 1.000]    0.750 [0.301, 0.954]    0.250 [0.046, 0.699]    1.000 [0.510, 1.000]    1.000 [0.510, 1.000]    0.750 [0.301, 0.954]    1.000 [0.510, 1.000]    0.500 [0.150, 0.850]    0.500 [0.150, 0.850]    1.000 [0.510, 1.000]    0.750 [0.301, 0.954]
rune-mach15       0.000 [0.000, 0.490]    0.750 [0.301, 0.954]    0.250 [0.046, 0.699]    1.000 [0.510, 1.000]    0.750 [0.301, 0.954]    1.000 [0.510, 1.000]    0.000 [0.000, 0.490]    0.000 [0.000, 0.490]    1.000 [0.510, 1.000]    1.000 [0.510, 1.000]    0.250 [0.046, 0.699]    0.000 [0.000, 0.490]    0.500 [0.150, 0.850]    0.500 [0.150, 0.850]    1.000 [0.510, 1.000]    0.500 [0.150, 0.850]
rune-pool         0.000 [0.000, 0.490]    0.500 [0.150, 0.850]    0.250 [0.046, 0.699]    1.000 [0.510, 1.000]    0.250 [0.046, 0.699]    0.500 [0.150, 0.850]    0.000 [0.000, 0.490]    0.000 [0.000, 0.490]    0.250 [0.046, 0.699]    0.250 [0.046, 0.699]    0.250 [0.046, 0.699]    0.000 [0.000, 0.490]    0.000 [0.000, 0.490]    0.250 [0.046, 0.699]    0.500 [0.150, 0.850]    0.000 [0.000, 0.490]
sword-pool        0.250 [0.046, 0.699]    1.000 [0.510, 1.000]    0.500 [0.150, 0.850]    1.000 [0.510, 1.000]    1.000 [0.510, 1.000]    1.000 [0.510, 1.000]    0.000 [0.000, 0.490]    0.000 [0.000, 0.490]    0.500 [0.150, 0.850]    0.500 [0.150, 0.850]    0.500 [0.150, 0.850]    0.250 [0.046, 0.699]    0.250 [0.046, 0.699]    0.000 [0.000, 0.490]    0.500 [0.150, 0.850]    0.750 [0.301, 0.954]
1024 games in 404.545s (2.5 games/s)
wrote C:\Users\agban\projects\arena\results\sweep1\c08-screen.json


=== summary ===
h0:osteps=6 vs h0
games: 1024  decisive: 1024  draws: 0
policy_a win rate: 0.506 [0.475, 0.536]
first-player win rate: 0.543
mean turns: 8.60  mean actions: 80.75
end: lethal=1023 deckout=1 turn_cap=0 action_cap=0 no_legal=0 illegal=0
404.545s  2.53 games/s  cpus=28
per deck:
  abyss-p8rfn: policy_a (row) 0.812  policy_b (col) 0.844
  abyss-pool: policy_a (row) 0.391  policy_b (col) 0.438
  afnm-minatodao: policy_a (row) 0.812  policy_b (col) 0.797
  basic-forest: policy_a (row) 0.172  policy_b (col) 0.109
  basic-portal: policy_a (row) 0.344  policy_b (col) 0.172
  basic-rune: policy_a (row) 0.156  policy_b (col) 0.094
  dragon-pool: policy_a (row) 0.562  policy_b (col) 0.578
  elf-neanisu2: policy_a (row) 0.703  policy_b (col) 0.828
  forest-pool: policy_a (row) 0.500  policy_b (col) 0.391
  portal-pool: policy_a (row) 0.344  policy_b (col) 0.391
  ramp-37772: policy_a (row) 0.656  policy_b (col) 0.609
  ramp-claywies: policy_a (row) 0.625  policy_b (col) 0.672
  royal-nattui: policy_a (row) 0.734  policy_b (col) 0.641
  rune-mach15: policy_a (row) 0.531  policy_b (col) 0.703
  rune-pool: policy_a (row) 0.250  policy_b (col) 0.203
  sword-pool: policy_a (row) 0.500  policy_b (col) 0.438
