pool: meta
decks: 16 (meta-abyss-aggro, meta-abyss-midrange, meta-dragon-aggro, meta-dragon-ramp, meta-forest-combo, meta-haven-amulet, meta-haven-evo, meta-haven-kukishiro, meta-portal-af, meta-portal-cutthroat, meta-portal-evo, meta-rune-crystal, meta-rune-spell, meta-rune-test-subject, meta-sword-loot, meta-sword-rally)
pairs: 256 (16 x 16, mirrors included)
games    16 games/pair x 256 =  4096
matchup: 16 decks × 16 games = 4096 games (seed=1, policy_a=h0:net=results/net4-meta/linear.json, policy_b=h0, first=alternate, threads=None)
Win rate (row = A, col = B; cell = A's win rate)
                              meta-abyss-aggro     meta-abyss-midrange       meta-dragon-aggro        meta-dragon-ramp       meta-forest-combo       meta-haven-amulet          meta-haven-evo    meta-haven-kukishiro          meta-portal-af   meta-portal-cutthroat         meta-portal-evo       meta-rune-crystal         meta-rune-spell  meta-rune-test-subject         meta-sword-loot        meta-sword-rally
meta-abyss-aggro                         0.438                   0.625                   0.375                   0.750                   0.438                   0.875                   0.812                   0.750                   0.312                   0.375                   0.375                   0.625                   0.625                   0.500                   0.562                   0.562
meta-abyss-midrange                      0.875                   0.438                   0.812                   0.875                   0.875                   0.750                   0.438                   1.000                   0.625                   0.812                   0.438                   0.938                   0.750                   0.875                   0.688                   0.500
meta-dragon-aggro                        0.625                   0.312                   0.438                   0.688                   0.438                   0.875                   0.688                   0.750                   0.438                   0.750                   0.438                   0.688                   0.562                   0.562                   0.375                   0.312
meta-dragon-ramp                         0.188                   0.438                   0.188                   0.688                   0.375                   0.875                   0.375                   0.812                   0.188                   0.375                   0.125                   0.750                   0.562                   0.500                   0.312                   0.250
meta-forest-combo                        0.500                   0.125                   0.438                   0.500                   0.375                   0.500                   0.375                   0.750                   0.312                   0.250                   0.250                   0.750                   0.688                   0.562                   0.562                   0.062
meta-haven-amulet                        0.250                   0.125                   0.188                   0.250                   0.375                   0.562                   0.438                   0.875                   0.250                   0.562                   0.188                   0.812                   0.562                   0.438                   0.125                   0.312
meta-haven-evo                           0.312                   0.625                   0.562                   0.625                   0.750                   0.750                   0.438                   1.000                   0.625                   0.812                   0.688                   0.750                   0.500                   0.625                   0.438                   0.688
meta-haven-kukishiro                     0.188                   0.000                   0.188                   0.062                   0.250                   0.188                   0.062                   0.375                   0.062                   0.000                   0.000                   0.625                   0.438                   0.000                   0.125                   0.000
meta-portal-af                           0.625                   0.312                   0.500                   0.625                   0.750                   0.875                   0.250                   0.938                   0.438                   0.688                   0.438                   0.938                   0.812                   0.812                   0.875                   0.500
meta-portal-cutthroat                    0.438                   0.250                   0.375                   0.562                   0.250                   0.750                   0.250                   1.000                   0.125                   0.312                   0.250                   0.750                   0.625                   0.750                   0.500                   0.438
meta-portal-evo                          0.812                   0.625                   0.750                   0.750                   0.812                   0.938                   0.625                   0.938                   0.500                   0.938                   0.438                   0.875                   0.812                   0.875                   0.812                   0.312
meta-rune-crystal                        0.438                   0.000                   0.250                   0.625                   0.312                   0.625                   0.125                   0.500                   0.125                   0.188                   0.062                   0.500                   0.375                   0.375                   0.188                   0.000
meta-rune-spell                          0.250                   0.250                   0.188                   0.375                   0.188                   0.500                   0.250                   0.562                   0.312                   0.188                   0.062                   0.500                   0.688                   0.688                   0.500                   0.125
meta-rune-test-subject                   0.438                   0.250                   0.500                   0.562                   0.375                   0.750                   0.250                   0.938                   0.125                   0.562                   0.062                   0.812                   0.500                   0.625                   0.375                   0.188
meta-sword-loot                          0.750                   0.375                   0.250                   0.625                   0.250                   0.938                   0.500                   0.812                   0.438                   0.812                   0.250                   0.875                   0.438                   0.750                   0.562                   0.250
meta-sword-rally                         0.688                   0.500                   0.562                   0.562                   0.625                   0.875                   0.500                   1.000                   0.438                   0.812                   0.438                   0.938                   1.000                   0.750                   0.625                   0.438

First-player win rate / mean turns
                              meta-abyss-aggro     meta-abyss-midrange       meta-dragon-aggro        meta-dragon-ramp       meta-forest-combo       meta-haven-amulet          meta-haven-evo    meta-haven-kukishiro          meta-portal-af   meta-portal-cutthroat         meta-portal-evo       meta-rune-crystal         meta-rune-spell  meta-rune-test-subject         meta-sword-loot        meta-sword-rally
meta-abyss-aggro                 0.812 /   6.8           0.625 /   6.4           0.500 /   6.5           0.375 /   6.4           0.562 /   6.8           0.625 /   6.4           0.562 /   6.9           0.625 /   7.8           0.438 /   7.1           0.500 /   7.6           0.500 /   7.1           0.625 /   7.6           0.625 /   7.1           0.375 /   7.3           0.438 /   6.9           0.688 /   6.8
meta-abyss-midrange              0.625 /   7.3           0.438 /   8.8           0.438 /   7.4           0.500 /   7.3           0.375 /   7.8           0.500 /   8.4           0.688 /   8.4           0.500 /   8.6           0.500 /   8.2           0.562 /   7.7           0.562 /   8.0           0.562 /   7.5           0.375 /   7.3           0.625 /   9.1           0.438 /   8.2           0.500 /   8.2
meta-dragon-aggro                0.500 /   7.0           0.438 /   7.6           0.438 /   6.8           0.562 /   7.6           0.812 /   7.5           0.500 /   7.2           0.812 /   7.2           0.500 /   8.0           0.188 /   7.4           0.500 /   7.4           0.688 /   7.2           0.688 /   7.4           0.562 /   6.9           0.688 /   8.0           0.500 /   7.9           0.438 /   7.2
meta-dragon-ramp                 0.688 /   6.6           0.688 /   8.9           0.562 /   7.0           0.562 /   9.2           0.375 /   8.2           0.375 /  12.5           0.750 /  10.2           0.562 /  11.4           0.562 /   8.4           0.500 /   8.4           0.625 /   8.1           0.500 /   8.2           0.812 /   8.1           0.625 /   8.8           0.438 /   7.6           0.500 /   8.4
meta-forest-combo                0.375 /   7.8           0.500 /   8.5           0.438 /   8.1           0.625 /   8.6           0.500 /   8.1           0.375 /  10.6           0.750 /   8.2           0.500 /  10.8           0.562 /   8.6           0.500 /   8.4           0.500 /   8.1           0.625 /   9.9           0.562 /   8.7           0.438 /   8.8           0.562 /   8.8           0.562 /   8.2
meta-haven-amulet                0.625 /   7.6           0.500 /   8.7           0.562 /   7.6           0.625 /  10.1           0.500 /  10.9           0.438 /  14.9           0.438 /  11.4           0.375 /  13.8           0.750 /   9.6           0.812 /  11.3           0.312 /  10.8           0.562 /  11.2           0.812 /  10.6           0.688 /  10.2           0.625 /   7.9           0.688 /   8.2
meta-haven-evo                   0.562 /   7.0           0.500 /   9.7           0.562 /   8.3           0.500 /  11.8           0.500 /   9.7           0.500 /  13.2           0.562 /  12.1           0.500 /  11.3           0.875 /   9.2           0.562 /   9.6           0.688 /  10.2           0.625 /   8.9           0.750 /   9.0           0.750 /   9.4           0.688 /   8.9           0.812 /   8.6
meta-haven-kukishiro             0.688 /   8.4           0.500 /   8.3           0.562 /   8.5           0.562 /   9.7           0.625 /   9.4           0.438 /  15.1           0.562 /  10.9           0.500 /  16.5           0.562 /   9.2           0.500 /  10.2           0.500 /   8.4           0.625 /  12.2           0.812 /  10.6           0.500 /  10.5           0.500 /   9.6           0.500 /   8.3
meta-portal-af                   0.375 /   7.3           0.438 /   8.4           0.500 /   7.6           0.625 /   8.5           0.500 /   8.3           0.500 /   9.3           0.625 /   8.2           0.438 /   8.1           0.688 /   9.2           0.688 /   9.1           0.438 /   8.4           0.438 /   7.4           0.562 /   8.8           0.312 /   8.2           0.500 /   8.2           0.625 /   8.2
meta-portal-cutthroat            0.438 /   7.4           0.625 /   8.2           0.500 /   7.7           0.312 /   7.9           0.750 /   8.9           0.625 /   9.9           0.750 /   9.4           0.500 /  11.4           0.625 /   8.7           0.312 /   8.7           0.500 /   8.2           0.625 /   9.0           0.500 /   8.3           0.375 /   8.9           0.625 /   8.6           0.438 /   7.4
meta-portal-evo                  0.562 /   7.8           0.500 /   8.1           0.375 /   7.8           0.625 /   8.0           0.562 /   8.3           0.438 /   9.1           0.625 /   9.1           0.438 /   8.8           0.500 /   8.6           0.562 /   9.2           0.562 /   8.9           0.625 /   8.1           0.438 /   8.2           0.500 /   8.3           0.688 /   8.4           0.562 /   7.4
meta-rune-crystal                0.312 /   6.9           0.500 /   8.4           0.375 /   6.7           0.625 /   8.2           0.562 /   8.0           0.375 /  10.6           0.625 /   8.8           0.500 /  11.6           0.625 /   7.9           0.438 /   8.2           0.562 /   8.0           0.750 /   8.7           0.625 /   7.5           0.625 /   9.5           0.438 /   8.2           0.500 /   7.1
meta-rune-spell                  0.500 /   6.5           0.500 /   7.6           0.562 /   6.6           0.625 /   8.2           0.562 /   7.6           0.625 /  10.9           0.625 /   8.9           0.562 /  11.8           0.688 /   7.4           0.688 /   7.8           0.562 /   7.9           0.375 /   7.8           0.812 /   7.8           0.438 /   8.1           0.625 /   7.7           0.500 /   7.5
meta-rune-test-subject           0.562 /   7.5           0.500 /   7.8           0.375 /   7.1           0.438 /   7.9           0.750 /   8.7           0.625 /   8.9           0.750 /   9.8           0.562 /   8.7           0.375 /   8.2           0.438 /   8.5           0.438 /   8.1           0.562 /   7.8           0.625 /   8.1           0.625 /   8.7           0.625 /   8.1           0.438 /   7.7
meta-sword-loot                  0.500 /   7.4           0.500 /   7.4           0.500 /   7.7           0.500 /   7.9           0.500 /   8.2           0.438 /   6.6           0.750 /   8.1           0.688 /   8.8           0.562 /   8.1           0.312 /   7.1           0.500 /   7.9           0.500 /   7.5           0.562 /   8.1           0.625 /   8.1           0.562 /   7.5           0.625 /   7.7
meta-sword-rally                 0.438 /   6.9           0.625 /   8.1           0.562 /   7.1           0.562 /   7.4           0.625 /   8.5           0.500 /   9.1           0.625 /   7.9           0.500 /   8.3           0.812 /   8.3           0.438 /   8.1           0.562 /   8.9           0.562 /   7.4           0.500 /   7.6           0.500 /   9.0           0.750 /   7.6           0.312 /   7.5

A win rate over decisive games, Wilson 95% [lo, hi]
                              meta-abyss-aggro     meta-abyss-midrange       meta-dragon-aggro        meta-dragon-ramp       meta-forest-combo       meta-haven-amulet          meta-haven-evo    meta-haven-kukishiro          meta-portal-af   meta-portal-cutthroat         meta-portal-evo       meta-rune-crystal         meta-rune-spell  meta-rune-test-subject         meta-sword-loot        meta-sword-rally
meta-abyss-aggro          0.438 [0.231, 0.668]    0.625 [0.386, 0.815]    0.375 [0.185, 0.614]    0.750 [0.505, 0.898]    0.438 [0.231, 0.668]    0.875 [0.640, 0.965]    0.812 [0.570, 0.934]    0.750 [0.505, 0.898]    0.312 [0.142, 0.556]    0.375 [0.185, 0.614]    0.375 [0.185, 0.614]    0.625 [0.386, 0.815]    0.625 [0.386, 0.815]    0.500 [0.280, 0.720]    0.562 [0.332, 0.769]    0.562 [0.332, 0.769]
meta-abyss-midrange       0.875 [0.640, 0.965]    0.438 [0.231, 0.668]    0.812 [0.570, 0.934]    0.875 [0.640, 0.965]    0.875 [0.640, 0.965]    0.750 [0.505, 0.898]    0.438 [0.231, 0.668]    1.000 [0.806, 1.000]    0.625 [0.386, 0.815]    0.812 [0.570, 0.934]    0.438 [0.231, 0.668]    0.938 [0.717, 0.989]    0.750 [0.505, 0.898]    0.875 [0.640, 0.965]    0.688 [0.444, 0.858]    0.500 [0.280, 0.720]
meta-dragon-aggro         0.625 [0.386, 0.815]    0.312 [0.142, 0.556]    0.438 [0.231, 0.668]    0.688 [0.444, 0.858]    0.438 [0.231, 0.668]    0.875 [0.640, 0.965]    0.688 [0.444, 0.858]    0.750 [0.505, 0.898]    0.438 [0.231, 0.668]    0.750 [0.505, 0.898]    0.438 [0.231, 0.668]    0.688 [0.444, 0.858]    0.562 [0.332, 0.769]    0.562 [0.332, 0.769]    0.375 [0.185, 0.614]    0.312 [0.142, 0.556]
meta-dragon-ramp          0.188 [0.066, 0.430]    0.438 [0.231, 0.668]    0.188 [0.066, 0.430]    0.688 [0.444, 0.858]    0.375 [0.185, 0.614]    0.875 [0.640, 0.965]    0.375 [0.185, 0.614]    0.812 [0.570, 0.934]    0.188 [0.066, 0.430]    0.375 [0.185, 0.614]    0.125 [0.035, 0.360]    0.750 [0.505, 0.898]    0.562 [0.332, 0.769]    0.500 [0.280, 0.720]    0.312 [0.142, 0.556]    0.250 [0.102, 0.495]
meta-forest-combo         0.500 [0.280, 0.720]    0.125 [0.035, 0.360]    0.438 [0.231, 0.668]    0.500 [0.280, 0.720]    0.375 [0.185, 0.614]    0.500 [0.280, 0.720]    0.375 [0.185, 0.614]    0.750 [0.505, 0.898]    0.312 [0.142, 0.556]    0.250 [0.102, 0.495]    0.250 [0.102, 0.495]    0.750 [0.505, 0.898]    0.688 [0.444, 0.858]    0.562 [0.332, 0.769]    0.562 [0.332, 0.769]    0.062 [0.011, 0.283]
meta-haven-amulet         0.250 [0.102, 0.495]    0.125 [0.035, 0.360]    0.188 [0.066, 0.430]    0.250 [0.102, 0.495]    0.375 [0.185, 0.614]    0.562 [0.332, 0.769]    0.438 [0.231, 0.668]    0.875 [0.640, 0.965]    0.250 [0.102, 0.495]    0.562 [0.332, 0.769]    0.188 [0.066, 0.430]    0.812 [0.570, 0.934]    0.562 [0.332, 0.769]    0.438 [0.231, 0.668]    0.125 [0.035, 0.360]    0.312 [0.142, 0.556]
meta-haven-evo            0.312 [0.142, 0.556]    0.625 [0.386, 0.815]    0.562 [0.332, 0.769]    0.625 [0.386, 0.815]    0.750 [0.505, 0.898]    0.750 [0.505, 0.898]    0.438 [0.231, 0.668]    1.000 [0.806, 1.000]    0.625 [0.386, 0.815]    0.812 [0.570, 0.934]    0.688 [0.444, 0.858]    0.750 [0.505, 0.898]    0.500 [0.280, 0.720]    0.625 [0.386, 0.815]    0.438 [0.231, 0.668]    0.688 [0.444, 0.858]
meta-haven-kukishiro      0.188 [0.066, 0.430]    0.000 [0.000, 0.194]    0.188 [0.066, 0.430]    0.062 [0.011, 0.283]    0.250 [0.102, 0.495]    0.188 [0.066, 0.430]    0.062 [0.011, 0.283]    0.375 [0.185, 0.614]    0.062 [0.011, 0.283]    0.000 [0.000, 0.194]    0.000 [0.000, 0.194]    0.625 [0.386, 0.815]    0.438 [0.231, 0.668]    0.000 [0.000, 0.194]    0.125 [0.035, 0.360]    0.000 [0.000, 0.194]
meta-portal-af            0.625 [0.386, 0.815]    0.312 [0.142, 0.556]    0.500 [0.280, 0.720]    0.625 [0.386, 0.815]    0.750 [0.505, 0.898]    0.875 [0.640, 0.965]    0.250 [0.102, 0.495]    0.938 [0.717, 0.989]    0.438 [0.231, 0.668]    0.688 [0.444, 0.858]    0.438 [0.231, 0.668]    0.938 [0.717, 0.989]    0.812 [0.570, 0.934]    0.812 [0.570, 0.934]    0.875 [0.640, 0.965]    0.500 [0.280, 0.720]
meta-portal-cutthroat     0.438 [0.231, 0.668]    0.250 [0.102, 0.495]    0.375 [0.185, 0.614]    0.562 [0.332, 0.769]    0.250 [0.102, 0.495]    0.750 [0.505, 0.898]    0.250 [0.102, 0.495]    1.000 [0.806, 1.000]    0.125 [0.035, 0.360]    0.312 [0.142, 0.556]    0.250 [0.102, 0.495]    0.750 [0.505, 0.898]    0.625 [0.386, 0.815]    0.750 [0.505, 0.898]    0.500 [0.280, 0.720]    0.438 [0.231, 0.668]
meta-portal-evo           0.812 [0.570, 0.934]    0.625 [0.386, 0.815]    0.750 [0.505, 0.898]    0.750 [0.505, 0.898]    0.812 [0.570, 0.934]    0.938 [0.717, 0.989]    0.625 [0.386, 0.815]    0.938 [0.717, 0.989]    0.500 [0.280, 0.720]    0.938 [0.717, 0.989]    0.438 [0.231, 0.668]    0.875 [0.640, 0.965]    0.812 [0.570, 0.934]    0.875 [0.640, 0.965]    0.812 [0.570, 0.934]    0.312 [0.142, 0.556]
meta-rune-crystal         0.438 [0.231, 0.668]    0.000 [0.000, 0.194]    0.250 [0.102, 0.495]    0.625 [0.386, 0.815]    0.312 [0.142, 0.556]    0.625 [0.386, 0.815]    0.125 [0.035, 0.360]    0.500 [0.280, 0.720]    0.125 [0.035, 0.360]    0.188 [0.066, 0.430]    0.062 [0.011, 0.283]    0.500 [0.280, 0.720]    0.375 [0.185, 0.614]    0.375 [0.185, 0.614]    0.188 [0.066, 0.430]    0.000 [0.000, 0.194]
meta-rune-spell           0.250 [0.102, 0.495]    0.250 [0.102, 0.495]    0.188 [0.066, 0.430]    0.375 [0.185, 0.614]    0.188 [0.066, 0.430]    0.500 [0.280, 0.720]    0.250 [0.102, 0.495]    0.562 [0.332, 0.769]    0.312 [0.142, 0.556]    0.188 [0.066, 0.430]    0.062 [0.011, 0.283]    0.500 [0.280, 0.720]    0.688 [0.444, 0.858]    0.688 [0.444, 0.858]    0.500 [0.280, 0.720]    0.125 [0.035, 0.360]
meta-rune-test-subject    0.438 [0.231, 0.668]    0.250 [0.102, 0.495]    0.500 [0.280, 0.720]    0.562 [0.332, 0.769]    0.375 [0.185, 0.614]    0.750 [0.505, 0.898]    0.250 [0.102, 0.495]    0.938 [0.717, 0.989]    0.125 [0.035, 0.360]    0.562 [0.332, 0.769]    0.062 [0.011, 0.283]    0.812 [0.570, 0.934]    0.500 [0.280, 0.720]    0.625 [0.386, 0.815]    0.375 [0.185, 0.614]    0.188 [0.066, 0.430]
meta-sword-loot           0.750 [0.505, 0.898]    0.375 [0.185, 0.614]    0.250 [0.102, 0.495]    0.625 [0.386, 0.815]    0.250 [0.102, 0.495]    0.938 [0.717, 0.989]    0.500 [0.280, 0.720]    0.812 [0.570, 0.934]    0.438 [0.231, 0.668]    0.812 [0.570, 0.934]    0.250 [0.102, 0.495]    0.875 [0.640, 0.965]    0.438 [0.231, 0.668]    0.750 [0.505, 0.898]    0.562 [0.332, 0.769]    0.250 [0.102, 0.495]
meta-sword-rally          0.688 [0.444, 0.858]    0.500 [0.280, 0.720]    0.562 [0.332, 0.769]    0.562 [0.332, 0.769]    0.625 [0.386, 0.815]    0.875 [0.640, 0.965]    0.500 [0.280, 0.720]    1.000 [0.806, 1.000]    0.438 [0.231, 0.668]    0.812 [0.570, 0.934]    0.438 [0.231, 0.668]    0.938 [0.717, 0.989]    1.000 [0.806, 1.000]    0.750 [0.505, 0.898]    0.625 [0.386, 0.815]    0.438 [0.231, 0.668]

=== summary ===
h0:net=results/net4-meta/linear.json vs h0
games: 4096  decisive: 4096  draws: 0
policy_a win rate: 0.507 [0.492, 0.522]
first-player win rate: 0.550
mean turns: 8.51  mean actions: 83.15
end: lethal=4046 deckout=50 turn_cap=0 action_cap=0 no_legal=0 illegal=0
2132.162s  1.92 games/s  cpus=28
per deck:
  meta-abyss-aggro: policy_a (row) 0.562  policy_b (col) 0.512
  meta-abyss-midrange: policy_a (row) 0.730  policy_b (col) 0.672
  meta-dragon-aggro: policy_a (row) 0.559  policy_b (col) 0.590
  meta-dragon-ramp: policy_a (row) 0.438  policy_b (col) 0.430
  meta-forest-combo: policy_a (row) 0.438  policy_b (col) 0.535
  meta-haven-amulet: policy_a (row) 0.395  policy_b (col) 0.273
  meta-haven-evo: policy_a (row) 0.637  policy_b (col) 0.602
  meta-haven-kukishiro: policy_a (row) 0.160  policy_b (col) 0.188
  meta-portal-af: policy_a (row) 0.648  policy_b (col) 0.668
  meta-portal-cutthroat: policy_a (row) 0.477  policy_b (col) 0.473
  meta-portal-evo: policy_a (row) 0.738  policy_b (col) 0.719
  meta-rune-crystal: policy_a (row) 0.293  policy_b (col) 0.242
  meta-rune-spell: policy_a (row) 0.352  policy_b (col) 0.379
  meta-rune-test-subject: policy_a (row) 0.457  policy_b (col) 0.395
  meta-sword-loot: policy_a (row) 0.555  policy_b (col) 0.523
  meta-sword-rally: policy_a (row) 0.672  policy_b (col) 0.691

4096 games in 2132.162s (1.9 games/s)
wrote C:\Users\agban\projects\arena\results\sweep12\c01-final.json
