pool: meta
decks: 16 (meta-abyss-aggro, meta-abyss-midrange, meta-dragon-aggro, meta-dragon-ramp, meta-forest-combo, meta-haven-amulet, meta-haven-evo, meta-haven-kukishiro, meta-portal-af, meta-portal-cutthroat, meta-portal-evo, meta-rune-crystal, meta-rune-spell, meta-rune-test-subject, meta-sword-loot, meta-sword-rally)
pairs: 256 (16 x 16, mirrors included)
games     4 games/pair x 256 =  1024
matchup: 16 decks × 4 games = 1024 games (seed=1, policy_a=h0:net=results/net4-meta/mlp.json, policy_b=h0, first=alternate, threads=None)
Win rate (row = A, col = B; cell = A's win rate)
                              meta-abyss-aggro     meta-abyss-midrange       meta-dragon-aggro        meta-dragon-ramp       meta-forest-combo       meta-haven-amulet          meta-haven-evo    meta-haven-kukishiro          meta-portal-af   meta-portal-cutthroat         meta-portal-evo       meta-rune-crystal         meta-rune-spell  meta-rune-test-subject         meta-sword-loot        meta-sword-rally
meta-abyss-aggro                         1.000                   0.500                   1.000                   1.000                   0.250                   1.000                   0.500                   1.000                   0.250                   0.500                   0.250                   1.000                   1.000                   0.500                   0.500                   0.750
meta-abyss-midrange                      0.250                   1.000                   0.250                   0.250                   0.750                   0.500                   0.500                   1.000                   0.500                   1.000                   0.750                   1.000                   1.000                   1.000                   0.500                   0.250
meta-dragon-aggro                        0.750                   0.000                   0.750                   0.500                   0.500                   0.750                   0.500                   1.000                   0.750                   0.750                   0.250                   0.750                   0.750                   1.000                   0.500                   0.750
meta-dragon-ramp                         0.250                   0.500                   0.250                   0.500                   0.250                   0.750                   0.000                   0.750                   0.000                   0.500                   0.500                   0.750                   0.500                   0.500                   0.250                   0.250
meta-forest-combo                        0.250                   0.250                   0.250                   0.250                   0.750                   0.750                   0.500                   0.750                   0.000                   0.000                   0.000                   0.750                   0.500                   0.500                   0.250                   0.000
meta-haven-amulet                        0.500                   0.250                   0.250                   0.000                   0.250                   0.750                   0.000                   1.000                   0.000                   0.750                   0.250                   0.250                   0.500                   0.000                   0.250                   0.000
meta-haven-evo                           0.250                   0.500                   0.500                   0.750                   0.750                   1.000                   0.250                   1.000                   0.750                   0.750                   0.500                   0.750                   0.750                   1.000                   0.500                   0.250
meta-haven-kukishiro                     0.000                   0.000                   0.000                   0.000                   0.250                   0.500                   0.000                   0.250                   0.000                   0.000                   0.000                   0.250                   0.250                   0.000                   0.000                   0.000
meta-portal-af                           0.750                   0.500                   0.750                   0.500                   0.500                   0.750                   0.750                   1.000                   0.750                   0.750                   0.250                   1.000                   0.750                   0.500                   0.500                   1.000
meta-portal-cutthroat                    0.500                   0.250                   0.250                   0.000                   0.250                   0.500                   0.250                   0.750                   0.000                   0.750                   0.250                   0.500                   0.500                   0.250                   0.250                   0.250
meta-portal-evo                          0.750                   0.250                   0.750                   0.750                   1.000                   0.500                   0.250                   0.750                   0.500                   0.750                   0.250                   1.000                   0.750                   1.000                   0.500                   0.500
meta-rune-crystal                        0.000                   0.000                   0.250                   0.500                   0.000                   0.500                   0.250                   0.750                   0.000                   0.000                   0.000                   0.250                   0.750                   0.000                   0.250                   0.000
meta-rune-spell                          0.250                   0.250                   0.750                   0.250                   0.500                   0.750                   0.250                   0.750                   0.250                   0.500                   0.000                   0.250                   0.750                   0.750                   0.500                   0.000
meta-rune-test-subject                   0.500                   0.250                   0.750                   0.250                   0.250                   0.750                   0.750                   1.000                   0.250                   0.750                   0.250                   1.000                   0.500                   0.750                   0.250                   0.250
meta-sword-loot                          0.500                   0.250                   0.500                   1.000                   0.500                   1.000                   0.500                   0.500                   0.250                   0.500                   0.500                   0.500                   0.500                   1.000                   0.250                   0.250
meta-sword-rally                         0.250                   0.750                   0.250                   0.500                   1.000                   0.500                   0.000                   0.750                   0.000                   1.000                   0.000                   1.000                   1.000                   1.000                   0.750                   0.250

First-player win rate / mean turns
                              meta-abyss-aggro     meta-abyss-midrange       meta-dragon-aggro        meta-dragon-ramp       meta-forest-combo       meta-haven-amulet          meta-haven-evo    meta-haven-kukishiro          meta-portal-af   meta-portal-cutthroat         meta-portal-evo       meta-rune-crystal         meta-rune-spell  meta-rune-test-subject         meta-sword-loot        meta-sword-rally
meta-abyss-aggro                 0.500 /   6.0           0.500 /   6.8           0.500 /   7.2           0.500 /   6.5           0.250 /   5.8           0.500 /   5.5           0.500 /   8.0           0.500 /   7.2           0.250 /   6.8           0.500 /   6.2           0.750 /   7.0           0.500 /   6.2           0.500 /   5.8           0.000 /   6.5           0.500 /   6.8           0.250 /   6.5
meta-abyss-midrange              0.750 /   6.8           0.500 /  10.2           0.250 /   6.8           0.250 /   7.0           0.250 /   8.2           0.500 /  10.0           0.500 /   8.8           0.500 /   8.0           0.000 /   7.5           0.500 /   8.8           0.750 /   9.2           0.500 /   8.2           0.500 /   9.0           0.500 /   9.5           0.000 /   7.0           0.750 /   7.8
meta-dragon-aggro                0.750 /   6.8           0.500 /   6.8           0.750 /   7.2           0.500 /   6.8           0.500 /   6.5           0.750 /   6.5           0.500 /   7.5           0.500 /   6.2           0.750 /   7.0           0.750 /   7.0           0.750 /   8.0           0.750 /   6.5           0.250 /   5.5           0.500 /   7.0           1.000 /   7.0           0.250 /   6.8
meta-dragon-ramp                 0.750 /   6.8           1.000 /   7.0           0.250 /   7.2           0.500 /   9.5           0.250 /   7.8           0.250 /  10.5           0.500 /   9.2           0.750 /  10.0           0.500 /   7.2           0.500 /  11.0           1.000 /   7.8           0.750 /   8.2           1.000 /   7.2           0.500 /   7.8           0.750 /   8.5           0.750 /   7.2
meta-forest-combo                0.250 /   7.2           0.250 /   8.0           0.750 /   7.8           0.250 /   8.8           0.750 /   9.0           0.750 /  10.0           0.500 /   8.2           0.750 /   8.8           0.500 /   8.2           0.500 /   8.0           0.500 /   8.0           0.750 /  11.0           1.000 /   9.5           1.000 /   9.0           0.750 /   8.8           0.500 /   8.8
meta-haven-amulet                1.000 /   9.2           0.750 /   9.8           0.750 /   7.5           0.500 /  10.0           0.750 /   9.2           0.250 /  13.2           0.500 /  11.2           0.500 /  15.0           0.500 /   6.2           0.750 /  11.0           0.250 /  10.5           0.250 /   9.2           1.000 /  11.2           0.500 /  10.0           0.250 /   8.2           0.500 /   8.0
meta-haven-evo                   0.750 /   7.0           1.000 /   9.5           0.500 /   8.5           0.750 /  13.2           0.250 /   9.2           0.500 /  10.8           0.750 /  11.2           0.500 /  10.5           0.750 /   9.8           0.750 /  10.5           1.000 /   9.8           0.750 /   9.2           0.750 /   8.0           0.500 /  10.8           1.000 /   8.8           0.750 /   9.8
meta-haven-kukishiro             0.500 /   7.8           0.500 /   8.2           0.500 /   7.5           0.500 /   9.2           0.250 /  10.8           0.500 /  13.2           0.500 /   9.5           0.250 /  16.2           0.500 /   8.8           0.500 /   9.2           0.500 /   8.2           0.250 /  11.5           0.750 /   8.2           0.500 /   8.5           0.500 /  13.8           0.500 /   7.5
meta-portal-af                   0.750 /   7.5           0.500 /   9.0           0.750 /   8.5           0.500 /   7.8           0.500 /   8.5           0.750 /   9.2           0.250 /   6.8           0.500 /   8.0           0.750 /   9.0           0.750 /   8.5           0.750 /   9.2           0.500 /   7.5           0.750 /   9.5           0.500 /   9.0           0.500 /   8.0           0.500 /  10.2
meta-portal-cutthroat            0.500 /   8.2           0.250 /   7.0           0.250 /   7.5           0.500 /   8.5           0.750 /   9.0           0.500 /  11.2           0.750 /   9.8           0.750 /   9.2           0.500 /  10.0           0.250 /   9.8           0.250 /  10.0           0.500 /   8.0           0.000 /   9.8           0.750 /   8.2           0.750 /   8.2           0.750 /   7.8
meta-portal-evo                  0.250 /   7.8           0.750 /   8.8           0.250 /   8.0           0.750 /   8.8           0.500 /   9.0           0.500 /  10.2           0.750 /   8.8           0.750 /  11.0           1.000 /   9.0           0.750 /   8.2           0.250 /   7.8           0.500 /   8.5           0.750 /   7.5           0.500 /  10.0           0.500 /   8.2           0.000 /   7.0
meta-rune-crystal                0.500 /   6.5           0.500 /   8.0           0.750 /   7.2           0.500 /   6.5           0.500 /   7.8           0.000 /   8.2           0.750 /   8.0           0.750 /  10.8           0.500 /   7.0           0.500 /   8.5           0.500 /   7.2           0.750 /   8.8           0.750 /   7.2           0.500 /   7.0           0.750 /   8.8           0.500 /   7.5
meta-rune-spell                  0.750 /   7.2           0.250 /   7.5           0.750 /   7.8           0.750 /   9.0           0.500 /   8.2           0.750 /   9.0           0.750 /   9.0           0.250 /  11.0           0.750 /   6.2           0.500 /   8.2           0.500 /   7.8           0.250 /   7.5           0.750 /   7.2           0.750 /   8.2           0.500 /   7.5           0.500 /   7.2
meta-rune-test-subject           0.500 /   7.5           0.750 /   8.5           0.750 /   8.5           0.750 /   9.8           0.750 /   7.8           0.250 /   8.8           0.750 /   8.0           0.500 /  10.0           0.250 /   8.0           0.750 /   9.2           0.750 /   8.2           0.500 /   8.0           0.500 /   7.8           0.750 /   8.8           0.250 /   7.8           0.750 /   8.0
meta-sword-loot                  0.500 /   7.5           0.750 /   7.5           0.500 /   7.0           0.500 /   6.2           1.000 /   7.2           0.500 /   7.2           1.000 /   7.5           0.500 /   6.8           0.250 /   7.5           0.000 /   8.0           0.500 /   8.8           0.500 /   8.5           0.500 /   7.8           0.500 /   7.2           0.750 /   7.5           0.750 /   8.0
meta-sword-rally                 0.750 /   6.8           0.250 /   6.2           0.750 /   7.2           1.000 /   8.2           0.500 /   9.2           0.500 /   9.8           0.500 /   8.5           0.250 /   8.8           0.500 /   8.2           0.500 /   7.0           0.500 /   8.0           0.500 /   7.8           0.500 /   9.0           0.500 /   8.5           0.250 /   7.5           0.250 /   7.8

A win rate over decisive games, Wilson 95% [lo, hi]
                              meta-abyss-aggro     meta-abyss-midrange       meta-dragon-aggro        meta-dragon-ramp       meta-forest-combo       meta-haven-amulet          meta-haven-evo    meta-haven-kukishiro          meta-portal-af   meta-portal-cutthroat         meta-portal-evo       meta-rune-crystal         meta-rune-spell  meta-rune-test-subject         meta-sword-loot        meta-sword-rally
meta-abyss-aggro          1.000 [0.510, 1.000]    0.500 [0.150, 0.850]    1.000 [0.510, 1.000]    1.000 [0.510, 1.000]    0.250 [0.046, 0.699]    1.000 [0.510, 1.000]    0.500 [0.150, 0.850]    1.000 [0.510, 1.000]    0.250 [0.046, 0.699]    0.500 [0.150, 0.850]    0.250 [0.046, 0.699]    1.000 [0.510, 1.000]    1.000 [0.510, 1.000]    0.500 [0.150, 0.850]    0.500 [0.150, 0.850]    0.750 [0.301, 0.954]
meta-abyss-midrange       0.250 [0.046, 0.699]    1.000 [0.510, 1.000]    0.250 [0.046, 0.699]    0.250 [0.046, 0.699]    0.750 [0.301, 0.954]    0.500 [0.150, 0.850]    0.500 [0.150, 0.850]    1.000 [0.510, 1.000]    0.500 [0.150, 0.850]    1.000 [0.510, 1.000]    0.750 [0.301, 0.954]    1.000 [0.510, 1.000]    1.000 [0.510, 1.000]    1.000 [0.510, 1.000]    0.500 [0.150, 0.850]    0.250 [0.046, 0.699]
meta-dragon-aggro         0.750 [0.301, 0.954]    0.000 [0.000, 0.490]    0.750 [0.301, 0.954]    0.500 [0.150, 0.850]    0.500 [0.150, 0.850]    0.750 [0.301, 0.954]    0.500 [0.150, 0.850]    1.000 [0.510, 1.000]    0.750 [0.301, 0.954]    0.750 [0.301, 0.954]    0.250 [0.046, 0.699]    0.750 [0.301, 0.954]    0.750 [0.301, 0.954]    1.000 [0.510, 1.000]    0.500 [0.150, 0.850]    0.750 [0.301, 0.954]
meta-dragon-ramp          0.250 [0.046, 0.699]    0.500 [0.150, 0.850]    0.250 [0.046, 0.699]    0.500 [0.150, 0.850]    0.250 [0.046, 0.699]    0.750 [0.301, 0.954]    0.000 [0.000, 0.490]    0.750 [0.301, 0.954]    0.000 [0.000, 0.490]    0.500 [0.150, 0.850]    0.500 [0.150, 0.850]    0.750 [0.301, 0.954]    0.500 [0.150, 0.850]    0.500 [0.150, 0.850]    0.250 [0.046, 0.699]    0.250 [0.046, 0.699]
meta-forest-combo         0.250 [0.046, 0.699]    0.250 [0.046, 0.699]    0.250 [0.046, 0.699]    0.250 [0.046, 0.699]    0.750 [0.301, 0.954]    0.750 [0.301, 0.954]    0.500 [0.150, 0.850]    0.750 [0.301, 0.954]    0.000 [0.000, 0.490]    0.000 [0.000, 0.490]    0.000 [0.000, 0.490]    0.750 [0.301, 0.954]    0.500 [0.150, 0.850]    0.500 [0.150, 0.850]    0.250 [0.046, 0.699]    0.000 [0.000, 0.490]
meta-haven-amulet         0.500 [0.150, 0.850]    0.250 [0.046, 0.699]    0.250 [0.046, 0.699]    0.000 [0.000, 0.490]    0.250 [0.046, 0.699]    0.750 [0.301, 0.954]    0.000 [0.000, 0.490]    1.000 [0.510, 1.000]    0.000 [0.000, 0.490]    0.750 [0.301, 0.954]    0.250 [0.046, 0.699]    0.250 [0.046, 0.699]    0.500 [0.150, 0.850]    0.000 [0.000, 0.490]    0.250 [0.046, 0.699]    0.000 [0.000, 0.490]
meta-haven-evo            0.250 [0.046, 0.699]    0.500 [0.150, 0.850]    0.500 [0.150, 0.850]    0.750 [0.301, 0.954]    0.750 [0.301, 0.954]    1.000 [0.510, 1.000]    0.250 [0.046, 0.699]    1.000 [0.510, 1.000]    0.750 [0.301, 0.954]    0.750 [0.301, 0.954]    0.500 [0.150, 0.850]    0.750 [0.301, 0.954]    0.750 [0.301, 0.954]    1.000 [0.510, 1.000]    0.500 [0.150, 0.850]    0.250 [0.046, 0.699]
meta-haven-kukishiro      0.000 [0.000, 0.490]    0.000 [0.000, 0.490]    0.000 [0.000, 0.490]    0.000 [0.000, 0.490]    0.250 [0.046, 0.699]    0.500 [0.150, 0.850]    0.000 [0.000, 0.490]    0.250 [0.046, 0.699]    0.000 [0.000, 0.490]    0.000 [0.000, 0.490]    0.000 [0.000, 0.490]    0.250 [0.046, 0.699]    0.250 [0.046, 0.699]    0.000 [0.000, 0.490]    0.000 [0.000, 0.490]    0.000 [0.000, 0.490]
meta-portal-af            0.750 [0.301, 0.954]    0.500 [0.150, 0.850]    0.750 [0.301, 0.954]    0.500 [0.150, 0.850]    0.500 [0.150, 0.850]    0.750 [0.301, 0.954]    0.750 [0.301, 0.954]    1.000 [0.510, 1.000]    0.750 [0.301, 0.954]    0.750 [0.301, 0.954]    0.250 [0.046, 0.699]    1.000 [0.510, 1.000]    0.750 [0.301, 0.954]    0.500 [0.150, 0.850]    0.500 [0.150, 0.850]    1.000 [0.510, 1.000]
meta-portal-cutthroat     0.500 [0.150, 0.850]    0.250 [0.046, 0.699]    0.250 [0.046, 0.699]    0.000 [0.000, 0.490]    0.250 [0.046, 0.699]    0.500 [0.150, 0.850]    0.250 [0.046, 0.699]    0.750 [0.301, 0.954]    0.000 [0.000, 0.490]    0.750 [0.301, 0.954]    0.250 [0.046, 0.699]    0.500 [0.150, 0.850]    0.500 [0.150, 0.850]    0.250 [0.046, 0.699]    0.250 [0.046, 0.699]    0.250 [0.046, 0.699]
meta-portal-evo           0.750 [0.301, 0.954]    0.250 [0.046, 0.699]    0.750 [0.301, 0.954]    0.750 [0.301, 0.954]    1.000 [0.510, 1.000]    0.500 [0.150, 0.850]    0.250 [0.046, 0.699]    0.750 [0.301, 0.954]    0.500 [0.150, 0.850]    0.750 [0.301, 0.954]    0.250 [0.046, 0.699]    1.000 [0.510, 1.000]    0.750 [0.301, 0.954]    1.000 [0.510, 1.000]    0.500 [0.150, 0.850]    0.500 [0.150, 0.850]
meta-rune-crystal         0.000 [0.000, 0.490]    0.000 [0.000, 0.490]    0.250 [0.046, 0.699]    0.500 [0.150, 0.850]    0.000 [0.000, 0.490]    0.500 [0.150, 0.850]    0.250 [0.046, 0.699]    0.750 [0.301, 0.954]    0.000 [0.000, 0.490]    0.000 [0.000, 0.490]    0.000 [0.000, 0.490]    0.250 [0.046, 0.699]    0.750 [0.301, 0.954]    0.000 [0.000, 0.490]    0.250 [0.046, 0.699]    0.000 [0.000, 0.490]
meta-rune-spell           0.250 [0.046, 0.699]    0.250 [0.046, 0.699]    0.750 [0.301, 0.954]    0.250 [0.046, 0.699]    0.500 [0.150, 0.850]    0.750 [0.301, 0.954]    0.250 [0.046, 0.699]    0.750 [0.301, 0.954]    0.250 [0.046, 0.699]    0.500 [0.150, 0.850]    0.000 [0.000, 0.490]    0.250 [0.046, 0.699]    0.750 [0.301, 0.954]    0.750 [0.301, 0.954]    0.500 [0.150, 0.850]    0.000 [0.000, 0.490]
meta-rune-test-subject    0.500 [0.150, 0.850]    0.250 [0.046, 0.699]    0.750 [0.301, 0.954]    0.250 [0.046, 0.699]    0.250 [0.046, 0.699]    0.750 [0.301, 0.954]    0.750 [0.301, 0.954]    1.000 [0.510, 1.000]    0.250 [0.046, 0.699]    0.750 [0.301, 0.954]    0.250 [0.046, 0.699]    1.000 [0.510, 1.000]    0.500 [0.150, 0.850]    0.750 [0.301, 0.954]    0.250 [0.046, 0.699]    0.250 [0.046, 0.699]
meta-sword-loot           0.500 [0.150, 0.850]    0.250 [0.046, 0.699]    0.500 [0.150, 0.850]    1.000 [0.510, 1.000]    0.500 [0.150, 0.850]    1.000 [0.510, 1.000]    0.500 [0.150, 0.850]    0.500 [0.150, 0.850]    0.250 [0.046, 0.699]    0.500 [0.150, 0.850]    0.500 [0.150, 0.850]    0.500 [0.150, 0.850]    0.500 [0.150, 0.850]    1.000 [0.510, 1.000]    0.250 [0.046, 0.699]    0.250 [0.046, 0.699]
meta-sword-rally          0.250 [0.046, 0.699]    0.750 [0.301, 0.954]    0.250 [0.046, 0.699]    0.500 [0.150, 0.850]    1.000 [0.510, 1.000]    0.500 [0.150, 0.850]    0.000 [0.000, 0.490]    0.750 [0.301, 0.954]    0.000 [0.000, 0.490]    1.000 [0.510, 1.000]    0.000 [0.000, 0.490]    1.000 [0.510, 1.000]    1.000 [0.510, 1.000]    1.000 [0.510, 1.000]    0.750 [0.301, 0.954]    0.250 [0.046, 0.699]

=== summary ===
h0:net=results/net4-meta/mlp.json vs h0
games: 1024  decisive: 1024  draws: 0
policy_a win rate: 0.483 [0.453, 0.514]
first-player win rate: 0.556
mean turns: 8.39  mean actions: 82.41
end: lethal=1016 deckout=8 turn_cap=0 action_cap=0 no_legal=0 illegal=0
590.905s  1.73 games/s  cpus=28
per deck:
  meta-abyss-aggro: policy_a (row) 0.688  policy_b (col) 0.578
  meta-abyss-midrange: policy_a (row) 0.656  policy_b (col) 0.656
  meta-dragon-aggro: policy_a (row) 0.641  policy_b (col) 0.531
  meta-dragon-ramp: policy_a (row) 0.406  policy_b (col) 0.562
  meta-forest-combo: policy_a (row) 0.359  policy_b (col) 0.516
  meta-haven-amulet: policy_a (row) 0.312  policy_b (col) 0.297
  meta-haven-evo: policy_a (row) 0.641  policy_b (col) 0.672
  meta-haven-kukishiro: policy_a (row) 0.094  policy_b (col) 0.188
  meta-portal-af: policy_a (row) 0.688  policy_b (col) 0.734
  meta-portal-cutthroat: policy_a (row) 0.344  policy_b (col) 0.422
  meta-portal-evo: policy_a (row) 0.641  policy_b (col) 0.750
  meta-rune-crystal: policy_a (row) 0.219  policy_b (col) 0.312
  meta-rune-spell: policy_a (row) 0.422  policy_b (col) 0.328
  meta-rune-test-subject: policy_a (row) 0.531  policy_b (col) 0.391
  meta-sword-loot: policy_a (row) 0.531  policy_b (col) 0.625
  meta-sword-rally: policy_a (row) 0.562  policy_b (col) 0.703

1024 games in 590.905s (1.7 games/s)
wrote C:\Users\agban\projects\arena\results\sweep12\c02-screen.json
