pool: meta
decks: 16 (meta-abyss-aggro, meta-abyss-midrange, meta-dragon-aggro, meta-dragon-ramp, meta-forest-combo, meta-haven-amulet, meta-haven-evo, meta-haven-kukishiro, meta-portal-af, meta-portal-cutthroat, meta-portal-evo, meta-rune-crystal, meta-rune-spell, meta-rune-test-subject, meta-sword-loot, meta-sword-rally)
pairs: 256 (16 x 16, mirrors included)
games    16 games/pair x 256 =  4096
matchup: 16 decks × 16 games = 4096 games (seed=1, policy_a=h0:net=results/net4-meta/mlp.json, policy_b=h0, first=alternate, threads=None)
Win rate (row = A, col = B; cell = A's win rate)
                              meta-abyss-aggro     meta-abyss-midrange       meta-dragon-aggro        meta-dragon-ramp       meta-forest-combo       meta-haven-amulet          meta-haven-evo    meta-haven-kukishiro          meta-portal-af   meta-portal-cutthroat         meta-portal-evo       meta-rune-crystal         meta-rune-spell  meta-rune-test-subject         meta-sword-loot        meta-sword-rally
meta-abyss-aggro                         0.562                   0.312                   0.500                   0.812                   0.438                   0.938                   0.750                   0.750                   0.312                   0.438                   0.312                   0.688                   0.688                   0.562                   0.500                   0.625
meta-abyss-midrange                      0.500                   0.688                   0.312                   0.625                   0.625                   0.750                   0.625                   0.938                   0.375                   1.000                   0.500                   1.000                   0.750                   0.750                   0.438                   0.500
meta-dragon-aggro                        0.500                   0.250                   0.688                   0.812                   0.375                   0.875                   0.625                   0.938                   0.375                   0.688                   0.500                   0.812                   0.625                   0.812                   0.438                   0.438
meta-dragon-ramp                         0.188                   0.250                   0.312                   0.375                   0.250                   0.562                   0.312                   0.875                   0.250                   0.250                   0.375                   0.500                   0.625                   0.562                   0.375                   0.188
meta-forest-combo                        0.438                   0.062                   0.375                   0.688                   0.562                   0.562                   0.312                   0.688                   0.125                   0.250                   0.250                   0.688                   0.438                   0.375                   0.375                   0.125
meta-haven-amulet                        0.188                   0.312                   0.125                   0.125                   0.500                   0.500                   0.125                   0.812                   0.062                   0.500                   0.188                   0.312                   0.438                   0.250                   0.125                   0.250
meta-haven-evo                           0.312                   0.375                   0.562                   0.500                   0.625                   0.688                   0.125                   1.000                   0.500                   0.500                   0.625                   0.812                   0.562                   0.750                   0.562                   0.375
meta-haven-kukishiro                     0.188                   0.000                   0.188                   0.000                   0.125                   0.125                   0.000                   0.500                   0.000                   0.000                   0.000                   0.500                   0.250                   0.000                   0.062                   0.062
meta-portal-af                           0.625                   0.625                   0.625                   0.375                   0.750                   0.875                   0.438                   1.000                   0.312                   0.688                   0.375                   1.000                   0.625                   0.562                   0.375                   0.688
meta-portal-cutthroat                    0.438                   0.188                   0.438                   0.375                   0.312                   0.688                   0.125                   0.750                   0.125                   0.312                   0.312                   0.750                   0.500                   0.625                   0.250                   0.312
meta-portal-evo                          0.625                   0.188                   0.562                   0.812                   0.875                   0.875                   0.312                   0.875                   0.500                   0.688                   0.188                   0.875                   0.750                   0.875                   0.625                   0.438
meta-rune-crystal                        0.125                   0.000                   0.500                   0.375                   0.312                   0.500                   0.188                   0.625                   0.062                   0.312                   0.000                   0.500                   0.438                   0.125                   0.250                   0.000
meta-rune-spell                          0.312                   0.125                   0.688                   0.375                   0.188                   0.688                   0.188                   0.750                   0.250                   0.375                   0.125                   0.688                   0.375                   0.625                   0.312                   0.125
meta-rune-test-subject                   0.312                   0.250                   0.688                   0.375                   0.438                   0.688                   0.250                   0.875                   0.188                   0.625                   0.188                   0.875                   0.375                   0.438                   0.312                   0.250
meta-sword-loot                          0.562                   0.375                   0.562                   0.688                   0.438                   0.938                   0.500                   0.625                   0.375                   0.750                   0.438                   0.625                   0.375                   0.750                   0.438                   0.312
meta-sword-rally                         0.562                   0.625                   0.500                   0.562                   0.750                   0.688                   0.375                   0.938                   0.375                   0.750                   0.312                   1.000                   0.875                   0.688                   0.688                   0.250

First-player win rate / mean turns
                              meta-abyss-aggro     meta-abyss-midrange       meta-dragon-aggro        meta-dragon-ramp       meta-forest-combo       meta-haven-amulet          meta-haven-evo    meta-haven-kukishiro          meta-portal-af   meta-portal-cutthroat         meta-portal-evo       meta-rune-crystal         meta-rune-spell  meta-rune-test-subject         meta-sword-loot        meta-sword-rally
meta-abyss-aggro                 0.562 /   6.2           0.562 /   6.7           0.375 /   6.7           0.562 /   6.4           0.562 /   6.3           0.562 /   6.2           0.500 /   7.1           0.500 /   7.6           0.562 /   6.5           0.438 /   6.5           0.438 /   6.7           0.438 /   6.4           0.562 /   6.4           0.188 /   6.4           0.500 /   6.6           0.500 /   6.4
meta-abyss-midrange              0.625 /   7.1           0.438 /   8.7           0.562 /   7.2           0.250 /   7.8           0.500 /   8.1           0.375 /   9.1           0.625 /   8.3           0.562 /   7.9           0.375 /   8.1           0.500 /   8.2           0.625 /   8.4           0.500 /   7.6           0.625 /   8.1           0.750 /   9.2           0.438 /   7.9           0.750 /   9.0
meta-dragon-aggro                0.500 /   6.7           0.500 /   6.9           0.562 /   7.6           0.562 /   6.8           0.625 /   6.7           0.500 /   7.2           0.625 /   6.9           0.438 /   7.1           0.625 /   7.1           0.438 /   7.1           0.625 /   7.2           0.562 /   6.8           0.500 /   6.4           0.562 /   6.9           0.562 /   7.2           0.562 /   7.1
meta-dragon-ramp                 0.562 /   6.4           0.750 /   8.7           0.312 /   7.5           0.500 /   9.1           0.500 /   8.2           0.438 /  12.8           0.438 /   9.9           0.625 /  11.0           0.750 /   9.1           0.625 /   8.7           0.750 /   8.3           0.875 /   7.8           0.750 /   8.8           0.562 /   9.0           0.625 /   8.6           0.562 /   7.1
meta-forest-combo                0.438 /   7.6           0.438 /   8.6           0.625 /   8.0           0.312 /   8.2           0.562 /   9.3           0.438 /  10.1           0.562 /   8.6           0.312 /   9.8           0.500 /   8.0           0.500 /   9.2           0.625 /   7.7           0.562 /   9.9           0.688 /   8.2           0.625 /   8.8           0.750 /   8.8           0.500 /   8.7
meta-haven-amulet                0.688 /   7.8           0.812 /   8.9           0.625 /   7.1           0.625 /   9.9           0.750 /  11.2           0.375 /  13.6           0.625 /  12.0           0.562 /  14.1           0.438 /   8.0           0.625 /  11.9           0.438 /   9.1           0.688 /   9.6           0.562 /  11.9           0.500 /   9.8           0.500 /   7.2           0.500 /   9.3
meta-haven-evo                   0.688 /   7.2           0.750 /   8.1           0.562 /   8.4           0.750 /  10.8           0.375 /   8.8           0.688 /  11.8           0.500 /  11.0           0.500 /  11.5           0.875 /   8.8           0.750 /   9.8           0.625 /   9.1           0.562 /   9.0           0.438 /   8.8           0.625 /   9.5           0.812 /   8.9           0.875 /   9.5
meta-haven-kukishiro             0.688 /   8.4           0.500 /   8.3           0.688 /   8.4           0.500 /   9.9           0.375 /  10.4           0.500 /  12.0           0.500 /   9.2           0.375 /  17.1           0.500 /   9.2           0.500 /   9.6           0.500 /   8.4           0.500 /  12.3           0.500 /   9.3           0.500 /   8.8           0.562 /  10.0           0.438 /   8.6
meta-portal-af                   0.250 /   7.2           0.625 /   9.1           0.500 /   7.9           0.625 /   8.1           0.500 /   8.7           0.500 /   8.8           0.438 /   8.1           0.500 /   8.5           0.688 /   8.6           0.688 /   8.5           0.625 /   8.9           0.500 /   7.8           0.625 /   8.2           0.562 /   8.7           0.375 /   8.1           0.438 /   8.8
meta-portal-cutthroat            0.438 /   7.8           0.438 /   8.2           0.312 /   7.5           0.500 /   8.8           0.688 /   8.4           0.562 /  10.1           0.500 /   9.1           0.750 /  10.4           0.625 /   8.7           0.312 /   8.6           0.438 /   8.9           0.500 /   8.5           0.375 /   8.4           0.500 /   8.9           0.625 /   8.9           0.562 /   8.6
meta-portal-evo                  0.625 /   7.4           0.438 /   8.4           0.438 /   7.7           0.688 /   9.0           0.500 /   8.4           0.500 /   9.0           0.688 /   9.3           0.625 /   9.2           0.750 /   8.7           0.562 /   8.2           0.438 /   8.9           0.625 /   8.2           0.500 /   7.6           0.500 /   8.5           0.625 /   8.1           0.312 /   7.8
meta-rune-crystal                0.625 /   7.1           0.500 /   7.3           0.500 /   7.6           0.625 /   7.5           0.688 /   7.9           0.375 /   9.2           0.688 /   8.1           0.625 /  10.4           0.562 /   7.1           0.812 /   8.4           0.500 /   7.4           0.875 /   8.5           0.562 /   7.4           0.375 /   7.5           0.500 /   8.1           0.500 /   7.0
meta-rune-spell                  0.562 /   6.8           0.500 /   7.4           0.812 /   8.1           0.625 /   8.2           0.562 /   7.5           0.812 /   9.6           0.688 /   8.8           0.375 /   9.9           0.625 /   7.4           0.750 /   7.6           0.625 /   8.0           0.438 /   7.8           0.500 /   7.9           0.500 /   7.9           0.562 /   7.6           0.625 /   7.5
meta-rune-test-subject           0.562 /   7.2           0.500 /   8.3           0.688 /   8.4           0.625 /   8.6           0.438 /   8.8           0.438 /   8.3           0.625 /   8.3           0.625 /   8.8           0.562 /   8.2           0.625 /   8.6           0.562 /   8.8           0.625 /   8.1           0.750 /   8.2           0.562 /   8.2           0.438 /   7.8           0.625 /   7.9
meta-sword-loot                  0.438 /   6.8           0.625 /   7.7           0.688 /   7.6           0.562 /   7.1           0.812 /   7.6           0.438 /   7.4           0.750 /   7.7           0.500 /   7.5           0.500 /   7.2           0.375 /   7.8           0.562 /   8.1           0.500 /   8.2           0.375 /   7.7           0.625 /   7.8           0.688 /   7.8           0.688 /   7.5
meta-sword-rally                 0.562 /   7.4           0.375 /   7.4           0.625 /   7.1           0.812 /   8.4           0.500 /   8.2           0.562 /   8.4           0.625 /   8.2           0.438 /   7.6           0.750 /   7.9           0.625 /   7.7           0.562 /   7.4           0.500 /   7.1           0.625 /   7.9           0.562 /   8.2           0.438 /   7.1           0.500 /   8.2

A win rate over decisive games, Wilson 95% [lo, hi]
                              meta-abyss-aggro     meta-abyss-midrange       meta-dragon-aggro        meta-dragon-ramp       meta-forest-combo       meta-haven-amulet          meta-haven-evo    meta-haven-kukishiro          meta-portal-af   meta-portal-cutthroat         meta-portal-evo       meta-rune-crystal         meta-rune-spell  meta-rune-test-subject         meta-sword-loot        meta-sword-rally
meta-abyss-aggro          0.562 [0.332, 0.769]    0.312 [0.142, 0.556]    0.500 [0.280, 0.720]    0.812 [0.570, 0.934]    0.438 [0.231, 0.668]    0.938 [0.717, 0.989]    0.750 [0.505, 0.898]    0.750 [0.505, 0.898]    0.312 [0.142, 0.556]    0.438 [0.231, 0.668]    0.312 [0.142, 0.556]    0.688 [0.444, 0.858]    0.688 [0.444, 0.858]    0.562 [0.332, 0.769]    0.500 [0.280, 0.720]    0.625 [0.386, 0.815]
meta-abyss-midrange       0.500 [0.280, 0.720]    0.688 [0.444, 0.858]    0.312 [0.142, 0.556]    0.625 [0.386, 0.815]    0.625 [0.386, 0.815]    0.750 [0.505, 0.898]    0.625 [0.386, 0.815]    0.938 [0.717, 0.989]    0.375 [0.185, 0.614]    1.000 [0.806, 1.000]    0.500 [0.280, 0.720]    1.000 [0.806, 1.000]    0.750 [0.505, 0.898]    0.750 [0.505, 0.898]    0.438 [0.231, 0.668]    0.500 [0.280, 0.720]
meta-dragon-aggro         0.500 [0.280, 0.720]    0.250 [0.102, 0.495]    0.688 [0.444, 0.858]    0.812 [0.570, 0.934]    0.375 [0.185, 0.614]    0.875 [0.640, 0.965]    0.625 [0.386, 0.815]    0.938 [0.717, 0.989]    0.375 [0.185, 0.614]    0.688 [0.444, 0.858]    0.500 [0.280, 0.720]    0.812 [0.570, 0.934]    0.625 [0.386, 0.815]    0.812 [0.570, 0.934]    0.438 [0.231, 0.668]    0.438 [0.231, 0.668]
meta-dragon-ramp          0.188 [0.066, 0.430]    0.250 [0.102, 0.495]    0.312 [0.142, 0.556]    0.375 [0.185, 0.614]    0.250 [0.102, 0.495]    0.562 [0.332, 0.769]    0.312 [0.142, 0.556]    0.875 [0.640, 0.965]    0.250 [0.102, 0.495]    0.250 [0.102, 0.495]    0.375 [0.185, 0.614]    0.500 [0.280, 0.720]    0.625 [0.386, 0.815]    0.562 [0.332, 0.769]    0.375 [0.185, 0.614]    0.188 [0.066, 0.430]
meta-forest-combo         0.438 [0.231, 0.668]    0.062 [0.011, 0.283]    0.375 [0.185, 0.614]    0.688 [0.444, 0.858]    0.562 [0.332, 0.769]    0.562 [0.332, 0.769]    0.312 [0.142, 0.556]    0.688 [0.444, 0.858]    0.125 [0.035, 0.360]    0.250 [0.102, 0.495]    0.250 [0.102, 0.495]    0.688 [0.444, 0.858]    0.438 [0.231, 0.668]    0.375 [0.185, 0.614]    0.375 [0.185, 0.614]    0.125 [0.035, 0.360]
meta-haven-amulet         0.188 [0.066, 0.430]    0.312 [0.142, 0.556]    0.125 [0.035, 0.360]    0.125 [0.035, 0.360]    0.500 [0.280, 0.720]    0.500 [0.280, 0.720]    0.125 [0.035, 0.360]    0.812 [0.570, 0.934]    0.062 [0.011, 0.283]    0.500 [0.280, 0.720]    0.188 [0.066, 0.430]    0.312 [0.142, 0.556]    0.438 [0.231, 0.668]    0.250 [0.102, 0.495]    0.125 [0.035, 0.360]    0.250 [0.102, 0.495]
meta-haven-evo            0.312 [0.142, 0.556]    0.375 [0.185, 0.614]    0.562 [0.332, 0.769]    0.500 [0.280, 0.720]    0.625 [0.386, 0.815]    0.688 [0.444, 0.858]    0.125 [0.035, 0.360]    1.000 [0.806, 1.000]    0.500 [0.280, 0.720]    0.500 [0.280, 0.720]    0.625 [0.386, 0.815]    0.812 [0.570, 0.934]    0.562 [0.332, 0.769]    0.750 [0.505, 0.898]    0.562 [0.332, 0.769]    0.375 [0.185, 0.614]
meta-haven-kukishiro      0.188 [0.066, 0.430]    0.000 [0.000, 0.194]    0.188 [0.066, 0.430]    0.000 [0.000, 0.194]    0.125 [0.035, 0.360]    0.125 [0.035, 0.360]    0.000 [0.000, 0.194]    0.500 [0.280, 0.720]    0.000 [0.000, 0.194]    0.000 [0.000, 0.194]    0.000 [0.000, 0.194]    0.500 [0.280, 0.720]    0.250 [0.102, 0.495]    0.000 [0.000, 0.194]    0.062 [0.011, 0.283]    0.062 [0.011, 0.283]
meta-portal-af            0.625 [0.386, 0.815]    0.625 [0.386, 0.815]    0.625 [0.386, 0.815]    0.375 [0.185, 0.614]    0.750 [0.505, 0.898]    0.875 [0.640, 0.965]    0.438 [0.231, 0.668]    1.000 [0.806, 1.000]    0.312 [0.142, 0.556]    0.688 [0.444, 0.858]    0.375 [0.185, 0.614]    1.000 [0.806, 1.000]    0.625 [0.386, 0.815]    0.562 [0.332, 0.769]    0.375 [0.185, 0.614]    0.688 [0.444, 0.858]
meta-portal-cutthroat     0.438 [0.231, 0.668]    0.188 [0.066, 0.430]    0.438 [0.231, 0.668]    0.375 [0.185, 0.614]    0.312 [0.142, 0.556]    0.688 [0.444, 0.858]    0.125 [0.035, 0.360]    0.750 [0.505, 0.898]    0.125 [0.035, 0.360]    0.312 [0.142, 0.556]    0.312 [0.142, 0.556]    0.750 [0.505, 0.898]    0.500 [0.280, 0.720]    0.625 [0.386, 0.815]    0.250 [0.102, 0.495]    0.312 [0.142, 0.556]
meta-portal-evo           0.625 [0.386, 0.815]    0.188 [0.066, 0.430]    0.562 [0.332, 0.769]    0.812 [0.570, 0.934]    0.875 [0.640, 0.965]    0.875 [0.640, 0.965]    0.312 [0.142, 0.556]    0.875 [0.640, 0.965]    0.500 [0.280, 0.720]    0.688 [0.444, 0.858]    0.188 [0.066, 0.430]    0.875 [0.640, 0.965]    0.750 [0.505, 0.898]    0.875 [0.640, 0.965]    0.625 [0.386, 0.815]    0.438 [0.231, 0.668]
meta-rune-crystal         0.125 [0.035, 0.360]    0.000 [0.000, 0.194]    0.500 [0.280, 0.720]    0.375 [0.185, 0.614]    0.312 [0.142, 0.556]    0.500 [0.280, 0.720]    0.188 [0.066, 0.430]    0.625 [0.386, 0.815]    0.062 [0.011, 0.283]    0.312 [0.142, 0.556]    0.000 [0.000, 0.194]    0.500 [0.280, 0.720]    0.438 [0.231, 0.668]    0.125 [0.035, 0.360]    0.250 [0.102, 0.495]    0.000 [0.000, 0.194]
meta-rune-spell           0.312 [0.142, 0.556]    0.125 [0.035, 0.360]    0.688 [0.444, 0.858]    0.375 [0.185, 0.614]    0.188 [0.066, 0.430]    0.688 [0.444, 0.858]    0.188 [0.066, 0.430]    0.750 [0.505, 0.898]    0.250 [0.102, 0.495]    0.375 [0.185, 0.614]    0.125 [0.035, 0.360]    0.688 [0.444, 0.858]    0.375 [0.185, 0.614]    0.625 [0.386, 0.815]    0.312 [0.142, 0.556]    0.125 [0.035, 0.360]
meta-rune-test-subject    0.312 [0.142, 0.556]    0.250 [0.102, 0.495]    0.688 [0.444, 0.858]    0.375 [0.185, 0.614]    0.438 [0.231, 0.668]    0.688 [0.444, 0.858]    0.250 [0.102, 0.495]    0.875 [0.640, 0.965]    0.188 [0.066, 0.430]    0.625 [0.386, 0.815]    0.188 [0.066, 0.430]    0.875 [0.640, 0.965]    0.375 [0.185, 0.614]    0.438 [0.231, 0.668]    0.312 [0.142, 0.556]    0.250 [0.102, 0.495]
meta-sword-loot           0.562 [0.332, 0.769]    0.375 [0.185, 0.614]    0.562 [0.332, 0.769]    0.688 [0.444, 0.858]    0.438 [0.231, 0.668]    0.938 [0.717, 0.989]    0.500 [0.280, 0.720]    0.625 [0.386, 0.815]    0.375 [0.185, 0.614]    0.750 [0.505, 0.898]    0.438 [0.231, 0.668]    0.625 [0.386, 0.815]    0.375 [0.185, 0.614]    0.750 [0.505, 0.898]    0.438 [0.231, 0.668]    0.312 [0.142, 0.556]
meta-sword-rally          0.562 [0.332, 0.769]    0.625 [0.386, 0.815]    0.500 [0.280, 0.720]    0.562 [0.332, 0.769]    0.750 [0.505, 0.898]    0.688 [0.444, 0.858]    0.375 [0.185, 0.614]    0.938 [0.717, 0.989]    0.375 [0.185, 0.614]    0.750 [0.505, 0.898]    0.312 [0.142, 0.556]    1.000 [0.806, 1.000]    0.875 [0.640, 0.965]    0.688 [0.444, 0.858]    0.688 [0.444, 0.858]    0.250 [0.102, 0.495]

=== summary ===
h0:net=results/net4-meta/mlp.json vs h0
games: 4096  decisive: 4096  draws: 0
policy_a win rate: 0.470 [0.455, 0.486]
first-player win rate: 0.557
mean turns: 8.36  mean actions: 82.01
end: lethal=4063 deckout=33 turn_cap=0 action_cap=0 no_legal=0 illegal=0
2365.085s  1.73 games/s  cpus=28
per deck:
  meta-abyss-aggro: policy_a (row) 0.574  policy_b (col) 0.598
  meta-abyss-midrange: policy_a (row) 0.648  policy_b (col) 0.711
  meta-dragon-aggro: policy_a (row) 0.609  policy_b (col) 0.523
  meta-dragon-ramp: policy_a (row) 0.391  policy_b (col) 0.508
  meta-forest-combo: policy_a (row) 0.395  policy_b (col) 0.527
  meta-haven-amulet: policy_a (row) 0.301  policy_b (col) 0.316
  meta-haven-evo: policy_a (row) 0.555  policy_b (col) 0.672
  meta-haven-kukishiro: policy_a (row) 0.125  policy_b (col) 0.191
  meta-portal-af: policy_a (row) 0.621  policy_b (col) 0.738
  meta-portal-cutthroat: policy_a (row) 0.406  policy_b (col) 0.492
  meta-portal-evo: policy_a (row) 0.629  policy_b (col) 0.707
  meta-rune-crystal: policy_a (row) 0.270  policy_b (col) 0.273
  meta-rune-spell: policy_a (row) 0.387  policy_b (col) 0.457
  meta-rune-test-subject: policy_a (row) 0.445  policy_b (col) 0.453
  meta-sword-loot: policy_a (row) 0.547  policy_b (col) 0.617
  meta-sword-rally: policy_a (row) 0.621  policy_b (col) 0.691

4096 games in 2365.085s (1.7 games/s)
wrote C:\Users\agban\projects\arena\results\sweep12\c02-final.json
