pool: meta
decks: 16 (meta-abyss-aggro, meta-abyss-midrange, meta-dragon-aggro, meta-dragon-ramp, meta-forest-combo, meta-haven-amulet, meta-haven-evo, meta-haven-kukishiro, meta-portal-af, meta-portal-cutthroat, meta-portal-evo, meta-rune-crystal, meta-rune-spell, meta-rune-test-subject, meta-sword-loot, meta-sword-rally)
pairs: 256 (16 x 16, mirrors included)
games    16 games/pair x 256 =  4096
matchup: 16 decks × 16 games = 4096 games (seed=1, policy_a=h0:net=results/net4-meta/linear.json,clip=0, policy_b=h0, first=alternate, threads=None)
Win rate (row = A, col = B; cell = A's win rate)
                              meta-abyss-aggro     meta-abyss-midrange       meta-dragon-aggro        meta-dragon-ramp       meta-forest-combo       meta-haven-amulet          meta-haven-evo    meta-haven-kukishiro          meta-portal-af   meta-portal-cutthroat         meta-portal-evo       meta-rune-crystal         meta-rune-spell  meta-rune-test-subject         meta-sword-loot        meta-sword-rally
meta-abyss-aggro                         0.500                   0.500                   0.375                   0.625                   0.312                   0.750                   0.812                   0.750                   0.188                   0.250                   0.188                   0.562                   0.750                   0.562                   0.562                   0.562
meta-abyss-midrange                      0.625                   0.438                   0.812                   1.000                   0.562                   0.625                   0.438                   1.000                   0.562                   0.812                   0.438                   0.938                   0.875                   0.875                   0.500                   0.250
meta-dragon-aggro                        0.438                   0.188                   0.438                   0.812                   0.312                   0.875                   0.625                   0.625                   0.312                   0.688                   0.312                   0.750                   0.500                   0.438                   0.625                   0.250
meta-dragon-ramp                         0.125                   0.312                   0.312                   0.500                   0.312                   0.938                   0.562                   0.875                   0.188                   0.438                   0.375                   0.688                   0.688                   0.562                   0.250                   0.125
meta-forest-combo                        0.500                   0.250                   0.375                   0.812                   0.562                   0.688                   0.375                   0.750                   0.188                   0.562                   0.125                   0.750                   0.625                   0.438                   0.688                   0.062
meta-haven-amulet                        0.375                   0.250                   0.312                   0.125                   0.562                   0.375                   0.188                   0.938                   0.188                   0.375                   0.000                   0.688                   0.562                   0.375                   0.250                   0.125
meta-haven-evo                           0.375                   0.625                   0.375                   0.500                   0.500                   0.875                   0.312                   0.938                   0.562                   0.750                   0.625                   0.812                   0.500                   0.625                   0.375                   0.750
meta-haven-kukishiro                     0.250                   0.000                   0.250                   0.062                   0.062                   0.375                   0.000                   0.312                   0.000                   0.125                   0.000                   0.688                   0.125                   0.062                   0.125                   0.000
meta-portal-af                           0.625                   0.438                   0.750                   0.562                   0.750                   0.938                   0.375                   0.938                   0.500                   0.688                   0.375                   1.000                   0.875                   0.875                   0.875                   0.438
meta-portal-cutthroat                    0.250                   0.125                   0.312                   0.125                   0.250                   0.562                   0.188                   0.812                   0.062                   0.562                   0.375                   0.812                   0.750                   0.438                   0.312                   0.312
meta-portal-evo                          0.688                   0.375                   0.625                   0.562                   0.875                   0.875                   0.312                   0.938                   0.375                   0.875                   0.562                   0.938                   0.812                   0.875                   0.688                   0.438
meta-rune-crystal                        0.250                   0.000                   0.250                   0.438                   0.125                   0.375                   0.188                   0.562                   0.125                   0.125                   0.000                   0.688                   0.375                   0.375                   0.312                   0.125
meta-rune-spell                          0.125                   0.250                   0.312                   0.375                   0.188                   0.625                   0.250                   0.812                   0.125                   0.375                   0.000                   0.375                   0.438                   0.438                   0.438                   0.188
meta-rune-test-subject                   0.125                   0.125                   0.438                   0.375                   0.312                   0.750                   0.312                   0.938                   0.188                   0.375                   0.250                   0.938                   0.500                   0.625                   0.562                   0.062
meta-sword-loot                          0.562                   0.375                   0.312                   0.688                   0.312                   0.938                   0.562                   0.812                   0.438                   0.750                   0.312                   0.938                   0.500                   0.812                   0.500                   0.125
meta-sword-rally                         0.625                   0.500                   0.375                   0.562                   0.688                   0.812                   0.375                   1.000                   0.562                   0.688                   0.312                   0.938                   1.000                   0.688                   0.562                   0.500

First-player win rate / mean turns
                              meta-abyss-aggro     meta-abyss-midrange       meta-dragon-aggro        meta-dragon-ramp       meta-forest-combo       meta-haven-amulet          meta-haven-evo    meta-haven-kukishiro          meta-portal-af   meta-portal-cutthroat         meta-portal-evo       meta-rune-crystal         meta-rune-spell  meta-rune-test-subject         meta-sword-loot        meta-sword-rally
meta-abyss-aggro                 0.750 /   6.6           0.500 /   6.4           0.625 /   6.8           0.500 /   6.8           0.688 /   7.1           0.625 /   7.0           0.562 /   7.3           0.750 /   7.8           0.438 /   7.4           0.625 /   7.4           0.562 /   7.1           0.562 /   7.4           0.375 /   6.4           0.188 /   7.2           0.438 /   7.1           0.438 /   6.8
meta-abyss-midrange              0.750 /   7.1           0.688 /   8.3           0.312 /   7.1           0.500 /   7.6           0.562 /   8.2           0.500 /   8.8           0.562 /   8.4           0.500 /   7.8           0.562 /   8.4           0.562 /   8.1           0.812 /   7.8           0.562 /   7.4           0.375 /   7.5           0.625 /   9.1           0.375 /   8.2           0.500 /   8.1
meta-dragon-aggro                0.438 /   6.9           0.438 /   7.8           0.688 /   6.9           0.562 /   7.2           0.688 /   7.4           0.625 /   7.1           0.750 /   7.3           0.625 /   9.1           0.438 /   7.2           0.562 /   7.3           0.688 /   7.2           0.625 /   7.4           0.625 /   7.5           0.562 /   7.8           0.500 /   7.2           0.375 /   7.2
meta-dragon-ramp                 0.625 /   6.4           0.688 /   8.6           0.688 /   7.6           0.375 /   9.5           0.438 /   8.3           0.562 /  10.2           0.312 /   9.6           0.500 /  11.9           0.688 /   8.4           0.438 /   7.9           0.750 /   8.4           0.688 /   8.3           0.688 /   8.4           0.562 /   8.9           0.500 /   7.6           0.625 /   7.6
meta-forest-combo                0.375 /   7.9           0.750 /   8.4           0.500 /   7.9           0.562 /   7.4           0.562 /   8.8           0.562 /   9.1           0.625 /   8.4           0.500 /  10.6           0.438 /   8.7           0.562 /   9.6           0.500 /   8.2           0.625 /   9.1           0.625 /   8.1           0.562 /   8.7           0.438 /   8.8           0.438 /   7.9
meta-haven-amulet                0.625 /   7.9           0.375 /   9.4           0.562 /   8.0           0.500 /  10.4           0.688 /  11.7           0.500 /  15.4           0.438 /  12.7           0.438 /  14.8           0.562 /  10.2           0.500 /  11.1           0.500 /  10.4           0.562 /  10.1           0.688 /  10.9           0.625 /   9.1           0.500 /   8.3           0.625 /   8.0
meta-haven-evo                   0.625 /   7.1           0.625 /   9.1           0.625 /   8.2           0.625 /   9.8           0.625 /   9.1           0.500 /  12.8           0.438 /  11.6           0.438 /  10.6           0.812 /   9.0           0.625 /   9.8           0.625 /   9.8           0.562 /   9.2           0.625 /   9.0           0.750 /   9.2           0.625 /   8.6           0.750 /   8.8
meta-haven-kukishiro             0.750 /   8.7           0.500 /   8.0           0.500 /   9.1           0.438 /  10.9           0.562 /  10.1           0.625 /  16.2           0.500 /  10.9           0.562 /  16.6           0.500 /   9.5           0.625 /  10.5           0.500 /   8.4           0.562 /  11.8           0.625 /  10.2           0.438 /   9.6           0.625 /   9.2           0.500 /   8.1
meta-portal-af                   0.375 /   7.3           0.688 /   8.4           0.500 /   7.7           0.812 /   9.6           0.375 /   8.2           0.562 /   8.5           0.625 /   8.8           0.438 /   8.2           0.875 /   9.4           0.688 /   8.4           0.250 /   8.0           0.500 /   7.6           0.500 /   8.4           0.375 /   8.3           0.500 /   8.2           0.562 /   8.1
meta-portal-cutthroat            0.375 /   6.8           0.500 /   8.7           0.562 /   7.6           0.375 /   9.1           0.625 /   8.4           0.812 /  10.7           0.688 /   9.2           0.562 /  10.7           0.562 /   8.2           0.562 /   8.7           0.500 /   8.8           0.562 /   8.5           0.500 /   8.6           0.688 /   8.8           0.562 /   9.5           0.312 /   7.3
meta-portal-evo                  0.562 /   7.9           0.375 /   8.1           0.500 /   7.7           0.562 /   8.1           0.500 /   8.2           0.500 /   9.2           0.562 /   9.0           0.438 /   9.1           0.500 /   8.6           0.625 /   8.9           0.688 /   8.6           0.438 /   7.8           0.562 /   7.9           0.375 /   8.1           0.562 /   8.2           0.562 /   7.6
meta-rune-crystal                0.250 /   7.2           0.500 /   7.9           0.500 /   7.3           0.688 /   8.2           0.500 /   7.9           0.500 /  10.7           0.688 /   8.7           0.438 /  10.4           0.625 /   7.8           0.625 /   8.7           0.500 /   7.7           0.688 /   9.2           0.500 /   7.7           0.625 /   8.4           0.562 /   8.1           0.625 /   7.3
meta-rune-spell                  0.500 /   6.1           0.375 /   7.3           0.438 /   7.1           0.625 /   8.2           0.562 /   7.6           0.375 /  11.4           0.750 /   8.4           0.562 /  11.2           0.625 /   7.6           0.500 /   7.6           0.500 /   7.8           0.625 /   7.7           0.688 /   8.2           0.562 /   8.9           0.562 /   7.6           0.438 /   6.9
meta-rune-test-subject           0.500 /   7.6           0.500 /   8.1           0.688 /   8.1           0.500 /   8.9           0.688 /   8.5           0.500 /   9.6           0.812 /   8.6           0.438 /   8.9           0.438 /   8.2           0.625 /   8.9           0.500 /   8.2           0.438 /   7.6           0.375 /   8.4           0.500 /   8.2           0.438 /   7.9           0.438 /   7.6
meta-sword-loot                  0.562 /   7.6           0.500 /   7.4           0.562 /   7.8           0.438 /   7.8           0.438 /   7.9           0.562 /   7.7           0.812 /   8.0           0.562 /   9.4           0.562 /   7.9           0.500 /   7.8           0.438 /   7.8           0.562 /   7.7           0.500 /   8.4           0.438 /   8.1           0.750 /   7.9           0.500 /   7.8
meta-sword-rally                 0.500 /   7.1           0.625 /   8.2           0.500 /   6.5           0.688 /   7.7           0.688 /   8.7           0.688 /   9.3           0.625 /   8.1           0.500 /   8.1           0.812 /   8.2           0.562 /   8.2           0.688 /   8.7           0.562 /   7.6           0.500 /   7.5           0.562 /   8.6           0.562 /   7.6           0.375 /   7.6

A win rate over decisive games, Wilson 95% [lo, hi]
                              meta-abyss-aggro     meta-abyss-midrange       meta-dragon-aggro        meta-dragon-ramp       meta-forest-combo       meta-haven-amulet          meta-haven-evo    meta-haven-kukishiro          meta-portal-af   meta-portal-cutthroat         meta-portal-evo       meta-rune-crystal         meta-rune-spell  meta-rune-test-subject         meta-sword-loot        meta-sword-rally
meta-abyss-aggro          0.500 [0.280, 0.720]    0.500 [0.280, 0.720]    0.375 [0.185, 0.614]    0.625 [0.386, 0.815]    0.312 [0.142, 0.556]    0.750 [0.505, 0.898]    0.812 [0.570, 0.934]    0.750 [0.505, 0.898]    0.188 [0.066, 0.430]    0.250 [0.102, 0.495]    0.188 [0.066, 0.430]    0.562 [0.332, 0.769]    0.750 [0.505, 0.898]    0.562 [0.332, 0.769]    0.562 [0.332, 0.769]    0.562 [0.332, 0.769]
meta-abyss-midrange       0.625 [0.386, 0.815]    0.438 [0.231, 0.668]    0.812 [0.570, 0.934]    1.000 [0.806, 1.000]    0.562 [0.332, 0.769]    0.625 [0.386, 0.815]    0.438 [0.231, 0.668]    1.000 [0.806, 1.000]    0.562 [0.332, 0.769]    0.812 [0.570, 0.934]    0.438 [0.231, 0.668]    0.938 [0.717, 0.989]    0.875 [0.640, 0.965]    0.875 [0.640, 0.965]    0.500 [0.280, 0.720]    0.250 [0.102, 0.495]
meta-dragon-aggro         0.438 [0.231, 0.668]    0.188 [0.066, 0.430]    0.438 [0.231, 0.668]    0.812 [0.570, 0.934]    0.312 [0.142, 0.556]    0.875 [0.640, 0.965]    0.625 [0.386, 0.815]    0.625 [0.386, 0.815]    0.312 [0.142, 0.556]    0.688 [0.444, 0.858]    0.312 [0.142, 0.556]    0.750 [0.505, 0.898]    0.500 [0.280, 0.720]    0.438 [0.231, 0.668]    0.625 [0.386, 0.815]    0.250 [0.102, 0.495]
meta-dragon-ramp          0.125 [0.035, 0.360]    0.312 [0.142, 0.556]    0.312 [0.142, 0.556]    0.500 [0.280, 0.720]    0.312 [0.142, 0.556]    0.938 [0.717, 0.989]    0.562 [0.332, 0.769]    0.875 [0.640, 0.965]    0.188 [0.066, 0.430]    0.438 [0.231, 0.668]    0.375 [0.185, 0.614]    0.688 [0.444, 0.858]    0.688 [0.444, 0.858]    0.562 [0.332, 0.769]    0.250 [0.102, 0.495]    0.125 [0.035, 0.360]
meta-forest-combo         0.500 [0.280, 0.720]    0.250 [0.102, 0.495]    0.375 [0.185, 0.614]    0.812 [0.570, 0.934]    0.562 [0.332, 0.769]    0.688 [0.444, 0.858]    0.375 [0.185, 0.614]    0.750 [0.505, 0.898]    0.188 [0.066, 0.430]    0.562 [0.332, 0.769]    0.125 [0.035, 0.360]    0.750 [0.505, 0.898]    0.625 [0.386, 0.815]    0.438 [0.231, 0.668]    0.688 [0.444, 0.858]    0.062 [0.011, 0.283]
meta-haven-amulet         0.375 [0.185, 0.614]    0.250 [0.102, 0.495]    0.312 [0.142, 0.556]    0.125 [0.035, 0.360]    0.562 [0.332, 0.769]    0.375 [0.185, 0.614]    0.188 [0.066, 0.430]    0.938 [0.717, 0.989]    0.188 [0.066, 0.430]    0.375 [0.185, 0.614]    0.000 [0.000, 0.194]    0.688 [0.444, 0.858]    0.562 [0.332, 0.769]    0.375 [0.185, 0.614]    0.250 [0.102, 0.495]    0.125 [0.035, 0.360]
meta-haven-evo            0.375 [0.185, 0.614]    0.625 [0.386, 0.815]    0.375 [0.185, 0.614]    0.500 [0.280, 0.720]    0.500 [0.280, 0.720]    0.875 [0.640, 0.965]    0.312 [0.142, 0.556]    0.938 [0.717, 0.989]    0.562 [0.332, 0.769]    0.750 [0.505, 0.898]    0.625 [0.386, 0.815]    0.812 [0.570, 0.934]    0.500 [0.280, 0.720]    0.625 [0.386, 0.815]    0.375 [0.185, 0.614]    0.750 [0.505, 0.898]
meta-haven-kukishiro      0.250 [0.102, 0.495]    0.000 [0.000, 0.194]    0.250 [0.102, 0.495]    0.062 [0.011, 0.283]    0.062 [0.011, 0.283]    0.375 [0.185, 0.614]    0.000 [0.000, 0.194]    0.312 [0.142, 0.556]    0.000 [0.000, 0.194]    0.125 [0.035, 0.360]    0.000 [0.000, 0.194]    0.688 [0.444, 0.858]    0.125 [0.035, 0.360]    0.062 [0.011, 0.283]    0.125 [0.035, 0.360]    0.000 [0.000, 0.194]
meta-portal-af            0.625 [0.386, 0.815]    0.438 [0.231, 0.668]    0.750 [0.505, 0.898]    0.562 [0.332, 0.769]    0.750 [0.505, 0.898]    0.938 [0.717, 0.989]    0.375 [0.185, 0.614]    0.938 [0.717, 0.989]    0.500 [0.280, 0.720]    0.688 [0.444, 0.858]    0.375 [0.185, 0.614]    1.000 [0.806, 1.000]    0.875 [0.640, 0.965]    0.875 [0.640, 0.965]    0.875 [0.640, 0.965]    0.438 [0.231, 0.668]
meta-portal-cutthroat     0.250 [0.102, 0.495]    0.125 [0.035, 0.360]    0.312 [0.142, 0.556]    0.125 [0.035, 0.360]    0.250 [0.102, 0.495]    0.562 [0.332, 0.769]    0.188 [0.066, 0.430]    0.812 [0.570, 0.934]    0.062 [0.011, 0.283]    0.562 [0.332, 0.769]    0.375 [0.185, 0.614]    0.812 [0.570, 0.934]    0.750 [0.505, 0.898]    0.438 [0.231, 0.668]    0.312 [0.142, 0.556]    0.312 [0.142, 0.556]
meta-portal-evo           0.688 [0.444, 0.858]    0.375 [0.185, 0.614]    0.625 [0.386, 0.815]    0.562 [0.332, 0.769]    0.875 [0.640, 0.965]    0.875 [0.640, 0.965]    0.312 [0.142, 0.556]    0.938 [0.717, 0.989]    0.375 [0.185, 0.614]    0.875 [0.640, 0.965]    0.562 [0.332, 0.769]    0.938 [0.717, 0.989]    0.812 [0.570, 0.934]    0.875 [0.640, 0.965]    0.688 [0.444, 0.858]    0.438 [0.231, 0.668]
meta-rune-crystal         0.250 [0.102, 0.495]    0.000 [0.000, 0.194]    0.250 [0.102, 0.495]    0.438 [0.231, 0.668]    0.125 [0.035, 0.360]    0.375 [0.185, 0.614]    0.188 [0.066, 0.430]    0.562 [0.332, 0.769]    0.125 [0.035, 0.360]    0.125 [0.035, 0.360]    0.000 [0.000, 0.194]    0.688 [0.444, 0.858]    0.375 [0.185, 0.614]    0.375 [0.185, 0.614]    0.312 [0.142, 0.556]    0.125 [0.035, 0.360]
meta-rune-spell           0.125 [0.035, 0.360]    0.250 [0.102, 0.495]    0.312 [0.142, 0.556]    0.375 [0.185, 0.614]    0.188 [0.066, 0.430]    0.625 [0.386, 0.815]    0.250 [0.102, 0.495]    0.812 [0.570, 0.934]    0.125 [0.035, 0.360]    0.375 [0.185, 0.614]    0.000 [0.000, 0.194]    0.375 [0.185, 0.614]    0.438 [0.231, 0.668]    0.438 [0.231, 0.668]    0.438 [0.231, 0.668]    0.188 [0.066, 0.430]
meta-rune-test-subject    0.125 [0.035, 0.360]    0.125 [0.035, 0.360]    0.438 [0.231, 0.668]    0.375 [0.185, 0.614]    0.312 [0.142, 0.556]    0.750 [0.505, 0.898]    0.312 [0.142, 0.556]    0.938 [0.717, 0.989]    0.188 [0.066, 0.430]    0.375 [0.185, 0.614]    0.250 [0.102, 0.495]    0.938 [0.717, 0.989]    0.500 [0.280, 0.720]    0.625 [0.386, 0.815]    0.562 [0.332, 0.769]    0.062 [0.011, 0.283]
meta-sword-loot           0.562 [0.332, 0.769]    0.375 [0.185, 0.614]    0.312 [0.142, 0.556]    0.688 [0.444, 0.858]    0.312 [0.142, 0.556]    0.938 [0.717, 0.989]    0.562 [0.332, 0.769]    0.812 [0.570, 0.934]    0.438 [0.231, 0.668]    0.750 [0.505, 0.898]    0.312 [0.142, 0.556]    0.938 [0.717, 0.989]    0.500 [0.280, 0.720]    0.812 [0.570, 0.934]    0.500 [0.280, 0.720]    0.125 [0.035, 0.360]
meta-sword-rally          0.625 [0.386, 0.815]    0.500 [0.280, 0.720]    0.375 [0.185, 0.614]    0.562 [0.332, 0.769]    0.688 [0.444, 0.858]    0.812 [0.570, 0.934]    0.375 [0.185, 0.614]    1.000 [0.806, 1.000]    0.562 [0.332, 0.769]    0.688 [0.444, 0.858]    0.312 [0.142, 0.556]    0.938 [0.717, 0.989]    1.000 [0.806, 1.000]    0.688 [0.444, 0.858]    0.562 [0.332, 0.769]    0.500 [0.280, 0.720]

=== summary ===
h0:net=results/net4-meta/linear.json,clip=0 vs h0
games: 4096  decisive: 4096  draws: 0
policy_a win rate: 0.482 [0.467, 0.498]
first-player win rate: 0.552
mean turns: 8.51  mean actions: 83.15
end: lethal=4043 deckout=53 turn_cap=0 action_cap=0 no_legal=0 illegal=0
2171.282s  1.89 games/s  cpus=28
per deck:
  meta-abyss-aggro: policy_a (row) 0.516  policy_b (col) 0.598
  meta-abyss-midrange: policy_a (row) 0.672  policy_b (col) 0.703
  meta-dragon-aggro: policy_a (row) 0.512  policy_b (col) 0.586
  meta-dragon-ramp: policy_a (row) 0.453  policy_b (col) 0.492
  meta-forest-combo: policy_a (row) 0.484  policy_b (col) 0.582
  meta-haven-amulet: policy_a (row) 0.355  policy_b (col) 0.289
  meta-haven-evo: policy_a (row) 0.594  policy_b (col) 0.633
  meta-haven-kukishiro: policy_a (row) 0.152  policy_b (col) 0.188
  meta-portal-af: policy_a (row) 0.688  policy_b (col) 0.715
  meta-portal-cutthroat: policy_a (row) 0.391  policy_b (col) 0.473
  meta-portal-evo: policy_a (row) 0.676  policy_b (col) 0.734
  meta-rune-crystal: policy_a (row) 0.270  policy_b (col) 0.219
  meta-rune-spell: policy_a (row) 0.332  policy_b (col) 0.383
  meta-rune-test-subject: policy_a (row) 0.430  policy_b (col) 0.434
  meta-sword-loot: policy_a (row) 0.559  policy_b (col) 0.523
  meta-sword-rally: policy_a (row) 0.637  policy_b (col) 0.730

4096 games in 2171.282s (1.9 games/s)
wrote C:\Users\agban\projects\arena\results\sweep12\c03-final.json
