pool: meta
decks: 16 (meta-abyss-aggro, meta-abyss-midrange, meta-dragon-aggro, meta-dragon-ramp, meta-forest-combo, meta-haven-amulet, meta-haven-evo, meta-haven-kukishiro, meta-portal-af, meta-portal-cutthroat, meta-portal-evo, meta-rune-crystal, meta-rune-spell, meta-rune-test-subject, meta-sword-loot, meta-sword-rally)
pairs: 256 (16 x 16, mirrors included)
games     8 games/pair x 256 =  2048
matchup: 16 decks × 8 games = 2048 games (seed=1, policy_a=h0, policy_b=h0:net=results/net4-meta/linear.json,clip=0, first=alternate, threads=None)
Win rate (row = A, col = B; cell = A's win rate)
                              meta-abyss-aggro     meta-abyss-midrange       meta-dragon-aggro        meta-dragon-ramp       meta-forest-combo       meta-haven-amulet          meta-haven-evo    meta-haven-kukishiro          meta-portal-af   meta-portal-cutthroat         meta-portal-evo       meta-rune-crystal         meta-rune-spell  meta-rune-test-subject         meta-sword-loot        meta-sword-rally
meta-abyss-aggro                         0.500                   0.000                   0.375                   1.000                   0.125                   0.875                   0.625                   0.875                   0.500                   0.625                   0.500                   0.875                   0.625                   0.375                   0.375                   0.375
meta-abyss-midrange                      0.625                   0.500                   0.625                   0.875                   1.000                   1.000                   0.750                   1.000                   0.500                   0.875                   0.500                   1.000                   0.750                   0.750                   0.750                   0.500
meta-dragon-aggro                        0.500                   0.250                   0.500                   0.750                   0.625                   0.750                   0.375                   0.750                   0.500                   0.625                   0.250                   0.750                   0.500                   0.625                   0.625                   0.500
meta-dragon-ramp                         0.375                   0.375                   0.250                   0.500                   0.625                   0.750                   0.625                   0.875                   0.500                   0.750                   0.250                   0.500                   0.500                   0.500                   0.125                   0.250
meta-forest-combo                        0.500                   0.125                   0.625                   0.875                   0.375                   0.500                   0.500                   0.875                   0.250                   0.625                   0.000                   0.875                   1.000                   0.625                   0.625                   0.375
meta-haven-amulet                        0.250                   0.125                   0.375                   0.000                   0.500                   0.500                   0.000                   0.875                   0.250                   0.125                   0.000                   0.625                   0.625                   0.500                   0.000                   0.000
meta-haven-evo                           0.375                   0.625                   0.750                   0.625                   0.625                   0.750                   0.500                   0.875                   0.375                   0.875                   0.750                   1.000                   0.750                   0.500                   0.625                   0.750
meta-haven-kukishiro                     0.250                   0.000                   0.125                   0.250                   0.500                   0.000                   0.000                   0.625                   0.000                   0.500                   0.000                   0.500                   0.125                   0.000                   0.000                   0.000
meta-portal-af                           0.375                   0.750                   0.875                   0.750                   1.000                   1.000                   0.500                   1.000                   0.500                   1.000                   0.500                   0.875                   1.000                   1.000                   0.750                   0.500
meta-portal-cutthroat                    0.375                   0.250                   0.750                   0.250                   0.375                   0.875                   0.000                   0.875                   0.500                   0.875                   0.125                   0.750                   0.375                   0.625                   0.250                   0.250
meta-portal-evo                          0.750                   0.500                   0.625                   0.750                   0.625                   0.625                   0.500                   1.000                   0.625                   0.875                   0.625                   1.000                   0.500                   1.000                   1.000                   0.625
meta-rune-crystal                        0.250                   0.250                   0.125                   0.500                   0.250                   0.250                   0.250                   0.625                   0.125                   0.125                   0.125                   0.375                   0.250                   0.125                   0.500                   0.125
meta-rune-spell                          0.125                   0.500                   0.750                   0.250                   0.500                   0.125                   0.250                   0.875                   0.125                   0.500                   0.250                   0.500                   0.500                   0.500                   0.250                   0.250
meta-rune-test-subject                   0.125                   0.000                   0.500                   0.375                   0.500                   0.375                   0.125                   1.000                   0.125                   0.625                   0.125                   0.875                   0.250                   0.500                   0.250                   0.125
meta-sword-loot                          0.625                   0.500                   0.250                   0.375                   0.625                   1.000                   0.750                   0.750                   0.000                   0.625                   0.625                   0.750                   0.750                   0.500                   0.250                   0.500
meta-sword-rally                         0.500                   0.500                   0.875                   0.875                   0.750                   0.875                   0.875                   1.000                   0.625                   0.875                   0.500                   0.875                   1.000                   0.750                   0.750                   0.750

First-player win rate / mean turns
                              meta-abyss-aggro     meta-abyss-midrange       meta-dragon-aggro        meta-dragon-ramp       meta-forest-combo       meta-haven-amulet          meta-haven-evo    meta-haven-kukishiro          meta-portal-af   meta-portal-cutthroat         meta-portal-evo       meta-rune-crystal         meta-rune-spell  meta-rune-test-subject         meta-sword-loot        meta-sword-rally
meta-abyss-aggro                 0.750 /   6.4           0.500 /   7.1           0.625 /   7.4           0.500 /   6.2           0.375 /   8.5           0.625 /   6.8           0.625 /   7.4           0.625 /   7.4           0.250 /   7.1           0.625 /   7.5           0.500 /   7.1           0.375 /   7.4           0.625 /   6.4           0.625 /   7.6           0.375 /   7.4           0.625 /   6.9
meta-abyss-midrange              0.625 /   6.5           0.500 /   7.8           0.625 /   7.6           0.375 /   7.9           0.500 /   8.5           0.500 /   7.9           0.750 /   7.9           0.500 /   9.9           0.500 /   8.9           0.625 /   7.9           0.750 /   8.0           0.500 /   7.8           0.500 /   8.0           0.500 /   8.9           0.500 /   7.1           0.500 /   8.8
meta-dragon-aggro                0.250 /   6.9           0.750 /   7.8           1.000 /   7.1           0.750 /   7.2           0.625 /   7.4           0.500 /   7.8           0.875 /   9.2           0.500 /   8.0           0.500 /   7.4           0.375 /   7.8           0.500 /   8.1           0.500 /   7.6           0.250 /   7.1           0.125 /   7.1           0.625 /   7.6           0.500 /   7.4
meta-dragon-ramp                 0.625 /   7.0           0.875 /   7.6           0.500 /   7.1           0.500 /  11.0           0.375 /  10.2           0.750 /  11.9           0.625 /   9.4           0.625 /  10.8           0.750 /   7.9           0.750 /   9.6           0.750 /   8.5           0.500 /   7.4           1.000 /   8.1           0.750 /   8.5           0.625 /   7.5           0.250 /   7.0
meta-forest-combo                0.250 /   7.0           0.375 /   8.5           0.625 /   7.5           0.375 /   7.5           0.125 /   8.9           0.500 /  10.0           0.750 /   8.8           0.375 /   9.9           0.500 /   8.5           0.625 /   9.2           0.500 /   7.8           0.625 /   8.1           0.500 /   7.2           0.375 /   6.9           0.375 /   8.4           0.375 /   7.2
meta-haven-amulet                0.500 /   7.9           0.625 /   9.0           0.875 /   8.4           0.500 /  12.0           0.750 /  10.4           0.250 /  16.0           0.500 /  11.6           0.625 /  16.8           0.500 /   8.4           0.375 /   7.4           0.500 /   9.8           0.625 /   8.8           0.375 /  14.2           0.250 /  11.2           0.500 /   8.1           0.500 /   7.0
meta-haven-evo                   0.375 /   6.9           0.625 /   9.4           0.500 /   8.4           0.625 /   9.4           0.375 /   8.8           0.500 /  12.2           0.500 /  12.8           0.625 /   9.9           0.875 /   8.8           0.625 /   9.2           0.750 /   8.2           0.500 /   8.9           0.750 /   8.4           0.750 /   8.5           0.375 /   8.5           0.500 /   8.2
meta-haven-kukishiro             0.750 /   8.0           0.500 /   8.9           0.625 /   9.0           0.500 /  11.6           0.750 /  12.6           0.500 /  14.1           0.500 /  11.0           0.375 /  15.2           0.500 /   8.4           0.750 /  11.4           0.500 /   8.4           0.750 /  11.4           0.375 /   9.5           0.500 /   8.9           0.500 /   8.2           0.500 /   8.0
meta-portal-af                   0.875 /   7.1           0.500 /   8.1           0.375 /   7.5           0.750 /   8.4           0.500 /   8.9           0.500 /   9.0           0.750 /   9.9           0.500 /   8.5           0.750 /   8.8           0.500 /   8.4           0.500 /   9.0           0.625 /   8.0           0.500 /   7.9           0.500 /   8.1           0.250 /   6.9           0.500 /   8.2
meta-portal-cutthroat            0.625 /   7.2           0.250 /   8.0           0.500 /   8.0           0.500 /   8.9           0.875 /   8.6           0.375 /  10.0           0.500 /   9.4           0.625 /   8.8           0.750 /   8.6           0.375 /   9.1           0.375 /   8.2           0.500 /   8.4           0.375 /   7.8           0.375 /   7.9           0.500 /   8.4           0.500 /   8.0
meta-portal-evo                  0.500 /   7.2           0.500 /   8.4           0.625 /   7.4           0.750 /   7.9           0.875 /   9.2           0.625 /  10.9           0.500 /   9.1           0.500 /   8.6           0.125 /   7.8           0.625 /   8.1           0.375 /   8.4           0.500 /   7.5           0.500 /   7.4           0.500 /   8.2           0.500 /   8.9           0.875 /   8.2
meta-rune-crystal                0.750 /   6.6           0.750 /   8.8           0.625 /   8.0           0.500 /   9.1           0.750 /   8.2           0.250 /  10.4           0.500 /   8.9           0.625 /  12.0           0.375 /   7.2           0.375 /   8.4           0.625 /   8.0           0.875 /   7.9           0.750 /   7.8           0.625 /   8.4           0.500 /   9.4           0.375 /   7.8
meta-rune-spell                  0.625 /   6.1           0.750 /   8.0           0.750 /   7.0           0.250 /   9.8           0.750 /   7.2           0.375 /  13.4           0.750 /   9.4           0.625 /  11.8           0.625 /   7.9           0.750 /   8.4           0.500 /   8.4           0.500 /   7.0           0.750 /   9.1           0.500 /   8.4           0.250 /   8.0           0.750 /   7.8
meta-rune-test-subject           0.625 /   6.9           0.500 /   8.1           0.500 /   7.1           0.625 /  10.0           0.500 /   8.6           0.875 /  10.6           0.625 /  10.1           0.500 /   8.9           0.375 /   8.5           0.375 /   7.9           0.375 /   8.2           0.375 /   7.8           0.500 /   7.6           1.000 /   9.4           0.750 /   8.2           0.625 /   7.6
meta-sword-loot                  0.625 /   6.8           0.250 /   8.0           0.750 /   7.2           0.875 /   8.9           0.375 /   8.2           0.500 /   7.5           0.750 /   8.5           0.750 /   8.6           0.500 /   8.0           0.625 /   8.1           0.875 /   7.6           0.500 /   8.2           0.750 /   8.0           0.500 /   7.9           0.750 /   8.0           0.500 /   7.5
meta-sword-rally                 0.500 /   6.8           0.500 /   8.0           0.625 /   8.0           0.625 /   6.9           0.500 /   8.0           0.375 /   8.4           0.625 /   8.0           0.500 /   7.8           0.375 /   7.8           0.625 /   7.5           0.500 /   8.4           0.375 /   7.1           0.500 /   7.5           0.750 /   8.1           0.250 /   7.4           0.750 /   7.2

A win rate over decisive games, Wilson 95% [lo, hi]
                              meta-abyss-aggro     meta-abyss-midrange       meta-dragon-aggro        meta-dragon-ramp       meta-forest-combo       meta-haven-amulet          meta-haven-evo    meta-haven-kukishiro          meta-portal-af   meta-portal-cutthroat         meta-portal-evo       meta-rune-crystal         meta-rune-spell  meta-rune-test-subject         meta-sword-loot        meta-sword-rally
meta-abyss-aggro          0.500 [0.215, 0.785]    0.000 [0.000, 0.324]    0.375 [0.137, 0.694]    1.000 [0.676, 1.000]    0.125 [0.022, 0.471]    0.875 [0.529, 0.978]    0.625 [0.306, 0.863]    0.875 [0.529, 0.978]    0.500 [0.215, 0.785]    0.625 [0.306, 0.863]    0.500 [0.215, 0.785]    0.875 [0.529, 0.978]    0.625 [0.306, 0.863]    0.375 [0.137, 0.694]    0.375 [0.137, 0.694]    0.375 [0.137, 0.694]
meta-abyss-midrange       0.625 [0.306, 0.863]    0.500 [0.215, 0.785]    0.625 [0.306, 0.863]    0.875 [0.529, 0.978]    1.000 [0.676, 1.000]    1.000 [0.676, 1.000]    0.750 [0.409, 0.929]    1.000 [0.676, 1.000]    0.500 [0.215, 0.785]    0.875 [0.529, 0.978]    0.500 [0.215, 0.785]    1.000 [0.676, 1.000]    0.750 [0.409, 0.929]    0.750 [0.409, 0.929]    0.750 [0.409, 0.929]    0.500 [0.215, 0.785]
meta-dragon-aggro         0.500 [0.215, 0.785]    0.250 [0.071, 0.591]    0.500 [0.215, 0.785]    0.750 [0.409, 0.929]    0.625 [0.306, 0.863]    0.750 [0.409, 0.929]    0.375 [0.137, 0.694]    0.750 [0.409, 0.929]    0.500 [0.215, 0.785]    0.625 [0.306, 0.863]    0.250 [0.071, 0.591]    0.750 [0.409, 0.929]    0.500 [0.215, 0.785]    0.625 [0.306, 0.863]    0.625 [0.306, 0.863]    0.500 [0.215, 0.785]
meta-dragon-ramp          0.375 [0.137, 0.694]    0.375 [0.137, 0.694]    0.250 [0.071, 0.591]    0.500 [0.215, 0.785]    0.625 [0.306, 0.863]    0.750 [0.409, 0.929]    0.625 [0.306, 0.863]    0.875 [0.529, 0.978]    0.500 [0.215, 0.785]    0.750 [0.409, 0.929]    0.250 [0.071, 0.591]    0.500 [0.215, 0.785]    0.500 [0.215, 0.785]    0.500 [0.215, 0.785]    0.125 [0.022, 0.471]    0.250 [0.071, 0.591]
meta-forest-combo         0.500 [0.215, 0.785]    0.125 [0.022, 0.471]    0.625 [0.306, 0.863]    0.875 [0.529, 0.978]    0.375 [0.137, 0.694]    0.500 [0.215, 0.785]    0.500 [0.215, 0.785]    0.875 [0.529, 0.978]    0.250 [0.071, 0.591]    0.625 [0.306, 0.863]    0.000 [0.000, 0.324]    0.875 [0.529, 0.978]    1.000 [0.676, 1.000]    0.625 [0.306, 0.863]    0.625 [0.306, 0.863]    0.375 [0.137, 0.694]
meta-haven-amulet         0.250 [0.071, 0.591]    0.125 [0.022, 0.471]    0.375 [0.137, 0.694]    0.000 [0.000, 0.324]    0.500 [0.215, 0.785]    0.500 [0.215, 0.785]    0.000 [0.000, 0.324]    0.875 [0.529, 0.978]    0.250 [0.071, 0.591]    0.125 [0.022, 0.471]    0.000 [0.000, 0.324]    0.625 [0.306, 0.863]    0.625 [0.306, 0.863]    0.500 [0.215, 0.785]    0.000 [0.000, 0.324]    0.000 [0.000, 0.324]
meta-haven-evo            0.375 [0.137, 0.694]    0.625 [0.306, 0.863]    0.750 [0.409, 0.929]    0.625 [0.306, 0.863]    0.625 [0.306, 0.863]    0.750 [0.409, 0.929]    0.500 [0.215, 0.785]    0.875 [0.529, 0.978]    0.375 [0.137, 0.694]    0.875 [0.529, 0.978]    0.750 [0.409, 0.929]    1.000 [0.676, 1.000]    0.750 [0.409, 0.929]    0.500 [0.215, 0.785]    0.625 [0.306, 0.863]    0.750 [0.409, 0.929]
meta-haven-kukishiro      0.250 [0.071, 0.591]    0.000 [0.000, 0.324]    0.125 [0.022, 0.471]    0.250 [0.071, 0.591]    0.500 [0.215, 0.785]    0.000 [0.000, 0.324]    0.000 [0.000, 0.324]    0.625 [0.306, 0.863]    0.000 [0.000, 0.324]    0.500 [0.215, 0.785]    0.000 [0.000, 0.324]    0.500 [0.215, 0.785]    0.125 [0.022, 0.471]    0.000 [0.000, 0.324]    0.000 [0.000, 0.324]    0.000 [0.000, 0.324]
meta-portal-af            0.375 [0.137, 0.694]    0.750 [0.409, 0.929]    0.875 [0.529, 0.978]    0.750 [0.409, 0.929]    1.000 [0.676, 1.000]    1.000 [0.676, 1.000]    0.500 [0.215, 0.785]    1.000 [0.676, 1.000]    0.500 [0.215, 0.785]    1.000 [0.676, 1.000]    0.500 [0.215, 0.785]    0.875 [0.529, 0.978]    1.000 [0.676, 1.000]    1.000 [0.676, 1.000]    0.750 [0.409, 0.929]    0.500 [0.215, 0.785]
meta-portal-cutthroat     0.375 [0.137, 0.694]    0.250 [0.071, 0.591]    0.750 [0.409, 0.929]    0.250 [0.071, 0.591]    0.375 [0.137, 0.694]    0.875 [0.529, 0.978]    0.000 [0.000, 0.324]    0.875 [0.529, 0.978]    0.500 [0.215, 0.785]    0.875 [0.529, 0.978]    0.125 [0.022, 0.471]    0.750 [0.409, 0.929]    0.375 [0.137, 0.694]    0.625 [0.306, 0.863]    0.250 [0.071, 0.591]    0.250 [0.071, 0.591]
meta-portal-evo           0.750 [0.409, 0.929]    0.500 [0.215, 0.785]    0.625 [0.306, 0.863]    0.750 [0.409, 0.929]    0.625 [0.306, 0.863]    0.625 [0.306, 0.863]    0.500 [0.215, 0.785]    1.000 [0.676, 1.000]    0.625 [0.306, 0.863]    0.875 [0.529, 0.978]    0.625 [0.306, 0.863]    1.000 [0.676, 1.000]    0.500 [0.215, 0.785]    1.000 [0.676, 1.000]    1.000 [0.676, 1.000]    0.625 [0.306, 0.863]
meta-rune-crystal         0.250 [0.071, 0.591]    0.250 [0.071, 0.591]    0.125 [0.022, 0.471]    0.500 [0.215, 0.785]    0.250 [0.071, 0.591]    0.250 [0.071, 0.591]    0.250 [0.071, 0.591]    0.625 [0.306, 0.863]    0.125 [0.022, 0.471]    0.125 [0.022, 0.471]    0.125 [0.022, 0.471]    0.375 [0.137, 0.694]    0.250 [0.071, 0.591]    0.125 [0.022, 0.471]    0.500 [0.215, 0.785]    0.125 [0.022, 0.471]
meta-rune-spell           0.125 [0.022, 0.471]    0.500 [0.215, 0.785]    0.750 [0.409, 0.929]    0.250 [0.071, 0.591]    0.500 [0.215, 0.785]    0.125 [0.022, 0.471]    0.250 [0.071, 0.591]    0.875 [0.529, 0.978]    0.125 [0.022, 0.471]    0.500 [0.215, 0.785]    0.250 [0.071, 0.591]    0.500 [0.215, 0.785]    0.500 [0.215, 0.785]    0.500 [0.215, 0.785]    0.250 [0.071, 0.591]    0.250 [0.071, 0.591]
meta-rune-test-subject    0.125 [0.022, 0.471]    0.000 [0.000, 0.324]    0.500 [0.215, 0.785]    0.375 [0.137, 0.694]    0.500 [0.215, 0.785]    0.375 [0.137, 0.694]    0.125 [0.022, 0.471]    1.000 [0.676, 1.000]    0.125 [0.022, 0.471]    0.625 [0.306, 0.863]    0.125 [0.022, 0.471]    0.875 [0.529, 0.978]    0.250 [0.071, 0.591]    0.500 [0.215, 0.785]    0.250 [0.071, 0.591]    0.125 [0.022, 0.471]
meta-sword-loot           0.625 [0.306, 0.863]    0.500 [0.215, 0.785]    0.250 [0.071, 0.591]    0.375 [0.137, 0.694]    0.625 [0.306, 0.863]    1.000 [0.676, 1.000]    0.750 [0.409, 0.929]    0.750 [0.409, 0.929]    0.000 [0.000, 0.324]    0.625 [0.306, 0.863]    0.625 [0.306, 0.863]    0.750 [0.409, 0.929]    0.750 [0.409, 0.929]    0.500 [0.215, 0.785]    0.250 [0.071, 0.591]    0.500 [0.215, 0.785]
meta-sword-rally          0.500 [0.215, 0.785]    0.500 [0.215, 0.785]    0.875 [0.529, 0.978]    0.875 [0.529, 0.978]    0.750 [0.409, 0.929]    0.875 [0.529, 0.978]    0.875 [0.529, 0.978]    1.000 [0.676, 1.000]    0.625 [0.306, 0.863]    0.875 [0.529, 0.978]    0.500 [0.215, 0.785]    0.875 [0.529, 0.978]    1.000 [0.676, 1.000]    0.750 [0.409, 0.929]    0.750 [0.409, 0.929]    0.750 [0.409, 0.929]

=== summary ===
h0 vs h0:net=results/net4-meta/linear.json,clip=0
games: 2048  decisive: 2048  draws: 0
policy_a win rate: 0.521 [0.500, 0.543]
first-player win rate: 0.554
mean turns: 8.50  mean actions: 82.77
end: lethal=2026 deckout=22 turn_cap=0 action_cap=0 no_legal=0 illegal=0
1031.633s  1.99 games/s  cpus=28
per deck:
  meta-abyss-aggro: policy_a (row) 0.539  policy_b (col) 0.594
  meta-abyss-midrange: policy_a (row) 0.750  policy_b (col) 0.672
  meta-dragon-aggro: policy_a (row) 0.555  policy_b (col) 0.477
  meta-dragon-ramp: policy_a (row) 0.484  policy_b (col) 0.438
  meta-forest-combo: policy_a (row) 0.547  policy_b (col) 0.438
  meta-haven-amulet: policy_a (row) 0.297  policy_b (col) 0.359
  meta-haven-evo: policy_a (row) 0.672  policy_b (col) 0.586
  meta-haven-kukishiro: policy_a (row) 0.180  policy_b (col) 0.133
  meta-portal-af: policy_a (row) 0.773  policy_b (col) 0.656
  meta-portal-cutthroat: policy_a (row) 0.469  policy_b (col) 0.344
  meta-portal-evo: policy_a (row) 0.727  policy_b (col) 0.680
  meta-rune-crystal: policy_a (row) 0.266  policy_b (col) 0.242
  meta-rune-spell: policy_a (row) 0.391  policy_b (col) 0.406
  meta-rune-test-subject: policy_a (row) 0.367  policy_b (col) 0.445
  meta-sword-loot: policy_a (row) 0.555  policy_b (col) 0.555
  meta-sword-rally: policy_a (row) 0.773  policy_b (col) 0.633

2048 games in 1031.633s (2.0 games/s)
wrote C:\Users\agban\projects\arena\results\sweep12\c03-reverse.json
