pool: meta
decks: 16 (meta-abyss-aggro, meta-abyss-midrange, meta-dragon-aggro, meta-dragon-ramp, meta-forest-combo, meta-haven-amulet, meta-haven-evo, meta-haven-kukishiro, meta-portal-af, meta-portal-cutthroat, meta-portal-evo, meta-rune-crystal, meta-rune-spell, meta-rune-test-subject, meta-sword-loot, meta-sword-rally)
pairs: 256 (16 x 16, mirrors included)
games     1 games/pair x 256 =   256
matchup: 16 decks × 1 games = 256 games (seed=1, policy_a=h0:net=results/net4-meta/linear.json, policy_b=h0:net=results/net4-meta/linear.json, first=alternate, threads=None)
Win rate (row = A, col = B; cell = A's win rate)
                              meta-abyss-aggro     meta-abyss-midrange       meta-dragon-aggro        meta-dragon-ramp       meta-forest-combo       meta-haven-amulet          meta-haven-evo    meta-haven-kukishiro          meta-portal-af   meta-portal-cutthroat         meta-portal-evo       meta-rune-crystal         meta-rune-spell  meta-rune-test-subject         meta-sword-loot        meta-sword-rally
meta-abyss-aggro                         0.000                   1.000                   0.000                   1.000                   0.000                   1.000                   1.000                   1.000                   0.000                   1.000                   1.000                   1.000                   1.000                   0.000                   0.000                   1.000
meta-abyss-midrange                      1.000                   1.000                   0.000                   1.000                   1.000                   1.000                   1.000                   1.000                   0.000                   0.000                   1.000                   1.000                   1.000                   0.000                   1.000                   1.000
meta-dragon-aggro                        1.000                   0.000                   0.000                   1.000                   0.000                   1.000                   0.000                   1.000                   1.000                   1.000                   0.000                   0.000                   1.000                   1.000                   0.000                   0.000
meta-dragon-ramp                         1.000                   1.000                   0.000                   1.000                   0.000                   0.000                   0.000                   1.000                   1.000                   1.000                   0.000                   0.000                   0.000                   1.000                   0.000                   0.000
meta-forest-combo                        1.000                   0.000                   1.000                   0.000                   1.000                   0.000                   0.000                   1.000                   1.000                   0.000                   0.000                   1.000                   1.000                   1.000                   0.000                   0.000
meta-haven-amulet                        1.000                   0.000                   0.000                   1.000                   1.000                   1.000                   0.000                   1.000                   0.000                   0.000                   0.000                   0.000                   1.000                   0.000                   0.000                   0.000
meta-haven-evo                           1.000                   1.000                   0.000                   0.000                   0.000                   1.000                   1.000                   1.000                   0.000                   1.000                   1.000                   1.000                   1.000                   1.000                   1.000                   1.000
meta-haven-kukishiro                     0.000                   0.000                   0.000                   0.000                   0.000                   0.000                   0.000                   1.000                   0.000                   0.000                   0.000                   0.000                   1.000                   1.000                   0.000                   0.000
meta-portal-af                           0.000                   1.000                   0.000                   0.000                   1.000                   1.000                   0.000                   1.000                   1.000                   0.000                   1.000                   1.000                   1.000                   1.000                   0.000                   1.000
meta-portal-cutthroat                    0.000                   0.000                   1.000                   0.000                   1.000                   1.000                   0.000                   1.000                   0.000                   0.000                   1.000                   0.000                   1.000                   1.000                   0.000                   0.000
meta-portal-evo                          0.000                   0.000                   1.000                   1.000                   1.000                   1.000                   1.000                   1.000                   0.000                   1.000                   0.000                   1.000                   1.000                   1.000                   1.000                   1.000
meta-rune-crystal                        0.000                   0.000                   0.000                   1.000                   0.000                   1.000                   1.000                   1.000                   0.000                   0.000                   0.000                   1.000                   0.000                   1.000                   0.000                   1.000
meta-rune-spell                          0.000                   0.000                   1.000                   0.000                   0.000                   0.000                   1.000                   1.000                   0.000                   1.000                   0.000                   0.000                   1.000                   1.000                   0.000                   0.000
meta-rune-test-subject                   0.000                   0.000                   1.000                   0.000                   0.000                   1.000                   0.000                   1.000                   0.000                   1.000                   0.000                   1.000                   1.000                   1.000                   0.000                   0.000
meta-sword-loot                          0.000                   0.000                   1.000                   1.000                   1.000                   0.000                   1.000                   1.000                   0.000                   1.000                   0.000                   1.000                   1.000                   1.000                   0.000                   0.000
meta-sword-rally                         1.000                   1.000                   0.000                   1.000                   1.000                   1.000                   0.000                   1.000                   1.000                   1.000                   1.000                   1.000                   1.000                   1.000                   1.000                   0.000

First-player win rate / mean turns
                              meta-abyss-aggro     meta-abyss-midrange       meta-dragon-aggro        meta-dragon-ramp       meta-forest-combo       meta-haven-amulet          meta-haven-evo    meta-haven-kukishiro          meta-portal-af   meta-portal-cutthroat         meta-portal-evo       meta-rune-crystal         meta-rune-spell  meta-rune-test-subject         meta-sword-loot        meta-sword-rally
meta-abyss-aggro                 0.000 /   6.0           1.000 /   6.0           0.000 /   6.0           1.000 /   6.0           0.000 /  12.0           1.000 /   5.0           1.000 /   9.0           1.000 /   8.0           0.000 /   8.0           1.000 /   9.0           1.000 /   7.0           1.000 /   8.0           1.000 /   7.0           0.000 /   7.0           0.000 /   6.0           1.000 /   6.0
meta-abyss-midrange              1.000 /   7.0           1.000 /   8.0           0.000 /   6.0           1.000 /   8.0           1.000 /   7.0           1.000 /   6.0           1.000 /   8.0           1.000 /   6.0           0.000 /   7.0           0.000 /   7.0           1.000 /   9.0           1.000 /   7.0           1.000 /   8.0           0.000 /   8.0           1.000 /   7.0           1.000 /   8.0
meta-dragon-aggro                1.000 /   7.0           0.000 /   9.0           0.000 /   6.0           1.000 /   7.0           0.000 /   8.0           1.000 /   7.0           0.000 /  11.0           1.000 /   6.0           1.000 /   7.0           1.000 /   6.0           0.000 /   8.0           0.000 /   7.0           1.000 /   6.0           1.000 /   8.0           0.000 /   7.0           0.000 /   8.0
meta-dragon-ramp                 1.000 /   8.0           1.000 /  10.0           0.000 /   5.0           1.000 /  11.0           0.000 /   6.0           0.000 /  14.0           0.000 /  11.0           1.000 /  12.0           1.000 /   8.0           1.000 /   9.0           0.000 /   6.0           0.000 /   8.0           0.000 /   8.0           1.000 /   8.0           0.000 /   6.0           0.000 /   6.0
meta-forest-combo                1.000 /   7.0           0.000 /   7.0           1.000 /   7.0           0.000 /   7.0           1.000 /   7.0           0.000 /  11.0           0.000 /   9.0           1.000 /  11.0           1.000 /  10.0           0.000 /   8.0           0.000 /   7.0           1.000 /   9.0           1.000 /   7.0           1.000 /   8.0           0.000 /   8.0           0.000 /   7.0
meta-haven-amulet                1.000 /  11.0           0.000 /   9.0           0.000 /   6.0           1.000 /  12.0           1.000 /  11.0           1.000 /  19.0           0.000 /  14.0           1.000 /  14.0           0.000 /   8.0           0.000 /   8.0           0.000 /  14.0           0.000 /   9.0           1.000 /  16.0           0.000 /   8.0           0.000 /   7.0           0.000 /   5.0
meta-haven-evo                   1.000 /   6.0           1.000 /  13.0           0.000 /   7.0           0.000 /   8.0           0.000 /   7.0           1.000 /  14.0           1.000 /  12.0           1.000 /  10.0           0.000 /  15.0           1.000 /   9.0           1.000 /  10.0           1.000 /   9.0           1.000 /  10.0           1.000 /  10.0           1.000 /   8.0           1.000 /   8.0
meta-haven-kukishiro             0.000 /   9.0           0.000 /   8.0           0.000 /   7.0           0.000 /   9.0           0.000 /  11.0           0.000 /  11.0           0.000 /  16.0           1.000 /  19.0           0.000 /  15.0           0.000 /  11.0           0.000 /   8.0           0.000 /   6.0           1.000 /  18.0           1.000 /  11.0           0.000 /   9.0           0.000 /   8.0
meta-portal-af                   0.000 /   8.0           1.000 /   8.0           0.000 /   6.0           0.000 /   9.0           1.000 /   6.0           1.000 /   6.0           0.000 /  10.0           1.000 /   8.0           1.000 /  11.0           0.000 /   8.0           1.000 /   9.0           1.000 /   7.0           1.000 /   7.0           1.000 /   8.0           0.000 /   7.0           1.000 /  11.0
meta-portal-cutthroat            0.000 /   5.0           0.000 /   7.0           1.000 /   8.0           0.000 /   9.0           1.000 /  11.0           1.000 /  12.0           0.000 /   8.0           1.000 /   6.0           0.000 /  10.0           0.000 /   8.0           1.000 /   7.0           0.000 /  10.0           1.000 /   9.0           1.000 /   8.0           0.000 /   7.0           0.000 /   8.0
meta-portal-evo                  0.000 /   6.0           0.000 /  10.0           1.000 /   8.0           1.000 /   9.0           1.000 /   9.0           1.000 /  15.0           1.000 /   7.0           1.000 /   7.0           0.000 /   8.0           1.000 /   9.0           0.000 /   9.0           1.000 /   7.0           1.000 /   7.0           1.000 /  10.0           1.000 /   8.0           1.000 /  10.0
meta-rune-crystal                0.000 /   6.0           0.000 /   6.0           0.000 /   7.0           1.000 /   6.0           0.000 /   7.0           1.000 /   6.0           1.000 /   8.0           1.000 /   9.0           0.000 /   7.0           0.000 /   8.0           0.000 /   8.0           1.000 /   8.0           0.000 /   9.0           1.000 /   9.0           0.000 /   9.0           1.000 /   6.0
meta-rune-spell                  0.000 /   6.0           0.000 /   6.0           1.000 /   8.0           0.000 /  11.0           0.000 /   6.0           0.000 /  16.0           1.000 /   7.0           1.000 /  17.0           0.000 /   8.0           1.000 /   9.0           0.000 /   5.0           0.000 /   7.0           1.000 /   8.0           1.000 /   9.0           0.000 /   6.0           0.000 /   8.0
meta-rune-test-subject           0.000 /   7.0           0.000 /   8.0           1.000 /  10.0           0.000 /   9.0           0.000 /   7.0           1.000 /   9.0           0.000 /  10.0           1.000 /   6.0           0.000 /   8.0           1.000 /   9.0           0.000 /   7.0           1.000 /   8.0           1.000 /  10.0           1.000 /  11.0           0.000 /   9.0           0.000 /   7.0
meta-sword-loot                  0.000 /   8.0           0.000 /   9.0           1.000 /   6.0           1.000 /   6.0           1.000 /   9.0           0.000 /  11.0           1.000 /   7.0           1.000 /   9.0           0.000 /   6.0           1.000 /  10.0           0.000 /   9.0           1.000 /   7.0           1.000 /   6.0           1.000 /  10.0           0.000 /   6.0           0.000 /   8.0
meta-sword-rally                 1.000 /   7.0           1.000 /   8.0           0.000 /   5.0           1.000 /   6.0           1.000 /   8.0           1.000 /   8.0           0.000 /   8.0           1.000 /   8.0           1.000 /   9.0           1.000 /   9.0           1.000 /  11.0           1.000 /   8.0           1.000 /   8.0           1.000 /   8.0           1.000 /   8.0           0.000 /   8.0

A win rate over decisive games, Wilson 95% [lo, hi]
                              meta-abyss-aggro     meta-abyss-midrange       meta-dragon-aggro        meta-dragon-ramp       meta-forest-combo       meta-haven-amulet          meta-haven-evo    meta-haven-kukishiro          meta-portal-af   meta-portal-cutthroat         meta-portal-evo       meta-rune-crystal         meta-rune-spell  meta-rune-test-subject         meta-sword-loot        meta-sword-rally
meta-abyss-aggro          0.000 [0.000, 0.793]    1.000 [0.207, 1.000]    0.000 [0.000, 0.793]    1.000 [0.207, 1.000]    0.000 [0.000, 0.793]    1.000 [0.207, 1.000]    1.000 [0.207, 1.000]    1.000 [0.207, 1.000]    0.000 [0.000, 0.793]    1.000 [0.207, 1.000]    1.000 [0.207, 1.000]    1.000 [0.207, 1.000]    1.000 [0.207, 1.000]    0.000 [0.000, 0.793]    0.000 [0.000, 0.793]    1.000 [0.207, 1.000]
meta-abyss-midrange       1.000 [0.207, 1.000]    1.000 [0.207, 1.000]    0.000 [0.000, 0.793]    1.000 [0.207, 1.000]    1.000 [0.207, 1.000]    1.000 [0.207, 1.000]    1.000 [0.207, 1.000]    1.000 [0.207, 1.000]    0.000 [0.000, 0.793]    0.000 [0.000, 0.793]    1.000 [0.207, 1.000]    1.000 [0.207, 1.000]    1.000 [0.207, 1.000]    0.000 [0.000, 0.793]    1.000 [0.207, 1.000]    1.000 [0.207, 1.000]
meta-dragon-aggro         1.000 [0.207, 1.000]    0.000 [0.000, 0.793]    0.000 [0.000, 0.793]    1.000 [0.207, 1.000]    0.000 [0.000, 0.793]    1.000 [0.207, 1.000]    0.000 [0.000, 0.793]    1.000 [0.207, 1.000]    1.000 [0.207, 1.000]    1.000 [0.207, 1.000]    0.000 [0.000, 0.793]    0.000 [0.000, 0.793]    1.000 [0.207, 1.000]    1.000 [0.207, 1.000]    0.000 [0.000, 0.793]    0.000 [0.000, 0.793]
meta-dragon-ramp          1.000 [0.207, 1.000]    1.000 [0.207, 1.000]    0.000 [0.000, 0.793]    1.000 [0.207, 1.000]    0.000 [0.000, 0.793]    0.000 [0.000, 0.793]    0.000 [0.000, 0.793]    1.000 [0.207, 1.000]    1.000 [0.207, 1.000]    1.000 [0.207, 1.000]    0.000 [0.000, 0.793]    0.000 [0.000, 0.793]    0.000 [0.000, 0.793]    1.000 [0.207, 1.000]    0.000 [0.000, 0.793]    0.000 [0.000, 0.793]
meta-forest-combo         1.000 [0.207, 1.000]    0.000 [0.000, 0.793]    1.000 [0.207, 1.000]    0.000 [0.000, 0.793]    1.000 [0.207, 1.000]    0.000 [0.000, 0.793]    0.000 [0.000, 0.793]    1.000 [0.207, 1.000]    1.000 [0.207, 1.000]    0.000 [0.000, 0.793]    0.000 [0.000, 0.793]    1.000 [0.207, 1.000]    1.000 [0.207, 1.000]    1.000 [0.207, 1.000]    0.000 [0.000, 0.793]    0.000 [0.000, 0.793]
meta-haven-amulet         1.000 [0.207, 1.000]    0.000 [0.000, 0.793]    0.000 [0.000, 0.793]    1.000 [0.207, 1.000]    1.000 [0.207, 1.000]    1.000 [0.207, 1.000]    0.000 [0.000, 0.793]    1.000 [0.207, 1.000]    0.000 [0.000, 0.793]    0.000 [0.000, 0.793]    0.000 [0.000, 0.793]    0.000 [0.000, 0.793]    1.000 [0.207, 1.000]    0.000 [0.000, 0.793]    0.000 [0.000, 0.793]    0.000 [0.000, 0.793]
meta-haven-evo            1.000 [0.207, 1.000]    1.000 [0.207, 1.000]    0.000 [0.000, 0.793]    0.000 [0.000, 0.793]    0.000 [0.000, 0.793]    1.000 [0.207, 1.000]    1.000 [0.207, 1.000]    1.000 [0.207, 1.000]    0.000 [0.000, 0.793]    1.000 [0.207, 1.000]    1.000 [0.207, 1.000]    1.000 [0.207, 1.000]    1.000 [0.207, 1.000]    1.000 [0.207, 1.000]    1.000 [0.207, 1.000]    1.000 [0.207, 1.000]
meta-haven-kukishiro      0.000 [0.000, 0.793]    0.000 [0.000, 0.793]    0.000 [0.000, 0.793]    0.000 [0.000, 0.793]    0.000 [0.000, 0.793]    0.000 [0.000, 0.793]    0.000 [0.000, 0.793]    1.000 [0.207, 1.000]    0.000 [0.000, 0.793]    0.000 [0.000, 0.793]    0.000 [0.000, 0.793]    0.000 [0.000, 0.793]    1.000 [0.207, 1.000]    1.000 [0.207, 1.000]    0.000 [0.000, 0.793]    0.000 [0.000, 0.793]
meta-portal-af            0.000 [0.000, 0.793]    1.000 [0.207, 1.000]    0.000 [0.000, 0.793]    0.000 [0.000, 0.793]    1.000 [0.207, 1.000]    1.000 [0.207, 1.000]    0.000 [0.000, 0.793]    1.000 [0.207, 1.000]    1.000 [0.207, 1.000]    0.000 [0.000, 0.793]    1.000 [0.207, 1.000]    1.000 [0.207, 1.000]    1.000 [0.207, 1.000]    1.000 [0.207, 1.000]    0.000 [0.000, 0.793]    1.000 [0.207, 1.000]
meta-portal-cutthroat     0.000 [0.000, 0.793]    0.000 [0.000, 0.793]    1.000 [0.207, 1.000]    0.000 [0.000, 0.793]    1.000 [0.207, 1.000]    1.000 [0.207, 1.000]    0.000 [0.000, 0.793]    1.000 [0.207, 1.000]    0.000 [0.000, 0.793]    0.000 [0.000, 0.793]    1.000 [0.207, 1.000]    0.000 [0.000, 0.793]    1.000 [0.207, 1.000]    1.000 [0.207, 1.000]    0.000 [0.000, 0.793]    0.000 [0.000, 0.793]
meta-portal-evo           0.000 [0.000, 0.793]    0.000 [0.000, 0.793]    1.000 [0.207, 1.000]    1.000 [0.207, 1.000]    1.000 [0.207, 1.000]    1.000 [0.207, 1.000]    1.000 [0.207, 1.000]    1.000 [0.207, 1.000]    0.000 [0.000, 0.793]    1.000 [0.207, 1.000]    0.000 [0.000, 0.793]    1.000 [0.207, 1.000]    1.000 [0.207, 1.000]    1.000 [0.207, 1.000]    1.000 [0.207, 1.000]    1.000 [0.207, 1.000]
meta-rune-crystal         0.000 [0.000, 0.793]    0.000 [0.000, 0.793]    0.000 [0.000, 0.793]    1.000 [0.207, 1.000]    0.000 [0.000, 0.793]    1.000 [0.207, 1.000]    1.000 [0.207, 1.000]    1.000 [0.207, 1.000]    0.000 [0.000, 0.793]    0.000 [0.000, 0.793]    0.000 [0.000, 0.793]    1.000 [0.207, 1.000]    0.000 [0.000, 0.793]    1.000 [0.207, 1.000]    0.000 [0.000, 0.793]    1.000 [0.207, 1.000]
meta-rune-spell           0.000 [0.000, 0.793]    0.000 [0.000, 0.793]    1.000 [0.207, 1.000]    0.000 [0.000, 0.793]    0.000 [0.000, 0.793]    0.000 [0.000, 0.793]    1.000 [0.207, 1.000]    1.000 [0.207, 1.000]    0.000 [0.000, 0.793]    1.000 [0.207, 1.000]    0.000 [0.000, 0.793]    0.000 [0.000, 0.793]    1.000 [0.207, 1.000]    1.000 [0.207, 1.000]    0.000 [0.000, 0.793]    0.000 [0.000, 0.793]
meta-rune-test-subject    0.000 [0.000, 0.793]    0.000 [0.000, 0.793]    1.000 [0.207, 1.000]    0.000 [0.000, 0.793]    0.000 [0.000, 0.793]    1.000 [0.207, 1.000]    0.000 [0.000, 0.793]    1.000 [0.207, 1.000]    0.000 [0.000, 0.793]    1.000 [0.207, 1.000]    0.000 [0.000, 0.793]    1.000 [0.207, 1.000]    1.000 [0.207, 1.000]    1.000 [0.207, 1.000]    0.000 [0.000, 0.793]    0.000 [0.000, 0.793]
meta-sword-loot           0.000 [0.000, 0.793]    0.000 [0.000, 0.793]    1.000 [0.207, 1.000]    1.000 [0.207, 1.000]    1.000 [0.207, 1.000]    0.000 [0.000, 0.793]    1.000 [0.207, 1.000]    1.000 [0.207, 1.000]    0.000 [0.000, 0.793]    1.000 [0.207, 1.000]    0.000 [0.000, 0.793]    1.000 [0.207, 1.000]    1.000 [0.207, 1.000]    1.000 [0.207, 1.000]    0.000 [0.000, 0.793]    0.000 [0.000, 0.793]
meta-sword-rally          1.000 [0.207, 1.000]    1.000 [0.207, 1.000]    0.000 [0.000, 0.793]    1.000 [0.207, 1.000]    1.000 [0.207, 1.000]    1.000 [0.207, 1.000]    0.000 [0.000, 0.793]    1.000 [0.207, 1.000]    1.000 [0.207, 1.000]    1.000 [0.207, 1.000]    1.000 [0.207, 1.000]    1.000 [0.207, 1.000]    1.000 [0.207, 1.000]    1.000 [0.207, 1.000]    1.000 [0.207, 1.000]    0.000 [0.000, 0.793]

=== summary ===
h0:net=results/net4-meta/linear.json vs h0:net=results/net4-meta/linear.json
games: 256  decisive: 256  draws: 0
policy_a win rate: 0.535 [0.474, 0.595]
first-player win rate: 0.535
mean turns: 8.46  mean actions: 80.83
end: lethal=250 deckout=6 turn_cap=0 action_cap=0 no_legal=0 illegal=0
129.256s  1.98 games/s  cpus=28
per deck:
  meta-abyss-aggro: policy_a (row) 0.625  policy_b (col) 0.562
  meta-abyss-midrange: policy_a (row) 0.750  policy_b (col) 0.625
  meta-dragon-aggro: policy_a (row) 0.500  policy_b (col) 0.625
  meta-dragon-ramp: policy_a (row) 0.438  policy_b (col) 0.438
  meta-forest-combo: policy_a (row) 0.500  policy_b (col) 0.500
  meta-haven-amulet: policy_a (row) 0.375  policy_b (col) 0.312
  meta-haven-evo: policy_a (row) 0.750  policy_b (col) 0.562
  meta-haven-kukishiro: policy_a (row) 0.188  policy_b (col) 0.000
  meta-portal-af: policy_a (row) 0.625  policy_b (col) 0.688
  meta-portal-cutthroat: policy_a (row) 0.438  policy_b (col) 0.438
  meta-portal-evo: policy_a (row) 0.750  policy_b (col) 0.625
  meta-rune-crystal: policy_a (row) 0.438  policy_b (col) 0.375
  meta-rune-spell: policy_a (row) 0.375  policy_b (col) 0.125
  meta-rune-test-subject: policy_a (row) 0.438  policy_b (col) 0.188
  meta-sword-loot: policy_a (row) 0.562  policy_b (col) 0.750
  meta-sword-rally: policy_a (row) 0.812  policy_b (col) 0.625

256 games in 129.256s (2.0 games/s)
wrote C:\Users\agban\projects\arena\results\sweep12\tp-c01.json
