pool: meta
decks: 16 (meta-abyss-aggro, meta-abyss-midrange, meta-dragon-aggro, meta-dragon-ramp, meta-forest-combo, meta-haven-amulet, meta-haven-evo, meta-haven-kukishiro, meta-portal-af, meta-portal-cutthroat, meta-portal-evo, meta-rune-crystal, meta-rune-spell, meta-rune-test-subject, meta-sword-loot, meta-sword-rally)
pairs: 256 (16 x 16, mirrors included)
games    16 games/pair x 256 =  4096
matchup: 16 decks × 16 games = 4096 games (seed=1, policy_a=h0:oevo=0, policy_b=h0, first=alternate, threads=None)
Win rate (row = A, col = B; cell = A's win rate)
                              meta-abyss-aggro     meta-abyss-midrange       meta-dragon-aggro        meta-dragon-ramp       meta-forest-combo       meta-haven-amulet          meta-haven-evo    meta-haven-kukishiro          meta-portal-af   meta-portal-cutthroat         meta-portal-evo       meta-rune-crystal         meta-rune-spell  meta-rune-test-subject         meta-sword-loot        meta-sword-rally
meta-abyss-aggro                         0.562                   0.500                   0.375                   0.562                   0.375                   0.938                   0.688                   0.562                   0.312                   0.625                   0.500                   0.812                   0.750                   0.625                   0.375                   0.500
meta-abyss-midrange                      0.625                   0.500                   0.688                   0.875                   0.688                   0.875                   0.625                   1.000                   0.500                   0.750                   0.562                   0.938                   0.625                   0.812                   0.562                   0.562
meta-dragon-aggro                        0.688                   0.438                   0.500                   0.750                   0.375                   0.812                   0.562                   0.750                   0.438                   0.750                   0.375                   0.750                   0.500                   0.625                   0.500                   0.562
meta-dragon-ramp                         0.250                   0.250                   0.250                   0.500                   0.375                   0.875                   0.500                   1.000                   0.125                   0.812                   0.188                   0.812                   0.500                   0.750                   0.250                   0.188
meta-forest-combo                        0.562                   0.312                   0.438                   0.625                   0.500                   0.500                   0.375                   0.750                   0.250                   0.812                   0.188                   0.812                   0.688                   0.500                   0.688                   0.125
meta-haven-amulet                        0.125                   0.125                   0.250                   0.188                   0.438                   0.500                   0.125                   0.812                   0.188                   0.188                   0.062                   0.562                   0.500                   0.500                   0.250                   0.062
meta-haven-evo                           0.375                   0.500                   0.250                   0.625                   0.688                   0.688                   0.500                   0.938                   0.688                   0.312                   0.625                   0.938                   0.625                   0.750                   0.312                   0.688
meta-haven-kukishiro                     0.125                   0.062                   0.125                   0.000                   0.062                   0.375                   0.062                   0.375                   0.000                   0.062                   0.000                   0.312                   0.188                   0.188                   0.000                   0.000
meta-portal-af                           0.688                   0.312                   0.750                   0.750                   0.875                   0.875                   0.500                   1.000                   0.188                   0.750                   0.438                   1.000                   0.812                   0.938                   0.688                   0.250
meta-portal-cutthroat                    0.438                   0.000                   0.250                   0.188                   0.188                   0.625                   0.375                   1.000                   0.188                   0.312                   0.188                   0.812                   0.375                   0.500                   0.125                   0.312
meta-portal-evo                          0.562                   0.688                   0.688                   0.625                   0.812                   0.875                   0.312                   1.000                   0.438                   0.750                   0.562                   0.938                   0.688                   0.938                   0.750                   0.688
meta-rune-crystal                        0.250                   0.062                   0.250                   0.312                   0.250                   0.375                   0.250                   0.562                   0.000                   0.375                   0.062                   0.250                   0.438                   0.125                   0.250                   0.062
meta-rune-spell                          0.250                   0.312                   0.188                   0.312                   0.438                   0.375                   0.375                   0.562                   0.250                   0.375                   0.062                   0.438                   0.562                   0.625                   0.375                   0.125
meta-rune-test-subject                   0.125                   0.250                   0.438                   0.250                   0.250                   0.500                   0.125                   0.750                   0.000                   0.562                   0.125                   0.688                   0.500                   0.500                   0.438                   0.125
meta-sword-loot                          0.312                   0.500                   0.500                   0.625                   0.438                   0.938                   0.562                   0.875                   0.312                   0.938                   0.250                   0.938                   0.438                   0.875                   0.438                   0.438
meta-sword-rally                         0.562                   0.375                   0.500                   0.500                   0.750                   0.812                   0.312                   1.000                   0.500                   0.750                   0.312                   0.938                   0.750                   0.750                   0.688                   0.500

First-player win rate / mean turns
                              meta-abyss-aggro     meta-abyss-midrange       meta-dragon-aggro        meta-dragon-ramp       meta-forest-combo       meta-haven-amulet          meta-haven-evo    meta-haven-kukishiro          meta-portal-af   meta-portal-cutthroat         meta-portal-evo       meta-rune-crystal         meta-rune-spell  meta-rune-test-subject         meta-sword-loot        meta-sword-rally
meta-abyss-aggro                 0.438 /   6.1           0.250 /   6.6           0.500 /   6.6           0.438 /   6.6           0.500 /   7.1           0.438 /   6.6           0.688 /   6.9           0.562 /   7.9           0.438 /   7.2           0.625 /   7.2           0.625 /   7.1           0.562 /   7.3           0.375 /   6.9           0.500 /   6.9           0.625 /   6.9           0.625 /   7.0
meta-abyss-midrange              0.500 /   6.2           0.500 /   8.9           0.312 /   7.6           0.625 /   8.6           0.312 /   8.5           0.625 /   8.7           0.625 /   8.2           0.500 /   8.2           0.625 /   8.4           0.500 /   7.9           0.562 /   8.1           0.562 /   7.7           0.750 /   7.7           0.562 /   8.4           0.438 /   7.6           0.688 /   8.4
meta-dragon-aggro                0.438 /   6.7           0.562 /   7.2           0.500 /   6.8           0.500 /   7.2           0.625 /   7.0           0.688 /   7.7           0.438 /   7.4           0.500 /   8.2           0.438 /   7.1           0.625 /   7.6           0.625 /   7.4           0.500 /   7.8           0.500 /   7.2           0.500 /   7.5           0.375 /   7.5           0.438 /   6.9
meta-dragon-ramp                 0.625 /   6.7           0.750 /   7.9           0.375 /   7.1           0.750 /  11.3           0.500 /   7.8           0.625 /  10.6           0.625 /   9.8           0.500 /  12.4           0.500 /   8.5           0.562 /   9.1           0.562 /   7.9           0.438 /   8.2           0.500 /   8.1           0.625 /   8.6           0.625 /   7.5           0.688 /   8.2
meta-forest-combo                0.562 /   7.4           0.562 /   7.9           0.812 /   7.9           0.750 /   8.8           0.500 /   8.9           0.500 /  11.4           0.625 /   8.9           0.375 /  10.2           0.500 /   8.2           0.562 /   8.1           0.688 /   7.8           0.438 /   8.6           0.562 /   7.6           0.750 /   8.4           0.562 /   8.8           0.500 /   8.3
meta-haven-amulet                0.625 /   7.1           0.500 /   9.0           0.500 /   7.9           0.562 /  11.4           0.312 /   9.7           0.375 /  16.1           0.500 /  11.9           0.562 /  16.4           0.562 /   8.5           0.438 /   9.3           0.438 /  10.6           0.562 /   9.9           0.500 /  12.4           0.625 /  10.6           0.500 /   8.8           0.562 /   8.1
meta-haven-evo                   0.500 /   6.9           0.750 /   8.0           0.625 /   7.7           0.625 /   8.9           0.562 /   9.2           0.562 /  12.6           0.500 /  11.6           0.562 /  10.1           0.688 /   9.0           0.438 /   9.0           0.750 /   9.0           0.562 /   9.2           0.625 /   8.7           0.625 /   8.8           0.562 /   8.6           0.562 /   8.6
meta-haven-kukishiro             0.625 /   7.7           0.562 /   8.1           0.625 /   7.8           0.500 /  10.0           0.562 /   9.4           0.625 /  16.0           0.562 /   9.8           0.500 /  15.9           0.500 /   8.1           0.562 /   9.5           0.500 /   8.6           0.812 /  10.4           0.688 /   9.0           0.438 /   9.5           0.500 /  10.2           0.500 /   7.6
meta-portal-af                   0.562 /   7.4           0.562 /   8.6           0.500 /   7.3           0.625 /   8.6           0.500 /   8.4           0.625 /   8.8           0.625 /   8.6           0.500 /   7.9           0.438 /   8.4           0.625 /   8.1           0.188 /   8.2           0.500 /   7.8           0.688 /   8.0           0.562 /   7.9           0.562 /   8.2           0.625 /   8.5
meta-portal-cutthroat            0.688 /   7.2           0.500 /   8.0           0.500 /   7.1           0.562 /   9.8           0.562 /   7.8           0.750 /   9.6           0.625 /  10.6           0.500 /   9.6           0.562 /   7.8           0.562 /   8.5           0.562 /   7.8           0.438 /   7.9           0.500 /   8.1           0.625 /   9.1           0.625 /   7.9           0.688 /   7.7
meta-portal-evo                  0.438 /   6.9           0.562 /   8.9           0.688 /   7.5           0.625 /   9.1           0.688 /   8.8           0.500 /   9.3           0.312 /   9.2           0.500 /   7.9           0.688 /   9.2           0.750 /   8.9           0.438 /   8.8           0.562 /   8.1           0.688 /   8.3           0.438 /   8.1           0.625 /   8.1           0.812 /   8.6
meta-rune-crystal                0.500 /   6.8           0.438 /   7.8           0.500 /   7.4           0.562 /   8.2           0.750 /   8.9           0.500 /  10.3           0.625 /   8.4           0.438 /  10.6           0.500 /   7.9           0.625 /   9.2           0.562 /   7.9           0.562 /   8.6           0.438 /   7.6           0.625 /   8.4           0.625 /   8.8           0.438 /   7.4
meta-rune-spell                  0.625 /   5.8           0.562 /   7.9           0.688 /   7.1           0.562 /   8.6           0.562 /   8.1           0.375 /  12.0           0.625 /   9.2           0.438 /  10.8           0.625 /   7.6           0.500 /   8.4           0.438 /   8.1           0.562 /   7.4           0.562 /   7.6           0.500 /   7.9           0.375 /   7.6           0.500 /   7.0
meta-rune-test-subject           0.500 /   6.6           0.625 /   8.3           0.688 /   7.6           0.500 /   9.4           0.500 /   8.6           0.625 /  10.6           0.500 /   8.9           0.625 /   9.5           0.500 /   8.1           0.438 /   8.4           0.625 /   8.1           0.562 /   8.4           0.625 /   7.6           0.625 /   8.8           0.562 /   7.8           0.625 /   7.9
meta-sword-loot                  0.312 /   6.9           0.625 /   7.4           0.625 /   7.7           0.625 /   8.2           0.812 /   8.9           0.438 /   7.9           0.812 /   8.4           0.500 /   8.6           0.688 /   8.1           0.438 /   7.6           0.500 /   8.1           0.438 /   7.8           0.562 /   8.4           0.500 /   7.9           0.438 /   7.4           0.812 /   7.5
meta-sword-rally                 0.438 /   7.2           0.625 /   8.8           0.625 /   7.2           0.875 /   7.9           0.625 /   8.7           0.562 /   9.0           0.562 /   8.5           0.500 /   7.9           0.625 /   8.5           0.625 /   8.3           0.562 /   8.5           0.562 /   7.0           0.625 /   7.4           0.375 /   8.0           0.562 /   7.2           0.500 /   8.4

A win rate over decisive games, Wilson 95% [lo, hi]
                              meta-abyss-aggro     meta-abyss-midrange       meta-dragon-aggro        meta-dragon-ramp       meta-forest-combo       meta-haven-amulet          meta-haven-evo    meta-haven-kukishiro          meta-portal-af   meta-portal-cutthroat         meta-portal-evo       meta-rune-crystal         meta-rune-spell  meta-rune-test-subject         meta-sword-loot        meta-sword-rally
meta-abyss-aggro          0.562 [0.332, 0.769]    0.500 [0.280, 0.720]    0.375 [0.185, 0.614]    0.562 [0.332, 0.769]    0.375 [0.185, 0.614]    0.938 [0.717, 0.989]    0.688 [0.444, 0.858]    0.562 [0.332, 0.769]    0.312 [0.142, 0.556]    0.625 [0.386, 0.815]    0.500 [0.280, 0.720]    0.812 [0.570, 0.934]    0.750 [0.505, 0.898]    0.625 [0.386, 0.815]    0.375 [0.185, 0.614]    0.500 [0.280, 0.720]
meta-abyss-midrange       0.625 [0.386, 0.815]    0.500 [0.280, 0.720]    0.688 [0.444, 0.858]    0.875 [0.640, 0.965]    0.688 [0.444, 0.858]    0.875 [0.640, 0.965]    0.625 [0.386, 0.815]    1.000 [0.806, 1.000]    0.500 [0.280, 0.720]    0.750 [0.505, 0.898]    0.562 [0.332, 0.769]    0.938 [0.717, 0.989]    0.625 [0.386, 0.815]    0.812 [0.570, 0.934]    0.562 [0.332, 0.769]    0.562 [0.332, 0.769]
meta-dragon-aggro         0.688 [0.444, 0.858]    0.438 [0.231, 0.668]    0.500 [0.280, 0.720]    0.750 [0.505, 0.898]    0.375 [0.185, 0.614]    0.812 [0.570, 0.934]    0.562 [0.332, 0.769]    0.750 [0.505, 0.898]    0.438 [0.231, 0.668]    0.750 [0.505, 0.898]    0.375 [0.185, 0.614]    0.750 [0.505, 0.898]    0.500 [0.280, 0.720]    0.625 [0.386, 0.815]    0.500 [0.280, 0.720]    0.562 [0.332, 0.769]
meta-dragon-ramp          0.250 [0.102, 0.495]    0.250 [0.102, 0.495]    0.250 [0.102, 0.495]    0.500 [0.280, 0.720]    0.375 [0.185, 0.614]    0.875 [0.640, 0.965]    0.500 [0.280, 0.720]    1.000 [0.806, 1.000]    0.125 [0.035, 0.360]    0.812 [0.570, 0.934]    0.188 [0.066, 0.430]    0.812 [0.570, 0.934]    0.500 [0.280, 0.720]    0.750 [0.505, 0.898]    0.250 [0.102, 0.495]    0.188 [0.066, 0.430]
meta-forest-combo         0.562 [0.332, 0.769]    0.312 [0.142, 0.556]    0.438 [0.231, 0.668]    0.625 [0.386, 0.815]    0.500 [0.280, 0.720]    0.500 [0.280, 0.720]    0.375 [0.185, 0.614]    0.750 [0.505, 0.898]    0.250 [0.102, 0.495]    0.812 [0.570, 0.934]    0.188 [0.066, 0.430]    0.812 [0.570, 0.934]    0.688 [0.444, 0.858]    0.500 [0.280, 0.720]    0.688 [0.444, 0.858]    0.125 [0.035, 0.360]
meta-haven-amulet         0.125 [0.035, 0.360]    0.125 [0.035, 0.360]    0.250 [0.102, 0.495]    0.188 [0.066, 0.430]    0.438 [0.231, 0.668]    0.500 [0.280, 0.720]    0.125 [0.035, 0.360]    0.812 [0.570, 0.934]    0.188 [0.066, 0.430]    0.188 [0.066, 0.430]    0.062 [0.011, 0.283]    0.562 [0.332, 0.769]    0.500 [0.280, 0.720]    0.500 [0.280, 0.720]    0.250 [0.102, 0.495]    0.062 [0.011, 0.283]
meta-haven-evo            0.375 [0.185, 0.614]    0.500 [0.280, 0.720]    0.250 [0.102, 0.495]    0.625 [0.386, 0.815]    0.688 [0.444, 0.858]    0.688 [0.444, 0.858]    0.500 [0.280, 0.720]    0.938 [0.717, 0.989]    0.688 [0.444, 0.858]    0.312 [0.142, 0.556]    0.625 [0.386, 0.815]    0.938 [0.717, 0.989]    0.625 [0.386, 0.815]    0.750 [0.505, 0.898]    0.312 [0.142, 0.556]    0.688 [0.444, 0.858]
meta-haven-kukishiro      0.125 [0.035, 0.360]    0.062 [0.011, 0.283]    0.125 [0.035, 0.360]    0.000 [0.000, 0.194]    0.062 [0.011, 0.283]    0.375 [0.185, 0.614]    0.062 [0.011, 0.283]    0.375 [0.185, 0.614]    0.000 [0.000, 0.194]    0.062 [0.011, 0.283]    0.000 [0.000, 0.194]    0.312 [0.142, 0.556]    0.188 [0.066, 0.430]    0.188 [0.066, 0.430]    0.000 [0.000, 0.194]    0.000 [0.000, 0.194]
meta-portal-af            0.688 [0.444, 0.858]    0.312 [0.142, 0.556]    0.750 [0.505, 0.898]    0.750 [0.505, 0.898]    0.875 [0.640, 0.965]    0.875 [0.640, 0.965]    0.500 [0.280, 0.720]    1.000 [0.806, 1.000]    0.188 [0.066, 0.430]    0.750 [0.505, 0.898]    0.438 [0.231, 0.668]    1.000 [0.806, 1.000]    0.812 [0.570, 0.934]    0.938 [0.717, 0.989]    0.688 [0.444, 0.858]    0.250 [0.102, 0.495]
meta-portal-cutthroat     0.438 [0.231, 0.668]    0.000 [0.000, 0.194]    0.250 [0.102, 0.495]    0.188 [0.066, 0.430]    0.188 [0.066, 0.430]    0.625 [0.386, 0.815]    0.375 [0.185, 0.614]    1.000 [0.806, 1.000]    0.188 [0.066, 0.430]    0.312 [0.142, 0.556]    0.188 [0.066, 0.430]    0.812 [0.570, 0.934]    0.375 [0.185, 0.614]    0.500 [0.280, 0.720]    0.125 [0.035, 0.360]    0.312 [0.142, 0.556]
meta-portal-evo           0.562 [0.332, 0.769]    0.688 [0.444, 0.858]    0.688 [0.444, 0.858]    0.625 [0.386, 0.815]    0.812 [0.570, 0.934]    0.875 [0.640, 0.965]    0.312 [0.142, 0.556]    1.000 [0.806, 1.000]    0.438 [0.231, 0.668]    0.750 [0.505, 0.898]    0.562 [0.332, 0.769]    0.938 [0.717, 0.989]    0.688 [0.444, 0.858]    0.938 [0.717, 0.989]    0.750 [0.505, 0.898]    0.688 [0.444, 0.858]
meta-rune-crystal         0.250 [0.102, 0.495]    0.062 [0.011, 0.283]    0.250 [0.102, 0.495]    0.312 [0.142, 0.556]    0.250 [0.102, 0.495]    0.375 [0.185, 0.614]    0.250 [0.102, 0.495]    0.562 [0.332, 0.769]    0.000 [0.000, 0.194]    0.400 [0.198, 0.643]    0.062 [0.011, 0.283]    0.267 [0.109, 0.520]    0.438 [0.231, 0.668]    0.125 [0.035, 0.360]    0.250 [0.102, 0.495]    0.062 [0.011, 0.283]
meta-rune-spell           0.250 [0.102, 0.495]    0.312 [0.142, 0.556]    0.188 [0.066, 0.430]    0.312 [0.142, 0.556]    0.438 [0.231, 0.668]    0.375 [0.185, 0.614]    0.375 [0.185, 0.614]    0.562 [0.332, 0.769]    0.250 [0.102, 0.495]    0.375 [0.185, 0.614]    0.062 [0.011, 0.283]    0.438 [0.231, 0.668]    0.562 [0.332, 0.769]    0.625 [0.386, 0.815]    0.375 [0.185, 0.614]    0.125 [0.035, 0.360]
meta-rune-test-subject    0.125 [0.035, 0.360]    0.250 [0.102, 0.495]    0.438 [0.231, 0.668]    0.250 [0.102, 0.495]    0.250 [0.102, 0.495]    0.500 [0.280, 0.720]    0.125 [0.035, 0.360]    0.750 [0.505, 0.898]    0.000 [0.000, 0.194]    0.562 [0.332, 0.769]    0.125 [0.035, 0.360]    0.688 [0.444, 0.858]    0.500 [0.280, 0.720]    0.500 [0.280, 0.720]    0.438 [0.231, 0.668]    0.125 [0.035, 0.360]
meta-sword-loot           0.312 [0.142, 0.556]    0.500 [0.280, 0.720]    0.500 [0.280, 0.720]    0.625 [0.386, 0.815]    0.438 [0.231, 0.668]    0.938 [0.717, 0.989]    0.562 [0.332, 0.769]    0.875 [0.640, 0.965]    0.312 [0.142, 0.556]    0.938 [0.717, 0.989]    0.250 [0.102, 0.495]    0.938 [0.717, 0.989]    0.438 [0.231, 0.668]    0.875 [0.640, 0.965]    0.438 [0.231, 0.668]    0.438 [0.231, 0.668]
meta-sword-rally          0.562 [0.332, 0.769]    0.375 [0.185, 0.614]    0.500 [0.280, 0.720]    0.500 [0.280, 0.720]    0.750 [0.505, 0.898]    0.812 [0.570, 0.934]    0.312 [0.142, 0.556]    1.000 [0.806, 1.000]    0.500 [0.280, 0.720]    0.750 [0.505, 0.898]    0.312 [0.142, 0.556]    0.938 [0.717, 0.989]    0.750 [0.505, 0.898]    0.750 [0.505, 0.898]    0.688 [0.444, 0.858]    0.500 [0.280, 0.720]

=== summary ===
h0:oevo=0 vs h0
games: 4096  decisive: 4094  draws: 2
policy_a win rate: 0.485 [0.470, 0.501]
first-player win rate: 0.556
mean turns: 8.44  mean actions: 83.49
end: lethal=4041 deckout=53 turn_cap=0 action_cap=0 no_legal=0 illegal=2
2054.693s  1.99 games/s  cpus=28
per deck:
  meta-abyss-aggro: policy_a (row) 0.566  policy_b (col) 0.594
  meta-abyss-midrange: policy_a (row) 0.699  policy_b (col) 0.676
  meta-dragon-aggro: policy_a (row) 0.586  policy_b (col) 0.598
  meta-dragon-ramp: policy_a (row) 0.477  policy_b (col) 0.520
  meta-forest-combo: policy_a (row) 0.508  policy_b (col) 0.531
  meta-haven-amulet: policy_a (row) 0.305  policy_b (col) 0.316
  meta-haven-evo: policy_a (row) 0.594  policy_b (col) 0.609
  meta-haven-kukishiro: policy_a (row) 0.121  policy_b (col) 0.191
  meta-portal-af: policy_a (row) 0.676  policy_b (col) 0.727
  meta-portal-cutthroat: policy_a (row) 0.367  policy_b (col) 0.427
  meta-portal-evo: policy_a (row) 0.707  policy_b (col) 0.719
  meta-rune-crystal: policy_a (row) 0.244  policy_b (col) 0.251
  meta-rune-spell: policy_a (row) 0.352  policy_b (col) 0.441
  meta-rune-test-subject: policy_a (row) 0.352  policy_b (col) 0.375
  meta-sword-loot: policy_a (row) 0.586  policy_b (col) 0.582
  meta-sword-rally: policy_a (row) 0.625  policy_b (col) 0.676

4096 games in 2054.693s (2.0 games/s)
wrote C:\Users\agban\projects\arena\results\sweep9\c02-final.json
