pool: meta
decks: 16 (meta-abyss-aggro, meta-abyss-midrange, meta-dragon-aggro, meta-dragon-ramp, meta-forest-combo, meta-haven-amulet, meta-haven-evo, meta-haven-kukishiro, meta-portal-af, meta-portal-cutthroat, meta-portal-evo, meta-rune-crystal, meta-rune-spell, meta-rune-test-subject, meta-sword-loot, meta-sword-rally)
pairs: 256 (16 x 16, mirrors included)
games     8 games/pair x 256 =  2048
matchup: 16 decks × 8 games = 2048 games (seed=1, policy_a=h0, policy_b=h0:oevo=0, first=alternate, threads=None)
Win rate (row = A, col = B; cell = A's win rate)
                              meta-abyss-aggro     meta-abyss-midrange       meta-dragon-aggro        meta-dragon-ramp       meta-forest-combo       meta-haven-amulet          meta-haven-evo    meta-haven-kukishiro          meta-portal-af   meta-portal-cutthroat         meta-portal-evo       meta-rune-crystal         meta-rune-spell  meta-rune-test-subject         meta-sword-loot        meta-sword-rally
meta-abyss-aggro                         0.375                   0.500                   0.375                   0.625                   0.625                   1.000                   0.750                   0.625                   0.250                   0.375                   0.500                   0.625                   0.875                   0.625                   0.500                   0.375
meta-abyss-midrange                      0.625                   0.500                   0.375                   0.750                   0.750                   1.000                   0.375                   1.000                   0.375                   0.750                   0.500                   0.875                   0.750                   0.875                   0.500                   0.625
meta-dragon-aggro                        0.750                   0.375                   0.250                   0.625                   0.125                   0.875                   0.625                   0.750                   0.500                   0.750                   0.250                   0.625                   0.500                   0.625                   0.625                   0.500
meta-dragon-ramp                         0.250                   0.375                   0.250                   0.375                   0.250                   0.750                   0.375                   1.000                   0.125                   1.000                   0.250                   0.750                   0.375                   0.750                   0.250                   0.125
meta-forest-combo                        0.250                   0.250                   0.500                   0.625                   0.625                   0.625                   0.625                   1.000                   0.125                   0.750                   0.125                   0.875                   0.875                   0.375                   0.750                   0.125
meta-haven-amulet                        0.375                   0.000                   0.500                   0.250                   0.500                   0.500                   0.250                   0.750                   0.125                   0.125                   0.375                   0.750                   0.750                   0.750                   0.250                   0.250
meta-haven-evo                           0.250                   0.625                   0.375                   0.500                   0.500                   0.875                   0.625                   1.000                   0.375                   0.750                   0.375                   0.750                   0.625                   0.750                   0.000                   0.750
meta-haven-kukishiro                     0.000                   0.000                   0.125                   0.000                   0.250                   0.250                   0.000                   0.375                   0.000                   0.000                   0.000                   0.625                   0.125                   0.125                   0.000                   0.000
meta-portal-af                           0.625                   0.250                   0.625                   0.375                   1.000                   0.875                   0.500                   1.000                   0.125                   1.000                   0.625                   1.000                   0.750                   0.875                   0.875                   0.375
meta-portal-cutthroat                    0.375                   0.125                   0.125                   0.500                   0.250                   0.625                   0.500                   0.875                   0.500                   0.250                   0.625                   0.875                   0.250                   0.250                   0.125                   0.375
meta-portal-evo                          0.625                   0.625                   0.750                   0.500                   0.625                   1.000                   0.125                   1.000                   0.375                   1.000                   0.625                   1.000                   0.500                   1.000                   0.750                   0.750
meta-rune-crystal                        0.250                   0.125                   0.125                   0.125                   0.000                   0.250                   0.500                   0.250                   0.000                   0.375                   0.000                   0.375                   0.250                   0.500                   0.125                   0.000
meta-rune-spell                          0.375                   0.250                   0.125                   0.125                   0.250                   0.375                   0.250                   0.875                   0.125                   0.250                   0.250                   0.750                   0.500                   0.500                   0.500                   0.125
meta-rune-test-subject                   0.125                   0.375                   0.375                   0.125                   0.500                   0.625                   0.125                   0.750                   0.000                   1.000                   0.125                   0.875                   0.875                   0.750                   0.125                   0.250
meta-sword-loot                          0.500                   0.500                   0.250                   0.875                   0.250                   0.625                   0.500                   0.750                   0.000                   0.875                   0.250                   1.000                   0.500                   0.875                   0.250                   0.500
meta-sword-rally                         0.125                   0.500                   0.500                   0.375                   0.500                   1.000                   0.375                   1.000                   0.375                   0.875                   0.500                   1.000                   1.000                   1.000                   0.750                   0.500

First-player win rate / mean turns
                              meta-abyss-aggro     meta-abyss-midrange       meta-dragon-aggro        meta-dragon-ramp       meta-forest-combo       meta-haven-amulet          meta-haven-evo    meta-haven-kukishiro          meta-portal-af   meta-portal-cutthroat         meta-portal-evo       meta-rune-crystal         meta-rune-spell  meta-rune-test-subject         meta-sword-loot        meta-sword-rally
meta-abyss-aggro                 0.375 /   6.5           0.250 /   6.5           0.375 /   6.6           0.625 /   7.0           0.625 /   7.2           0.500 /   5.9           0.250 /   7.4           0.625 /   8.1           0.750 /   7.6           0.875 /   7.1           0.750 /   7.5           0.375 /   6.8           0.375 /   6.1           0.625 /   7.4           0.500 /   6.6           0.625 /   7.2
meta-abyss-midrange              0.625 /   6.2           0.500 /   9.0           0.375 /   7.8           0.500 /   7.4           0.250 /   9.6           0.500 /   7.4           0.875 /   8.2           0.500 /   7.1           0.875 /   9.0           0.500 /   7.9           0.750 /   8.5           0.625 /   8.0           0.500 /   7.4           0.375 /   8.4           0.500 /   7.4           0.625 /   9.1
meta-dragon-aggro                0.750 /   6.4           0.375 /   6.9           0.750 /   7.0           0.375 /   7.2           0.625 /   7.2           0.625 /   7.1           0.375 /   7.9           0.500 /   8.0           0.250 /   7.0           0.750 /   7.6           0.500 /   7.1           0.375 /   8.0           0.500 /   6.9           0.375 /   7.2           0.625 /   7.5           0.500 /   7.1
meta-dragon-ramp                 0.500 /   6.5           0.625 /   7.2           0.500 /   6.9           0.625 /  12.0           0.500 /   8.0           0.750 /  10.0           0.625 /  10.1           0.500 /  11.4           0.625 /   8.2           0.500 /   9.9           0.750 /   8.1           0.750 /   8.8           0.625 /   7.5           0.500 /   8.6           0.500 /   7.8           0.625 /   7.6
meta-forest-combo                0.500 /   7.2           0.500 /   7.9           0.750 /   7.4           0.625 /   8.2           0.375 /   8.8           0.625 /   9.9           0.875 /   8.1           0.500 /   9.8           0.625 /   8.1           0.750 /   9.2           0.625 /   8.2           0.625 /   8.9           0.625 /   7.2           0.375 /   8.5           0.500 /   8.2           0.625 /   8.2
meta-haven-amulet                0.875 /   7.6           0.500 /   7.1           0.500 /   9.4           0.750 /  11.5           0.750 /  10.4           0.500 /  15.4           0.500 /  12.5           0.250 /  16.0           0.625 /   9.2           0.375 /   8.0           0.375 /  12.0           0.250 /  11.1           0.250 /  13.0           0.500 /  11.4           0.500 /   9.1           0.750 /   9.9
meta-haven-evo                   0.500 /   6.6           0.875 /   8.4           0.625 /   7.5           0.500 /   8.2           0.750 /   8.2           0.375 /  14.8           0.375 /  10.8           0.500 /  11.5           0.875 /   8.2           0.750 /  10.9           0.875 /   9.0           0.750 /   9.5           0.875 /   9.1           0.750 /   8.4           0.500 /   7.8           0.500 /   8.8
meta-haven-kukishiro             0.500 /   7.5           0.500 /   8.5           0.625 /   8.2           0.500 /   9.1           0.750 /  11.4           0.500 /  15.8           0.500 /   9.9           0.375 /  17.9           0.500 /   9.0           0.500 /   9.2           0.500 /   8.2           0.625 /  10.6           0.625 /   8.4           0.375 /  10.6           0.500 /  10.6           0.500 /   7.6
meta-portal-af                   0.625 /   7.4           0.500 /   8.6           0.625 /   7.1           0.875 /  10.1           0.500 /   8.0           0.625 /  10.1           0.500 /   8.9           0.500 /   7.8           0.625 /   8.9           0.500 /   8.0           0.375 /   9.0           0.500 /   7.8           0.750 /   7.4           0.625 /   8.2           0.625 /   8.0           0.625 /   9.0
meta-portal-cutthroat            0.625 /   6.8           0.625 /   8.0           0.625 /   6.8           0.500 /   9.1           0.750 /   9.4           0.625 /  10.0           0.750 /  10.0           0.625 /   8.5           0.750 /   8.2           0.500 /   8.8           0.375 /   7.2           0.625 /   8.2           0.750 /   8.5           0.500 /   8.4           0.625 /   8.2           0.375 /   8.4
meta-portal-evo                  0.625 /   7.0           0.875 /   9.0           0.750 /   7.6           0.500 /   9.5           0.875 /   8.5           0.500 /  10.4           0.625 /   9.1           0.500 /   7.6           0.625 /   9.2           0.500 /   8.4           0.375 /   8.4           0.500 /   8.2           1.000 /   7.9           0.500 /   8.0           0.750 /   8.9           0.750 /   8.8
meta-rune-crystal                0.500 /   6.8           0.375 /   7.4           0.375 /   6.9           0.375 /   8.5           0.500 /   8.9           0.750 /   9.5           0.750 /   8.4           0.500 /  13.6           0.500 /   8.0           0.375 /   8.9           0.500 /   8.0           0.625 /   8.5           0.500 /   7.1           0.500 /   7.8           0.625 /   8.9           0.500 /   8.1
meta-rune-spell                  0.375 /   5.9           0.500 /   8.1           0.625 /   6.6           0.375 /   8.9           0.500 /   6.9           0.375 /  12.2           0.500 /   9.8           0.375 /   9.2           0.625 /   6.8           0.500 /   8.2           0.500 /   8.4           0.500 /   8.1           0.250 /   7.2           0.750 /   9.1           0.500 /   8.4           0.625 /   7.4
meta-rune-test-subject           0.375 /   6.1           0.875 /   8.9           0.625 /   6.9           0.625 /   8.2           0.500 /   9.4           0.625 /   9.5           0.625 /   9.0           0.500 /  10.1           0.500 /   8.2           0.500 /   8.0           0.625 /   8.5           0.375 /   8.2           0.625 /   8.6           0.500 /   8.9           0.625 /   7.5           0.750 /   7.1
meta-sword-loot                  0.750 /   7.1           0.500 /   7.8           0.500 /   7.6           0.625 /   7.0           0.750 /   8.1           0.625 /   8.9           0.750 /   8.4           0.500 /   9.2           0.500 /   8.2           0.375 /   7.6           0.500 /   8.0           0.500 /   8.5           0.500 /   8.6           0.375 /   7.4           0.500 /   7.6           0.750 /   7.5
meta-sword-rally                 0.375 /   6.4           0.750 /   8.1           0.750 /   7.5           0.875 /   8.5           0.750 /   8.9           0.500 /   9.9           0.375 /   8.5           0.500 /   7.5           0.625 /   9.0           0.625 /   7.9           0.250 /   8.0           0.500 /   7.2           0.500 /   8.0           0.500 /   8.2           0.250 /   7.0           0.750 /   8.5

A win rate over decisive games, Wilson 95% [lo, hi]
                              meta-abyss-aggro     meta-abyss-midrange       meta-dragon-aggro        meta-dragon-ramp       meta-forest-combo       meta-haven-amulet          meta-haven-evo    meta-haven-kukishiro          meta-portal-af   meta-portal-cutthroat         meta-portal-evo       meta-rune-crystal         meta-rune-spell  meta-rune-test-subject         meta-sword-loot        meta-sword-rally
meta-abyss-aggro          0.375 [0.137, 0.694]    0.500 [0.215, 0.785]    0.375 [0.137, 0.694]    0.625 [0.306, 0.863]    0.625 [0.306, 0.863]    1.000 [0.676, 1.000]    0.750 [0.409, 0.929]    0.625 [0.306, 0.863]    0.250 [0.071, 0.591]    0.375 [0.137, 0.694]    0.500 [0.215, 0.785]    0.625 [0.306, 0.863]    0.875 [0.529, 0.978]    0.625 [0.306, 0.863]    0.500 [0.215, 0.785]    0.375 [0.137, 0.694]
meta-abyss-midrange       0.625 [0.306, 0.863]    0.500 [0.215, 0.785]    0.375 [0.137, 0.694]    0.750 [0.409, 0.929]    0.750 [0.409, 0.929]    1.000 [0.676, 1.000]    0.375 [0.137, 0.694]    1.000 [0.676, 1.000]    0.375 [0.137, 0.694]    0.750 [0.409, 0.929]    0.500 [0.215, 0.785]    0.875 [0.529, 0.978]    0.750 [0.409, 0.929]    0.875 [0.529, 0.978]    0.500 [0.215, 0.785]    0.625 [0.306, 0.863]
meta-dragon-aggro         0.750 [0.409, 0.929]    0.375 [0.137, 0.694]    0.250 [0.071, 0.591]    0.625 [0.306, 0.863]    0.125 [0.022, 0.471]    0.875 [0.529, 0.978]    0.625 [0.306, 0.863]    0.750 [0.409, 0.929]    0.500 [0.215, 0.785]    0.750 [0.409, 0.929]    0.250 [0.071, 0.591]    0.625 [0.306, 0.863]    0.500 [0.215, 0.785]    0.625 [0.306, 0.863]    0.625 [0.306, 0.863]    0.500 [0.215, 0.785]
meta-dragon-ramp          0.250 [0.071, 0.591]    0.375 [0.137, 0.694]    0.250 [0.071, 0.591]    0.375 [0.137, 0.694]    0.250 [0.071, 0.591]    0.750 [0.409, 0.929]    0.375 [0.137, 0.694]    1.000 [0.676, 1.000]    0.125 [0.022, 0.471]    1.000 [0.676, 1.000]    0.250 [0.071, 0.591]    0.750 [0.409, 0.929]    0.375 [0.137, 0.694]    0.750 [0.409, 0.929]    0.250 [0.071, 0.591]    0.125 [0.022, 0.471]
meta-forest-combo         0.250 [0.071, 0.591]    0.250 [0.071, 0.591]    0.500 [0.215, 0.785]    0.625 [0.306, 0.863]    0.625 [0.306, 0.863]    0.625 [0.306, 0.863]    0.625 [0.306, 0.863]    1.000 [0.676, 1.000]    0.125 [0.022, 0.471]    0.750 [0.409, 0.929]    0.125 [0.022, 0.471]    0.875 [0.529, 0.978]    0.875 [0.529, 0.978]    0.375 [0.137, 0.694]    0.750 [0.409, 0.929]    0.125 [0.022, 0.471]
meta-haven-amulet         0.375 [0.137, 0.694]    0.000 [0.000, 0.324]    0.500 [0.215, 0.785]    0.250 [0.071, 0.591]    0.500 [0.215, 0.785]    0.500 [0.215, 0.785]    0.250 [0.071, 0.591]    0.750 [0.409, 0.929]    0.125 [0.022, 0.471]    0.125 [0.022, 0.471]    0.375 [0.137, 0.694]    0.750 [0.409, 0.929]    0.750 [0.409, 0.929]    0.750 [0.409, 0.929]    0.250 [0.071, 0.591]    0.250 [0.071, 0.591]
meta-haven-evo            0.250 [0.071, 0.591]    0.625 [0.306, 0.863]    0.375 [0.137, 0.694]    0.500 [0.215, 0.785]    0.500 [0.215, 0.785]    0.875 [0.529, 0.978]    0.625 [0.306, 0.863]    1.000 [0.676, 1.000]    0.375 [0.137, 0.694]    0.750 [0.409, 0.929]    0.375 [0.137, 0.694]    0.750 [0.409, 0.929]    0.625 [0.306, 0.863]    0.750 [0.409, 0.929]    0.000 [0.000, 0.324]    0.750 [0.409, 0.929]
meta-haven-kukishiro      0.000 [0.000, 0.324]    0.000 [0.000, 0.324]    0.125 [0.022, 0.471]    0.000 [0.000, 0.324]    0.250 [0.071, 0.591]    0.250 [0.071, 0.591]    0.000 [0.000, 0.324]    0.375 [0.137, 0.694]    0.000 [0.000, 0.324]    0.000 [0.000, 0.324]    0.000 [0.000, 0.324]    0.625 [0.306, 0.863]    0.125 [0.022, 0.471]    0.125 [0.022, 0.471]    0.000 [0.000, 0.324]    0.000 [0.000, 0.324]
meta-portal-af            0.625 [0.306, 0.863]    0.250 [0.071, 0.591]    0.625 [0.306, 0.863]    0.375 [0.137, 0.694]    1.000 [0.676, 1.000]    0.875 [0.529, 0.978]    0.500 [0.215, 0.785]    1.000 [0.676, 1.000]    0.125 [0.022, 0.471]    1.000 [0.676, 1.000]    0.625 [0.306, 0.863]    1.000 [0.676, 1.000]    0.750 [0.409, 0.929]    0.875 [0.529, 0.978]    0.875 [0.529, 0.978]    0.375 [0.137, 0.694]
meta-portal-cutthroat     0.375 [0.137, 0.694]    0.125 [0.022, 0.471]    0.125 [0.022, 0.471]    0.500 [0.215, 0.785]    0.250 [0.071, 0.591]    0.625 [0.306, 0.863]    0.500 [0.215, 0.785]    0.875 [0.529, 0.978]    0.500 [0.215, 0.785]    0.250 [0.071, 0.591]    0.625 [0.306, 0.863]    0.875 [0.529, 0.978]    0.250 [0.071, 0.591]    0.250 [0.071, 0.591]    0.125 [0.022, 0.471]    0.375 [0.137, 0.694]
meta-portal-evo           0.625 [0.306, 0.863]    0.625 [0.306, 0.863]    0.750 [0.409, 0.929]    0.500 [0.215, 0.785]    0.625 [0.306, 0.863]    1.000 [0.676, 1.000]    0.125 [0.022, 0.471]    1.000 [0.676, 1.000]    0.375 [0.137, 0.694]    1.000 [0.676, 1.000]    0.625 [0.306, 0.863]    1.000 [0.676, 1.000]    0.500 [0.215, 0.785]    1.000 [0.676, 1.000]    0.750 [0.409, 0.929]    0.750 [0.409, 0.929]
meta-rune-crystal         0.250 [0.071, 0.591]    0.125 [0.022, 0.471]    0.125 [0.022, 0.471]    0.125 [0.022, 0.471]    0.000 [0.000, 0.324]    0.250 [0.071, 0.591]    0.500 [0.215, 0.785]    0.250 [0.071, 0.591]    0.000 [0.000, 0.324]    0.375 [0.137, 0.694]    0.000 [0.000, 0.324]    0.375 [0.137, 0.694]    0.250 [0.071, 0.591]    0.500 [0.215, 0.785]    0.125 [0.022, 0.471]    0.000 [0.000, 0.324]
meta-rune-spell           0.375 [0.137, 0.694]    0.250 [0.071, 0.591]    0.125 [0.022, 0.471]    0.125 [0.022, 0.471]    0.250 [0.071, 0.591]    0.375 [0.137, 0.694]    0.250 [0.071, 0.591]    0.875 [0.529, 0.978]    0.125 [0.022, 0.471]    0.250 [0.071, 0.591]    0.250 [0.071, 0.591]    0.750 [0.409, 0.929]    0.500 [0.215, 0.785]    0.500 [0.215, 0.785]    0.500 [0.215, 0.785]    0.125 [0.022, 0.471]
meta-rune-test-subject    0.125 [0.022, 0.471]    0.375 [0.137, 0.694]    0.375 [0.137, 0.694]    0.125 [0.022, 0.471]    0.500 [0.215, 0.785]    0.625 [0.306, 0.863]    0.125 [0.022, 0.471]    0.750 [0.409, 0.929]    0.000 [0.000, 0.324]    1.000 [0.676, 1.000]    0.125 [0.022, 0.471]    0.875 [0.529, 0.978]    0.875 [0.529, 0.978]    0.750 [0.409, 0.929]    0.125 [0.022, 0.471]    0.250 [0.071, 0.591]
meta-sword-loot           0.500 [0.215, 0.785]    0.500 [0.215, 0.785]    0.250 [0.071, 0.591]    0.875 [0.529, 0.978]    0.250 [0.071, 0.591]    0.625 [0.306, 0.863]    0.500 [0.215, 0.785]    0.750 [0.409, 0.929]    0.000 [0.000, 0.324]    0.875 [0.529, 0.978]    0.250 [0.071, 0.591]    1.000 [0.676, 1.000]    0.500 [0.215, 0.785]    0.875 [0.529, 0.978]    0.250 [0.071, 0.591]    0.500 [0.215, 0.785]
meta-sword-rally          0.125 [0.022, 0.471]    0.500 [0.215, 0.785]    0.500 [0.215, 0.785]    0.375 [0.137, 0.694]    0.500 [0.215, 0.785]    1.000 [0.676, 1.000]    0.375 [0.137, 0.694]    1.000 [0.676, 1.000]    0.375 [0.137, 0.694]    0.875 [0.529, 0.978]    0.500 [0.215, 0.785]    1.000 [0.676, 1.000]    1.000 [0.676, 1.000]    1.000 [0.676, 1.000]    0.750 [0.409, 0.929]    0.500 [0.215, 0.785]

=== summary ===
h0 vs h0:oevo=0
games: 2048  decisive: 2048  draws: 0
policy_a win rate: 0.489 [0.467, 0.510]
first-player win rate: 0.563
mean turns: 8.49  mean actions: 84.33
end: lethal=2026 deckout=22 turn_cap=0 action_cap=0 no_legal=0 illegal=0
1049.962s  1.95 games/s  cpus=28
per deck:
  meta-abyss-aggro: policy_a (row) 0.562  policy_b (col) 0.633
  meta-abyss-midrange: policy_a (row) 0.664  policy_b (col) 0.664
  meta-dragon-aggro: policy_a (row) 0.547  policy_b (col) 0.648
  meta-dragon-ramp: policy_a (row) 0.453  policy_b (col) 0.578
  meta-forest-combo: policy_a (row) 0.531  policy_b (col) 0.562
  meta-haven-amulet: policy_a (row) 0.406  policy_b (col) 0.297
  meta-haven-evo: policy_a (row) 0.570  policy_b (col) 0.594
  meta-haven-kukishiro: policy_a (row) 0.117  policy_b (col) 0.188
  meta-portal-af: policy_a (row) 0.680  policy_b (col) 0.789
  meta-portal-cutthroat: policy_a (row) 0.414  policy_b (col) 0.367
  meta-portal-evo: policy_a (row) 0.703  policy_b (col) 0.664
  meta-rune-crystal: policy_a (row) 0.203  policy_b (col) 0.203
  meta-rune-spell: policy_a (row) 0.352  policy_b (col) 0.406
  meta-rune-test-subject: policy_a (row) 0.438  policy_b (col) 0.336
  meta-sword-loot: policy_a (row) 0.531  policy_b (col) 0.602
  meta-sword-rally: policy_a (row) 0.648  policy_b (col) 0.648

2048 games in 1049.962s (2.0 games/s)
wrote C:\Users\agban\projects\arena\results\sweep9\c02-reverse.json
