pool: meta
decks: 16 (meta-abyss-aggro, meta-abyss-midrange, meta-dragon-aggro, meta-dragon-ramp, meta-forest-combo, meta-haven-amulet, meta-haven-evo, meta-haven-kukishiro, meta-portal-af, meta-portal-cutthroat, meta-portal-evo, meta-rune-crystal, meta-rune-spell, meta-rune-test-subject, meta-sword-loot, meta-sword-rally)
pairs: 256 (16 x 16, mirrors included)
games    16 games/pair x 256 =  4096
matchup: 16 decks × 16 games = 4096 games (seed=1, policy_a=h0:info=draws, policy_b=h0, first=alternate, threads=None)
Win rate (row = A, col = B; cell = A's win rate)
                              meta-abyss-aggro     meta-abyss-midrange       meta-dragon-aggro        meta-dragon-ramp       meta-forest-combo       meta-haven-amulet          meta-haven-evo    meta-haven-kukishiro          meta-portal-af   meta-portal-cutthroat         meta-portal-evo       meta-rune-crystal         meta-rune-spell  meta-rune-test-subject         meta-sword-loot        meta-sword-rally
meta-abyss-aggro                         0.562                   0.500                   0.375                   0.562                   0.750                   0.812                   0.875                   0.750                   0.312                   0.688                   0.438                   0.688                   0.688                   0.750                   0.438                   0.562
meta-abyss-midrange                      0.500                   0.375                   0.500                   0.875                   0.688                   0.812                   0.562                   1.000                   0.625                   0.812                   0.250                   1.000                   0.812                   0.812                   0.375                   0.500
meta-dragon-aggro                        0.625                   0.438                   0.438                   0.688                   0.312                   0.750                   0.625                   0.812                   0.312                   0.938                   0.500                   0.875                   0.500                   0.688                   0.438                   0.500
meta-dragon-ramp                         0.125                   0.312                   0.375                   0.438                   0.250                   1.000                   0.438                   0.875                   0.250                   0.875                   0.188                   0.750                   0.500                   0.812                   0.188                   0.250
meta-forest-combo                        0.500                   0.125                   0.500                   0.688                   0.625                   0.625                   0.438                   0.812                   0.312                   0.688                   0.188                   0.812                   0.688                   0.562                   0.500                   0.188
meta-haven-amulet                        0.188                   0.125                   0.125                   0.250                   0.500                   0.625                   0.250                   0.812                   0.062                   0.250                   0.188                   0.250                   0.500                   0.438                   0.250                   0.062
meta-haven-evo                           0.375                   0.562                   0.438                   0.500                   0.750                   0.938                   0.500                   0.938                   0.500                   0.438                   0.688                   0.750                   0.750                   0.750                   0.375                   0.625
meta-haven-kukishiro                     0.188                   0.000                   0.312                   0.062                   0.125                   0.188                   0.062                   0.438                   0.062                   0.000                   0.000                   0.562                   0.125                   0.000                   0.000                   0.000
meta-portal-af                           0.562                   0.500                   0.875                   0.500                   0.875                   0.875                   0.188                   0.938                   0.375                   0.812                   0.625                   1.000                   0.750                   1.000                   0.688                   0.312
meta-portal-cutthroat                    0.438                   0.188                   0.250                   0.312                   0.125                   0.750                   0.688                   0.938                   0.125                   0.562                   0.312                   0.625                   0.375                   0.688                   0.250                   0.438
meta-portal-evo                          0.750                   0.375                   0.688                   0.562                   0.938                   0.938                   0.312                   0.938                   0.312                   0.750                   0.562                   0.875                   0.562                   0.750                   0.938                   0.562
meta-rune-crystal                        0.250                   0.000                   0.125                   0.125                   0.125                   0.312                   0.188                   0.500                   0.062                   0.312                   0.188                   0.438                   0.438                   0.125                   0.250                   0.125
meta-rune-spell                          0.312                   0.250                   0.188                   0.500                   0.375                   0.375                   0.438                   0.875                   0.062                   0.500                   0.188                   0.438                   0.625                   0.562                   0.438                   0.188
meta-rune-test-subject                   0.250                   0.250                   0.250                   0.438                   0.438                   0.500                   0.250                   0.688                   0.000                   0.750                   0.312                   0.688                   0.312                   0.688                   0.250                   0.125
meta-sword-loot                          0.375                   0.562                   0.250                   0.750                   0.562                   0.750                   0.438                   0.875                   0.125                   0.812                   0.250                   0.875                   0.375                   0.875                   0.500                   0.375
meta-sword-rally                         0.562                   0.375                   0.625                   0.562                   0.812                   0.938                   0.438                   0.938                   0.500                   0.688                   0.375                   0.938                   0.812                   0.875                   0.625                   0.500

First-player win rate / mean turns
                              meta-abyss-aggro     meta-abyss-midrange       meta-dragon-aggro        meta-dragon-ramp       meta-forest-combo       meta-haven-amulet          meta-haven-evo    meta-haven-kukishiro          meta-portal-af   meta-portal-cutthroat         meta-portal-evo       meta-rune-crystal         meta-rune-spell  meta-rune-test-subject         meta-sword-loot        meta-sword-rally
meta-abyss-aggro                 0.438 /   6.4           0.250 /   6.7           0.625 /   6.6           0.438 /   6.8           0.625 /   7.0           0.562 /   7.1           0.625 /   6.6           0.750 /   7.6           0.438 /   7.4           0.562 /   7.0           0.688 /   7.2           0.562 /   7.4           0.438 /   6.6           0.500 /   7.2           0.562 /   7.0           0.812 /   7.2
meta-abyss-midrange              0.500 /   6.5           0.625 /   8.1           0.500 /   7.2           0.625 /   8.0           0.312 /   8.3           0.438 /   8.4           0.688 /   8.8           0.500 /   8.0           0.500 /   8.3           0.562 /   7.8           0.625 /   8.1           0.500 /   7.6           0.562 /   7.9           0.562 /   7.9           0.625 /   7.5           0.875 /   9.1
meta-dragon-aggro                0.500 /   6.7           0.438 /   7.0           0.688 /   7.4           0.688 /   7.4           0.688 /   7.7           0.750 /   7.6           0.500 /   7.2           0.562 /   8.1           0.438 /   7.2           0.562 /   7.0           0.625 /   7.1           0.375 /   7.0           0.625 /   7.4           0.562 /   7.5           0.562 /   7.8           0.625 /   7.1
meta-dragon-ramp                 0.500 /   6.4           0.812 /   7.6           0.375 /   7.2           0.562 /   9.6           0.500 /   7.4           0.500 /  10.8           0.812 /  10.4           0.625 /  10.5           0.625 /   8.1           0.625 /   9.4           0.562 /   7.6           0.625 /   8.8           0.750 /   7.5           0.688 /   8.4           0.562 /   8.2           0.625 /   7.8
meta-forest-combo                0.500 /   7.6           0.375 /   8.2           0.750 /   8.1           0.562 /   8.4           0.625 /   9.1           0.625 /   9.4           0.812 /   9.0           0.562 /   9.6           0.438 /   8.4           0.562 /   8.1           0.562 /   8.2           0.438 /   8.8           0.562 /   7.8           0.562 /   8.0           0.625 /   8.4           0.438 /   9.2
meta-haven-amulet                0.562 /   6.9           0.500 /   8.5           0.500 /   7.2           0.500 /  10.8           0.625 /   9.4           0.375 /  16.2           0.625 /  11.8           0.438 /  15.1           0.438 /   8.6           0.500 /   9.9           0.562 /  10.7           0.625 /   8.7           0.625 /  11.9           0.562 /   9.9           0.625 /   8.6           0.562 /   8.8
meta-haven-evo                   0.375 /   7.2           0.812 /   8.1           0.438 /   7.9           0.500 /  10.2           0.500 /   9.4           0.438 /  13.2           0.750 /  10.2           0.562 /   9.4           0.625 /   8.7           0.562 /  10.4           0.562 /   9.1           0.750 /   9.2           0.375 /   8.1           0.750 /   8.8           0.500 /   8.4           0.625 /   8.6
meta-haven-kukishiro             0.562 /   8.2           0.500 /   8.2           0.562 /   8.2           0.562 /  10.7           0.500 /   9.4           0.438 /  15.9           0.438 /  10.9           0.688 /  14.8           0.562 /   9.2           0.500 /   8.8           0.500 /   8.1           0.688 /  11.6           0.625 /   9.5           0.500 /  10.1           0.500 /   8.4           0.500 /   8.1
meta-portal-af                   0.562 /   7.4           0.250 /   8.4           0.500 /   7.6           0.750 /   9.4           0.500 /   8.2           0.500 /   8.9           0.688 /   8.3           0.562 /   8.1           0.500 /   8.7           0.438 /   7.9           0.500 /   8.6           0.500 /   7.4           0.500 /   7.6           0.500 /   7.6           0.688 /   8.2           0.562 /   8.4
meta-portal-cutthroat            0.562 /   6.7           0.562 /   8.1           0.375 /   7.1           0.562 /   9.0           0.500 /   8.4           0.750 /  10.4           0.562 /   9.2           0.438 /   9.2           0.500 /   8.0           0.562 /   8.5           0.688 /   8.6           0.625 /   8.8           0.500 /   8.2           0.562 /   8.9           0.625 /   8.2           0.562 /   7.9
meta-portal-evo                  0.375 /   7.2           0.750 /   9.2           0.562 /   7.2           0.688 /   8.0           0.562 /   9.3           0.562 /   9.0           0.688 /   9.6           0.438 /   9.3           0.562 /   9.4           0.500 /   8.6           0.562 /   8.9           0.500 /   8.2           0.438 /   8.0           0.500 /   7.9           0.562 /   8.4           0.688 /   8.7
meta-rune-crystal                0.375 /   6.7           0.500 /   7.8           0.375 /   7.1           0.375 /   8.8           0.625 /   9.0           0.688 /   9.8           0.562 /   8.6           0.500 /  11.5           0.562 /   8.2           0.312 /   8.6           0.688 /   8.1           0.562 /   9.3           0.438 /   7.3           0.625 /   8.1           0.625 /   9.5           0.375 /   7.9
meta-rune-spell                  0.562 /   5.8           0.500 /   8.0           0.562 /   6.9           0.375 /   8.2           0.500 /   7.7           0.625 /  10.5           0.688 /   9.3           0.500 /   9.1           0.438 /   7.5           0.625 /   8.1           0.312 /   8.4           0.438 /   7.9           0.625 /   8.3           0.688 /   8.5           0.688 /   8.1           0.562 /   7.3
meta-rune-test-subject           0.500 /   7.0           0.500 /   7.5           0.625 /   7.6           0.438 /   8.4           0.562 /   8.9           0.625 /  10.3           0.750 /   8.9           0.562 /   9.9           0.500 /   8.2           0.625 /   9.1           0.688 /   8.8           0.438 /   8.1           0.562 /   8.5           0.312 /   8.1           0.625 /   8.1           0.500 /   7.7
meta-sword-loot                  0.625 /   7.2           0.688 /   7.9           0.375 /   7.2           0.500 /   7.1           0.688 /   8.2           0.375 /   8.2           0.688 /   8.2           0.500 /   7.9           0.625 /   8.5           0.438 /   7.6           0.625 /   7.9           0.500 /   7.8           0.375 /   8.6           0.625 /   8.0           0.500 /   7.7           0.750 /   7.4
meta-sword-rally                 0.438 /   6.9           0.625 /   8.4           0.500 /   7.4           0.938 /   8.1           0.688 /   8.7           0.562 /   8.9           0.688 /   8.7           0.562 /   8.0           0.625 /   8.8           0.562 /   8.1           0.375 /   8.1           0.562 /   7.2           0.562 /   7.7           0.375 /   8.2           0.500 /   7.2           0.625 /   8.3

A win rate over decisive games, Wilson 95% [lo, hi]
                              meta-abyss-aggro     meta-abyss-midrange       meta-dragon-aggro        meta-dragon-ramp       meta-forest-combo       meta-haven-amulet          meta-haven-evo    meta-haven-kukishiro          meta-portal-af   meta-portal-cutthroat         meta-portal-evo       meta-rune-crystal         meta-rune-spell  meta-rune-test-subject         meta-sword-loot        meta-sword-rally
meta-abyss-aggro          0.562 [0.332, 0.769]    0.500 [0.280, 0.720]    0.375 [0.185, 0.614]    0.562 [0.332, 0.769]    0.750 [0.505, 0.898]    0.812 [0.570, 0.934]    0.875 [0.640, 0.965]    0.750 [0.505, 0.898]    0.312 [0.142, 0.556]    0.688 [0.444, 0.858]    0.438 [0.231, 0.668]    0.688 [0.444, 0.858]    0.688 [0.444, 0.858]    0.750 [0.505, 0.898]    0.438 [0.231, 0.668]    0.562 [0.332, 0.769]
meta-abyss-midrange       0.500 [0.280, 0.720]    0.375 [0.185, 0.614]    0.500 [0.280, 0.720]    0.875 [0.640, 0.965]    0.688 [0.444, 0.858]    0.812 [0.570, 0.934]    0.562 [0.332, 0.769]    1.000 [0.806, 1.000]    0.625 [0.386, 0.815]    0.812 [0.570, 0.934]    0.250 [0.102, 0.495]    1.000 [0.806, 1.000]    0.812 [0.570, 0.934]    0.812 [0.570, 0.934]    0.375 [0.185, 0.614]    0.500 [0.280, 0.720]
meta-dragon-aggro         0.625 [0.386, 0.815]    0.438 [0.231, 0.668]    0.438 [0.231, 0.668]    0.688 [0.444, 0.858]    0.312 [0.142, 0.556]    0.750 [0.505, 0.898]    0.625 [0.386, 0.815]    0.812 [0.570, 0.934]    0.312 [0.142, 0.556]    0.938 [0.717, 0.989]    0.500 [0.280, 0.720]    0.875 [0.640, 0.965]    0.500 [0.280, 0.720]    0.688 [0.444, 0.858]    0.438 [0.231, 0.668]    0.500 [0.280, 0.720]
meta-dragon-ramp          0.125 [0.035, 0.360]    0.312 [0.142, 0.556]    0.375 [0.185, 0.614]    0.438 [0.231, 0.668]    0.250 [0.102, 0.495]    1.000 [0.806, 1.000]    0.438 [0.231, 0.668]    0.875 [0.640, 0.965]    0.250 [0.102, 0.495]    0.875 [0.640, 0.965]    0.188 [0.066, 0.430]    0.750 [0.505, 0.898]    0.500 [0.280, 0.720]    0.812 [0.570, 0.934]    0.188 [0.066, 0.430]    0.250 [0.102, 0.495]
meta-forest-combo         0.500 [0.280, 0.720]    0.125 [0.035, 0.360]    0.500 [0.280, 0.720]    0.688 [0.444, 0.858]    0.625 [0.386, 0.815]    0.625 [0.386, 0.815]    0.438 [0.231, 0.668]    0.812 [0.570, 0.934]    0.312 [0.142, 0.556]    0.688 [0.444, 0.858]    0.188 [0.066, 0.430]    0.812 [0.570, 0.934]    0.688 [0.444, 0.858]    0.562 [0.332, 0.769]    0.500 [0.280, 0.720]    0.188 [0.066, 0.430]
meta-haven-amulet         0.188 [0.066, 0.430]    0.125 [0.035, 0.360]    0.125 [0.035, 0.360]    0.250 [0.102, 0.495]    0.500 [0.280, 0.720]    0.625 [0.386, 0.815]    0.250 [0.102, 0.495]    0.812 [0.570, 0.934]    0.062 [0.011, 0.283]    0.250 [0.102, 0.495]    0.188 [0.066, 0.430]    0.250 [0.102, 0.495]    0.500 [0.280, 0.720]    0.438 [0.231, 0.668]    0.250 [0.102, 0.495]    0.062 [0.011, 0.283]
meta-haven-evo            0.375 [0.185, 0.614]    0.562 [0.332, 0.769]    0.438 [0.231, 0.668]    0.500 [0.280, 0.720]    0.750 [0.505, 0.898]    0.938 [0.717, 0.989]    0.500 [0.280, 0.720]    0.938 [0.717, 0.989]    0.500 [0.280, 0.720]    0.438 [0.231, 0.668]    0.688 [0.444, 0.858]    0.750 [0.505, 0.898]    0.750 [0.505, 0.898]    0.750 [0.505, 0.898]    0.375 [0.185, 0.614]    0.625 [0.386, 0.815]
meta-haven-kukishiro      0.188 [0.066, 0.430]    0.000 [0.000, 0.194]    0.312 [0.142, 0.556]    0.062 [0.011, 0.283]    0.125 [0.035, 0.360]    0.188 [0.066, 0.430]    0.062 [0.011, 0.283]    0.438 [0.231, 0.668]    0.062 [0.011, 0.283]    0.000 [0.000, 0.194]    0.000 [0.000, 0.194]    0.562 [0.332, 0.769]    0.125 [0.035, 0.360]    0.000 [0.000, 0.194]    0.000 [0.000, 0.194]    0.000 [0.000, 0.194]
meta-portal-af            0.562 [0.332, 0.769]    0.500 [0.280, 0.720]    0.875 [0.640, 0.965]    0.500 [0.280, 0.720]    0.875 [0.640, 0.965]    0.875 [0.640, 0.965]    0.188 [0.066, 0.430]    0.938 [0.717, 0.989]    0.375 [0.185, 0.614]    0.812 [0.570, 0.934]    0.625 [0.386, 0.815]    1.000 [0.806, 1.000]    0.750 [0.505, 0.898]    1.000 [0.806, 1.000]    0.688 [0.444, 0.858]    0.312 [0.142, 0.556]
meta-portal-cutthroat     0.438 [0.231, 0.668]    0.188 [0.066, 0.430]    0.250 [0.102, 0.495]    0.312 [0.142, 0.556]    0.125 [0.035, 0.360]    0.750 [0.505, 0.898]    0.688 [0.444, 0.858]    0.938 [0.717, 0.989]    0.125 [0.035, 0.360]    0.562 [0.332, 0.769]    0.312 [0.142, 0.556]    0.625 [0.386, 0.815]    0.375 [0.185, 0.614]    0.688 [0.444, 0.858]    0.250 [0.102, 0.495]    0.438 [0.231, 0.668]
meta-portal-evo           0.750 [0.505, 0.898]    0.375 [0.185, 0.614]    0.688 [0.444, 0.858]    0.562 [0.332, 0.769]    0.938 [0.717, 0.989]    0.938 [0.717, 0.989]    0.312 [0.142, 0.556]    0.938 [0.717, 0.989]    0.312 [0.142, 0.556]    0.750 [0.505, 0.898]    0.562 [0.332, 0.769]    0.875 [0.640, 0.965]    0.562 [0.332, 0.769]    0.750 [0.505, 0.898]    0.938 [0.717, 0.989]    0.562 [0.332, 0.769]
meta-rune-crystal         0.250 [0.102, 0.495]    0.000 [0.000, 0.194]    0.125 [0.035, 0.360]    0.125 [0.035, 0.360]    0.125 [0.035, 0.360]    0.312 [0.142, 0.556]    0.188 [0.066, 0.430]    0.500 [0.280, 0.720]    0.062 [0.011, 0.283]    0.312 [0.142, 0.556]    0.188 [0.066, 0.430]    0.438 [0.231, 0.668]    0.438 [0.231, 0.668]    0.125 [0.035, 0.360]    0.250 [0.102, 0.495]    0.125 [0.035, 0.360]
meta-rune-spell           0.312 [0.142, 0.556]    0.250 [0.102, 0.495]    0.188 [0.066, 0.430]    0.500 [0.280, 0.720]    0.375 [0.185, 0.614]    0.375 [0.185, 0.614]    0.438 [0.231, 0.668]    0.875 [0.640, 0.965]    0.062 [0.011, 0.283]    0.500 [0.280, 0.720]    0.188 [0.066, 0.430]    0.438 [0.231, 0.668]    0.625 [0.386, 0.815]    0.562 [0.332, 0.769]    0.438 [0.231, 0.668]    0.188 [0.066, 0.430]
meta-rune-test-subject    0.250 [0.102, 0.495]    0.250 [0.102, 0.495]    0.250 [0.102, 0.495]    0.438 [0.231, 0.668]    0.438 [0.231, 0.668]    0.500 [0.280, 0.720]    0.250 [0.102, 0.495]    0.688 [0.444, 0.858]    0.000 [0.000, 0.194]    0.750 [0.505, 0.898]    0.312 [0.142, 0.556]    0.688 [0.444, 0.858]    0.312 [0.142, 0.556]    0.688 [0.444, 0.858]    0.250 [0.102, 0.495]    0.125 [0.035, 0.360]
meta-sword-loot           0.375 [0.185, 0.614]    0.562 [0.332, 0.769]    0.250 [0.102, 0.495]    0.750 [0.505, 0.898]    0.562 [0.332, 0.769]    0.750 [0.505, 0.898]    0.438 [0.231, 0.668]    0.875 [0.640, 0.965]    0.125 [0.035, 0.360]    0.812 [0.570, 0.934]    0.250 [0.102, 0.495]    0.875 [0.640, 0.965]    0.375 [0.185, 0.614]    0.875 [0.640, 0.965]    0.500 [0.280, 0.720]    0.375 [0.185, 0.614]
meta-sword-rally          0.562 [0.332, 0.769]    0.375 [0.185, 0.614]    0.625 [0.386, 0.815]    0.562 [0.332, 0.769]    0.812 [0.570, 0.934]    0.938 [0.717, 0.989]    0.438 [0.231, 0.668]    0.938 [0.717, 0.989]    0.500 [0.280, 0.720]    0.688 [0.444, 0.858]    0.375 [0.185, 0.614]    0.938 [0.717, 0.989]    0.812 [0.570, 0.934]    0.875 [0.640, 0.965]    0.625 [0.386, 0.815]    0.500 [0.280, 0.720]

=== summary ===
h0:info=draws vs h0
games: 4096  decisive: 4096  draws: 0
policy_a win rate: 0.494 [0.479, 0.510]
first-player win rate: 0.556
mean turns: 8.42  mean actions: 83.44
end: lethal=4054 deckout=42 turn_cap=0 action_cap=0 no_legal=0 illegal=0
2067.723s  1.98 games/s  cpus=28
per deck:
  meta-abyss-aggro: policy_a (row) 0.609  policy_b (col) 0.590
  meta-abyss-midrange: policy_a (row) 0.656  policy_b (col) 0.691
  meta-dragon-aggro: policy_a (row) 0.590  policy_b (col) 0.605
  meta-dragon-ramp: policy_a (row) 0.477  policy_b (col) 0.512
  meta-forest-combo: policy_a (row) 0.516  policy_b (col) 0.484
  meta-haven-amulet: policy_a (row) 0.305  policy_b (col) 0.301
  meta-haven-evo: policy_a (row) 0.617  policy_b (col) 0.582
  meta-haven-kukishiro: policy_a (row) 0.133  policy_b (col) 0.180
  meta-portal-af: policy_a (row) 0.680  policy_b (col) 0.750
  meta-portal-cutthroat: policy_a (row) 0.441  policy_b (col) 0.383
  meta-portal-evo: policy_a (row) 0.676  policy_b (col) 0.672
  meta-rune-crystal: policy_a (row) 0.223  policy_b (col) 0.277
  meta-rune-spell: policy_a (row) 0.395  policy_b (col) 0.449
  meta-rune-test-subject: policy_a (row) 0.387  policy_b (col) 0.352
  meta-sword-loot: policy_a (row) 0.547  policy_b (col) 0.594
  meta-sword-rally: policy_a (row) 0.660  policy_b (col) 0.668

4096 games in 2067.723s (2.0 games/s)
wrote C:\Users\agban\projects\arena\results\sweep9\c03-final.json
