pool: meta
decks: 16 (meta-abyss-aggro, meta-abyss-midrange, meta-dragon-aggro, meta-dragon-ramp, meta-forest-combo, meta-haven-amulet, meta-haven-evo, meta-haven-kukishiro, meta-portal-af, meta-portal-cutthroat, meta-portal-evo, meta-rune-crystal, meta-rune-spell, meta-rune-test-subject, meta-sword-loot, meta-sword-rally)
pairs: 256 (16 x 16, mirrors included)
games     8 games/pair x 256 =  2048
matchup: 16 decks × 8 games = 2048 games (seed=1, policy_a=h0:net=results/ablate/v2-no18.json, policy_b=h0:net=results/net5-v2/linear.json, first=alternate, threads=None)
Win rate (row = A, col = B; cell = A's win rate)
                              meta-abyss-aggro     meta-abyss-midrange       meta-dragon-aggro        meta-dragon-ramp       meta-forest-combo       meta-haven-amulet          meta-haven-evo    meta-haven-kukishiro          meta-portal-af   meta-portal-cutthroat         meta-portal-evo       meta-rune-crystal         meta-rune-spell  meta-rune-test-subject         meta-sword-loot        meta-sword-rally
meta-abyss-aggro                         0.500                   0.500                   0.125                   0.625                   0.000                   0.875                   0.625                   0.875                   0.250                   0.375                   0.500                   0.500                   0.500                   0.125                   0.750                   0.375
meta-abyss-midrange                      0.875                   0.625                   0.875                   0.750                   0.875                   0.500                   0.250                   1.000                   0.750                   0.875                   0.625                   0.875                   0.875                   0.625                   0.500                   0.125
meta-dragon-aggro                        0.500                   0.125                   0.375                   0.750                   0.250                   0.625                   0.625                   0.625                   0.750                   0.500                   0.250                   0.625                   0.500                   0.250                   0.625                   0.375
meta-dragon-ramp                         0.125                   0.000                   0.375                   0.500                   0.500                   0.500                   0.375                   1.000                   0.250                   0.625                   0.250                   0.500                   0.375                   0.375                   0.125                   0.250
meta-forest-combo                        0.625                   0.125                   0.625                   0.875                   0.750                   0.875                   0.000                   0.875                   0.500                   0.625                   0.250                   0.375                   0.750                   0.500                   0.500                   0.125
meta-haven-amulet                        0.250                   0.250                   0.375                   0.375                   0.625                   0.250                   0.125                   0.875                   0.250                   0.250                   0.000                   0.625                   0.625                   0.125                   0.000                   0.250
meta-haven-evo                           0.125                   0.625                   0.875                   0.500                   0.625                   0.750                   0.375                   1.000                   0.875                   0.875                   1.000                   1.000                   0.875                   0.750                   0.375                   0.625
meta-haven-kukishiro                     0.375                   0.000                   0.250                   0.125                   0.250                   0.000                   0.000                   0.250                   0.000                   0.125                   0.125                   0.000                   0.000                   0.125                   0.375                   0.000
meta-portal-af                           0.625                   0.125                   0.625                   0.625                   0.750                   0.625                   0.500                   0.875                   0.625                   0.375                   0.625                   0.875                   0.750                   1.000                   0.625                   0.375
meta-portal-cutthroat                    0.625                   0.375                   0.750                   0.625                   0.625                   0.500                   0.125                   1.000                   0.250                   0.500                   0.250                   0.625                   0.500                   0.625                   0.625                   0.625
meta-portal-evo                          0.750                   0.375                   0.625                   0.500                   0.875                   1.000                   0.375                   0.875                   0.375                   0.625                   0.500                   1.000                   0.750                   0.625                   0.750                   0.625
meta-rune-crystal                        0.375                   0.000                   0.500                   0.250                   0.375                   0.375                   0.000                   0.750                   0.000                   0.125                   0.000                   0.250                   0.125                   0.250                   0.375                   0.000
meta-rune-spell                          0.500                   0.125                   0.750                   0.375                   0.500                   0.375                   0.250                   0.875                   0.125                   0.125                   0.250                   0.625                   0.375                   0.125                   0.125                   0.125
meta-rune-test-subject                   0.375                   0.500                   0.750                   0.625                   0.750                   0.750                   0.250                   1.000                   0.500                   0.625                   0.250                   0.750                   0.625                   0.250                   0.625                   0.500
meta-sword-loot                          0.750                   0.500                   0.500                   0.625                   0.625                   0.250                   0.500                   0.750                   0.500                   0.500                   0.125                   0.500                   0.375                   0.625                   0.500                   0.375
meta-sword-rally                         0.750                   0.625                   0.750                   1.000                   1.000                   0.625                   0.375                   1.000                   0.375                   0.500                   0.250                   0.750                   0.875                   0.500                   0.625                   0.250

First-player win rate / mean turns
                              meta-abyss-aggro     meta-abyss-midrange       meta-dragon-aggro        meta-dragon-ramp       meta-forest-combo       meta-haven-amulet          meta-haven-evo    meta-haven-kukishiro          meta-portal-af   meta-portal-cutthroat         meta-portal-evo       meta-rune-crystal         meta-rune-spell  meta-rune-test-subject         meta-sword-loot        meta-sword-rally
meta-abyss-aggro                 0.500 /   6.8           0.750 /   6.9           0.625 /   7.1           0.625 /   7.1           0.500 /   6.5           0.625 /   6.4           0.375 /   7.8           0.375 /   7.4           0.500 /   7.0           0.625 /   8.8           0.750 /   7.6           0.500 /   7.5           0.500 /   7.2           0.625 /   8.1           0.750 /   7.9           0.625 /   7.8
meta-abyss-midrange              0.625 /   6.9           0.625 /   9.4           0.375 /   8.5           0.750 /   7.5           0.625 /   9.2           0.250 /   9.2           0.500 /   9.4           0.500 /   8.4           0.250 /   8.0           0.625 /   9.1           0.875 /   8.4           0.375 /   8.2           0.625 /   9.2           0.625 /   8.9           0.500 /   7.5           0.375 /   8.1
meta-dragon-aggro                0.750 /   6.9           0.625 /   8.4           0.625 /   7.2           0.500 /   7.1           0.750 /   7.6           0.875 /   8.0           0.875 /   7.2           0.375 /   9.9           0.500 /   6.9           0.500 /   7.5           0.500 /   7.5           0.125 /   6.8           0.500 /   7.1           0.250 /   8.4           0.625 /   7.5           0.625 /   7.2
meta-dragon-ramp                 0.625 /   6.9           0.500 /   7.9           0.625 /   7.5           0.500 /   9.0           0.500 /   8.0           0.250 /  12.2           0.875 /   9.4           0.500 /  11.8           0.750 /   8.0           0.625 /   9.1           0.500 /   8.4           0.250 /   7.9           0.625 /   8.8           0.625 /   8.5           0.375 /   7.5           0.500 /   7.5
meta-forest-combo                0.375 /   7.0           0.375 /   8.2           0.625 /   8.6           0.625 /   6.8           0.500 /   8.1           0.375 /   9.5           0.500 /  10.2           0.625 /  10.5           0.500 /   9.5           0.375 /   9.1           0.250 /   8.2           0.375 /   8.8           0.500 /   8.2           0.500 /   8.2           0.500 /   8.0           0.375 /   8.4
meta-haven-amulet                0.750 /   8.0           0.500 /  11.2           0.375 /   8.1           0.625 /  11.0           0.375 /  12.2           0.750 /  14.5           0.375 /  11.9           0.375 /  15.1           0.500 /   8.4           0.750 /  11.5           0.500 /   9.8           0.625 /  10.6           0.625 /  12.2           0.625 /   9.1           0.500 /   9.4           0.500 /   9.6
meta-haven-evo                   0.375 /   6.9           0.875 /   9.4           0.375 /   8.6           0.750 /  10.1           0.625 /   9.8           0.500 /  12.9           0.875 /  12.5           0.500 /  11.1           0.625 /   9.2           0.625 /  10.6           0.500 /  11.0           0.500 /   9.9           0.375 /  10.0           0.500 /   9.9           0.875 /   8.9           0.625 /   8.2
meta-haven-kukishiro             0.875 /   9.6           0.500 /   9.8           0.500 /   8.9           0.625 /   9.9           0.500 /  10.0           0.500 /  15.4           0.500 /  11.4           0.250 /  17.2           0.500 /  10.1           0.625 /  12.6           0.625 /   8.4           0.500 /   9.6           0.500 /  11.2           0.375 /   9.8           0.875 /  10.4           0.500 /   8.0
meta-portal-af                   0.375 /   7.1           0.375 /   8.2           0.625 /   7.9           0.625 /   8.6           0.750 /  11.1           0.875 /   9.6           0.500 /   8.8           0.625 /   8.8           0.625 /   9.9           0.625 /   9.6           0.625 /   9.6           0.375 /   8.1           0.500 /   8.1           0.500 /   8.5           0.625 /   7.9           0.375 /   8.8
meta-portal-cutthroat            0.625 /   7.2           0.375 /   8.6           0.750 /   8.0           0.625 /   8.8           0.625 /   9.2           0.250 /  11.2           0.375 /  10.2           0.500 /  10.2           0.750 /  10.0           0.500 /   9.6           0.500 /   9.2           0.625 /   9.1           0.500 /   8.9           0.375 /   9.1           0.625 /   8.8           0.625 /   9.2
meta-portal-evo                  0.500 /   7.6           0.375 /   7.9           0.625 /   7.8           0.500 /   9.4           0.625 /   9.0           0.500 /   9.9           0.625 /  10.0           0.375 /   8.9           0.875 /   9.4           0.625 /   8.9           0.500 /   9.4           0.500 /   8.4           0.500 /   8.6           0.625 /   8.9           0.500 /   9.1           0.875 /   8.6
meta-rune-crystal                0.625 /   7.6           0.500 /   8.1           0.250 /   8.1           0.750 /   8.4           0.375 /   8.2           0.625 /  11.9           0.500 /   9.4           0.500 /  10.8           0.500 /   7.6           0.375 /   9.4           0.500 /   8.9           0.250 /   9.4           0.375 /   7.4           0.500 /   7.9           0.875 /   9.1           0.500 /   8.1
meta-rune-spell                  0.250 /   7.2           0.375 /   8.6           0.250 /   7.5           0.375 /   9.0           0.750 /   9.4           0.625 /  12.2           0.750 /   9.9           0.625 /   9.8           0.375 /   8.2           0.625 /  10.0           0.750 /   9.2           0.375 /   7.9           0.875 /   8.4           0.375 /   7.9           0.625 /   8.9           0.625 /   7.4
meta-rune-test-subject           0.125 /   7.4           0.500 /   8.1           0.500 /   7.4           0.375 /   6.9           0.250 /   8.4           0.500 /  10.5           0.500 /   9.2           0.500 /   9.2           0.750 /   9.1           0.625 /   7.9           0.500 /   9.0           0.750 /   7.8           0.875 /   8.5           0.250 /   7.9           0.375 /   8.4           0.750 /   8.4
meta-sword-loot                  0.750 /   8.4           0.500 /   8.1           0.250 /   8.1           0.625 /   8.5           0.375 /   8.8           0.500 /   9.8           0.750 /   8.1           0.500 /   9.6           0.500 /   8.2           0.750 /   8.2           0.375 /   7.9           0.750 /   8.9           0.375 /   8.4           0.625 /   8.0           0.750 /   8.5           0.625 /   7.9
meta-sword-rally                 0.500 /   7.0           0.625 /   8.0           0.500 /   7.4           0.500 /   8.0           0.500 /   8.6           0.625 /  10.2           0.625 /   8.8           0.500 /   7.1           0.625 /   9.4           0.500 /   8.9           0.750 /   9.5           0.750 /   8.5           0.375 /   7.5           0.250 /   7.5           0.625 /   7.8           0.500 /   8.1

A win rate over decisive games, Wilson 95% [lo, hi]
                              meta-abyss-aggro     meta-abyss-midrange       meta-dragon-aggro        meta-dragon-ramp       meta-forest-combo       meta-haven-amulet          meta-haven-evo    meta-haven-kukishiro          meta-portal-af   meta-portal-cutthroat         meta-portal-evo       meta-rune-crystal         meta-rune-spell  meta-rune-test-subject         meta-sword-loot        meta-sword-rally
meta-abyss-aggro          0.500 [0.215, 0.785]    0.500 [0.215, 0.785]    0.125 [0.022, 0.471]    0.625 [0.306, 0.863]    0.000 [0.000, 0.324]    0.875 [0.529, 0.978]    0.625 [0.306, 0.863]    0.875 [0.529, 0.978]    0.250 [0.071, 0.591]    0.375 [0.137, 0.694]    0.500 [0.215, 0.785]    0.500 [0.215, 0.785]    0.500 [0.215, 0.785]    0.125 [0.022, 0.471]    0.750 [0.409, 0.929]    0.375 [0.137, 0.694]
meta-abyss-midrange       0.875 [0.529, 0.978]    0.625 [0.306, 0.863]    0.875 [0.529, 0.978]    0.750 [0.409, 0.929]    0.875 [0.529, 0.978]    0.500 [0.215, 0.785]    0.250 [0.071, 0.591]    1.000 [0.676, 1.000]    0.750 [0.409, 0.929]    0.875 [0.529, 0.978]    0.625 [0.306, 0.863]    0.875 [0.529, 0.978]    0.875 [0.529, 0.978]    0.625 [0.306, 0.863]    0.500 [0.215, 0.785]    0.125 [0.022, 0.471]
meta-dragon-aggro         0.500 [0.215, 0.785]    0.125 [0.022, 0.471]    0.375 [0.137, 0.694]    0.750 [0.409, 0.929]    0.250 [0.071, 0.591]    0.625 [0.306, 0.863]    0.625 [0.306, 0.863]    0.625 [0.306, 0.863]    0.750 [0.409, 0.929]    0.500 [0.215, 0.785]    0.250 [0.071, 0.591]    0.625 [0.306, 0.863]    0.500 [0.215, 0.785]    0.250 [0.071, 0.591]    0.625 [0.306, 0.863]    0.375 [0.137, 0.694]
meta-dragon-ramp          0.125 [0.022, 0.471]    0.000 [0.000, 0.324]    0.375 [0.137, 0.694]    0.500 [0.215, 0.785]    0.500 [0.215, 0.785]    0.500 [0.215, 0.785]    0.375 [0.137, 0.694]    1.000 [0.676, 1.000]    0.250 [0.071, 0.591]    0.625 [0.306, 0.863]    0.250 [0.071, 0.591]    0.500 [0.215, 0.785]    0.375 [0.137, 0.694]    0.375 [0.137, 0.694]    0.125 [0.022, 0.471]    0.250 [0.071, 0.591]
meta-forest-combo         0.625 [0.306, 0.863]    0.125 [0.022, 0.471]    0.625 [0.306, 0.863]    0.875 [0.529, 0.978]    0.750 [0.409, 0.929]    0.875 [0.529, 0.978]    0.000 [0.000, 0.324]    0.875 [0.529, 0.978]    0.500 [0.215, 0.785]    0.625 [0.306, 0.863]    0.250 [0.071, 0.591]    0.375 [0.137, 0.694]    0.750 [0.409, 0.929]    0.500 [0.215, 0.785]    0.500 [0.215, 0.785]    0.125 [0.022, 0.471]
meta-haven-amulet         0.250 [0.071, 0.591]    0.250 [0.071, 0.591]    0.375 [0.137, 0.694]    0.375 [0.137, 0.694]    0.625 [0.306, 0.863]    0.250 [0.071, 0.591]    0.125 [0.022, 0.471]    0.875 [0.529, 0.978]    0.250 [0.071, 0.591]    0.250 [0.071, 0.591]    0.000 [0.000, 0.324]    0.625 [0.306, 0.863]    0.625 [0.306, 0.863]    0.125 [0.022, 0.471]    0.000 [0.000, 0.324]    0.250 [0.071, 0.591]
meta-haven-evo            0.125 [0.022, 0.471]    0.625 [0.306, 0.863]    0.875 [0.529, 0.978]    0.500 [0.215, 0.785]    0.625 [0.306, 0.863]    0.750 [0.409, 0.929]    0.375 [0.137, 0.694]    1.000 [0.676, 1.000]    0.875 [0.529, 0.978]    0.875 [0.529, 0.978]    1.000 [0.676, 1.000]    1.000 [0.676, 1.000]    0.875 [0.529, 0.978]    0.750 [0.409, 0.929]    0.375 [0.137, 0.694]    0.625 [0.306, 0.863]
meta-haven-kukishiro      0.375 [0.137, 0.694]    0.000 [0.000, 0.324]    0.250 [0.071, 0.591]    0.125 [0.022, 0.471]    0.250 [0.071, 0.591]    0.000 [0.000, 0.324]    0.000 [0.000, 0.324]    0.250 [0.071, 0.591]    0.000 [0.000, 0.324]    0.125 [0.022, 0.471]    0.125 [0.022, 0.471]    0.000 [0.000, 0.324]    0.000 [0.000, 0.324]    0.125 [0.022, 0.471]    0.375 [0.137, 0.694]    0.000 [0.000, 0.324]
meta-portal-af            0.625 [0.306, 0.863]    0.125 [0.022, 0.471]    0.625 [0.306, 0.863]    0.625 [0.306, 0.863]    0.750 [0.409, 0.929]    0.625 [0.306, 0.863]    0.500 [0.215, 0.785]    0.875 [0.529, 0.978]    0.625 [0.306, 0.863]    0.375 [0.137, 0.694]    0.625 [0.306, 0.863]    0.875 [0.529, 0.978]    0.750 [0.409, 0.929]    1.000 [0.676, 1.000]    0.625 [0.306, 0.863]    0.375 [0.137, 0.694]
meta-portal-cutthroat     0.625 [0.306, 0.863]    0.375 [0.137, 0.694]    0.750 [0.409, 0.929]    0.625 [0.306, 0.863]    0.625 [0.306, 0.863]    0.500 [0.215, 0.785]    0.125 [0.022, 0.471]    1.000 [0.676, 1.000]    0.250 [0.071, 0.591]    0.500 [0.215, 0.785]    0.250 [0.071, 0.591]    0.625 [0.306, 0.863]    0.500 [0.215, 0.785]    0.625 [0.306, 0.863]    0.625 [0.306, 0.863]    0.625 [0.306, 0.863]
meta-portal-evo           0.750 [0.409, 0.929]    0.375 [0.137, 0.694]    0.625 [0.306, 0.863]    0.500 [0.215, 0.785]    0.875 [0.529, 0.978]    1.000 [0.676, 1.000]    0.375 [0.137, 0.694]    0.875 [0.529, 0.978]    0.375 [0.137, 0.694]    0.625 [0.306, 0.863]    0.500 [0.215, 0.785]    1.000 [0.676, 1.000]    0.750 [0.409, 0.929]    0.625 [0.306, 0.863]    0.750 [0.409, 0.929]    0.625 [0.306, 0.863]
meta-rune-crystal         0.375 [0.137, 0.694]    0.000 [0.000, 0.324]    0.500 [0.215, 0.785]    0.250 [0.071, 0.591]    0.375 [0.137, 0.694]    0.375 [0.137, 0.694]    0.000 [0.000, 0.324]    0.750 [0.409, 0.929]    0.000 [0.000, 0.324]    0.125 [0.022, 0.471]    0.000 [0.000, 0.324]    0.250 [0.071, 0.591]    0.125 [0.022, 0.471]    0.250 [0.071, 0.591]    0.375 [0.137, 0.694]    0.000 [0.000, 0.324]
meta-rune-spell           0.500 [0.215, 0.785]    0.125 [0.022, 0.471]    0.750 [0.409, 0.929]    0.375 [0.137, 0.694]    0.500 [0.215, 0.785]    0.375 [0.137, 0.694]    0.250 [0.071, 0.591]    0.875 [0.529, 0.978]    0.125 [0.022, 0.471]    0.125 [0.022, 0.471]    0.250 [0.071, 0.591]    0.625 [0.306, 0.863]    0.375 [0.137, 0.694]    0.125 [0.022, 0.471]    0.125 [0.022, 0.471]    0.125 [0.022, 0.471]
meta-rune-test-subject    0.375 [0.137, 0.694]    0.500 [0.215, 0.785]    0.750 [0.409, 0.929]    0.625 [0.306, 0.863]    0.750 [0.409, 0.929]    0.750 [0.409, 0.929]    0.250 [0.071, 0.591]    1.000 [0.676, 1.000]    0.500 [0.215, 0.785]    0.625 [0.306, 0.863]    0.250 [0.071, 0.591]    0.750 [0.409, 0.929]    0.625 [0.306, 0.863]    0.250 [0.071, 0.591]    0.625 [0.306, 0.863]    0.500 [0.215, 0.785]
meta-sword-loot           0.750 [0.409, 0.929]    0.500 [0.215, 0.785]    0.500 [0.215, 0.785]    0.625 [0.306, 0.863]    0.625 [0.306, 0.863]    0.250 [0.071, 0.591]    0.500 [0.215, 0.785]    0.750 [0.409, 0.929]    0.500 [0.215, 0.785]    0.500 [0.215, 0.785]    0.125 [0.022, 0.471]    0.500 [0.215, 0.785]    0.375 [0.137, 0.694]    0.625 [0.306, 0.863]    0.500 [0.215, 0.785]    0.375 [0.137, 0.694]
meta-sword-rally          0.750 [0.409, 0.929]    0.625 [0.306, 0.863]    0.750 [0.409, 0.929]    1.000 [0.676, 1.000]    1.000 [0.676, 1.000]    0.625 [0.306, 0.863]    0.375 [0.137, 0.694]    1.000 [0.676, 1.000]    0.375 [0.137, 0.694]    0.500 [0.215, 0.785]    0.250 [0.071, 0.591]    0.750 [0.409, 0.929]    0.875 [0.529, 0.978]    0.500 [0.215, 0.785]    0.625 [0.306, 0.863]    0.250 [0.071, 0.591]

=== summary ===
h0:net=results/ablate/v2-no18.json vs h0:net=results/net5-v2/linear.json
games: 2048  decisive: 2048  draws: 0
policy_a win rate: 0.489 [0.468, 0.511]
first-player win rate: 0.543
mean turns: 8.86  mean actions: 88.30
end: lethal=2023 deckout=25 turn_cap=0 action_cap=0 no_legal=0 illegal=0
1169.359s  1.75 games/s  cpus=28
per deck:
  meta-abyss-aggro: policy_a (row) 0.469  policy_b (col) 0.492
  meta-abyss-midrange: policy_a (row) 0.688  policy_b (col) 0.695
  meta-dragon-aggro: policy_a (row) 0.484  policy_b (col) 0.430
  meta-dragon-ramp: policy_a (row) 0.383  policy_b (col) 0.430
  meta-forest-combo: policy_a (row) 0.523  policy_b (col) 0.414
  meta-haven-amulet: policy_a (row) 0.328  policy_b (col) 0.445
  meta-haven-evo: policy_a (row) 0.703  policy_b (col) 0.703
  meta-haven-kukishiro: policy_a (row) 0.125  policy_b (col) 0.148
  meta-portal-af: policy_a (row) 0.625  policy_b (col) 0.602
  meta-portal-cutthroat: policy_a (row) 0.539  policy_b (col) 0.523
  meta-portal-evo: policy_a (row) 0.664  policy_b (col) 0.672
  meta-rune-crystal: policy_a (row) 0.234  policy_b (col) 0.383
  meta-rune-spell: policy_a (row) 0.352  policy_b (col) 0.445
  meta-rune-test-subject: policy_a (row) 0.570  policy_b (col) 0.570
  meta-sword-loot: policy_a (row) 0.500  policy_b (col) 0.531
  meta-sword-rally: policy_a (row) 0.641  policy_b (col) 0.688

2048 games in 1169.359s (1.8 games/s)
wrote C:\Users\agban\projects\arena\results\ablate-v2\c01-final.json
