matchup: 16 decks × 8 games = 2048 games (seed=7, policy_a=h0:olethal=1,osteps=6, policy_b=h0:olethal=1,osteps=6,wv=120, first=alternate, threads=None)
Win rate (row = A, col = B; cell = A's win rate)
                           abyss-p8rfn              abyss-pool          afnm-minatodao            basic-forest            basic-portal              basic-rune             dragon-pool            elf-neanisu2             forest-pool             portal-pool              ramp-37772           ramp-claywies            royal-nattui             rune-mach15               rune-pool              sword-pool
abyss-p8rfn                      0.625                   1.000                   0.750                   0.750                   1.000                   1.000                   0.750                   0.125                   0.625                   1.000                   0.875                   0.875                   0.750                   0.625                   1.000                   1.000
abyss-pool                       0.000                   0.500                   0.125                   0.875                   0.625                   1.000                   0.625                   0.000                   0.625                   0.625                   0.250                   0.125                   0.125                   0.125                   0.750                   0.250
afnm-minatodao                   0.625                   1.000                   0.375                   1.000                   1.000                   1.000                   1.000                   1.000                   0.875                   1.000                   0.750                   0.625                   0.875                   1.000                   1.000                   0.750
basic-forest                     0.000                   0.250                   0.000                   0.500                   0.750                   0.625                   0.375                   0.000                   0.000                   0.250                   0.000                   0.000                   0.125                   0.250                   0.375                   0.125
basic-portal                     0.000                   0.125                   0.000                   0.625                   0.375                   1.000                   0.250                   0.000                   0.000                   0.500                   0.125                   0.125                   0.000                   0.125                   0.375                   0.125
basic-rune                       0.000                   0.000                   0.000                   0.250                   0.125                   0.500                   0.000                   0.000                   0.000                   0.375                   0.000                   0.000                   0.000                   0.000                   0.375                   0.000
dragon-pool                      0.250                   0.625                   0.000                   0.750                   1.000                   0.875                   0.500                   0.000                   0.375                   1.000                   0.125                   0.375                   0.125                   0.625                   1.000                   0.500
elf-neanisu2                     0.375                   1.000                   0.250                   1.000                   1.000                   1.000                   0.625                   0.375                   0.750                   1.000                   0.625                   0.625                   0.625                   0.500                   0.875                   0.875
forest-pool                      0.250                   0.500                   0.000                   0.750                   0.875                   1.000                   0.875                   0.375                   0.375                   0.875                   0.250                   0.000                   0.125                   0.375                   0.875                   0.500
portal-pool                      0.000                   0.750                   0.000                   0.625                   0.625                   1.000                   0.375                   0.125                   0.250                   0.625                   0.250                   0.375                   0.000                   0.000                   0.750                   0.375
ramp-37772                       0.500                   0.875                   0.250                   0.625                   1.000                   1.000                   0.750                   0.375                   0.875                   0.750                   0.750                   0.750                   0.375                   1.000                   0.875                   0.875
ramp-claywies                    0.125                   0.875                   0.375                   1.000                   1.000                   1.000                   1.000                   0.125                   1.000                   0.500                   0.500                   0.375                   0.750                   0.750                   1.000                   0.875
royal-nattui                     0.125                   0.625                   0.250                   1.000                   1.000                   1.000                   0.875                   0.625                   0.875                   1.000                   0.500                   0.625                   0.125                   0.875                   1.000                   0.875
rune-mach15                      0.000                   0.875                   0.000                   0.875                   0.875                   1.000                   0.250                   0.250                   0.750                   1.000                   0.250                   0.500                   0.500                   0.500                   0.750                   0.750
rune-pool                        0.000                   0.250                   0.000                   0.625                   0.500                   0.625                   0.250                   0.000                   0.125                   0.625                   0.000                   0.000                   0.000                   0.125                   0.125                   0.000
sword-pool                       0.000                   0.500                   0.000                   0.750                   1.000                   1.000                   0.750                   0.375                   0.875                   0.500                   0.375                   0.250                   0.500                   0.375                   1.000                   0.375

First-player win rate / mean turns
                           abyss-p8rfn              abyss-pool          afnm-minatodao            basic-forest            basic-portal              basic-rune             dragon-pool            elf-neanisu2             forest-pool             portal-pool              ramp-37772           ramp-claywies            royal-nattui             rune-mach15               rune-pool              sword-pool
abyss-p8rfn              0.625 /   8.6           0.500 /   7.8           0.500 /   8.4           0.750 /   8.0           0.500 /   8.1           0.500 /   6.8           0.500 /   7.6           0.625 /   8.2           0.375 /   9.0           0.500 /   8.1           0.625 /   8.9           0.625 /   9.0           0.750 /   8.1           0.625 /   7.9           0.500 /   7.5           0.500 /   7.9
abyss-pool               0.500 /   8.1           0.750 /   9.0           0.375 /   7.5           0.625 /   8.5           0.625 /   7.9           0.500 /   6.4           0.625 /   9.0           0.500 /   8.0           0.875 /  10.0           0.625 /   9.4           0.750 /   9.5           0.375 /   8.6           0.625 /   8.5           0.625 /   9.0           0.250 /   9.6           0.750 /   9.6
afnm-minatodao           0.375 /   9.6           0.500 /   8.0           0.375 /   8.8           0.500 /   6.9           0.500 /   6.1           0.500 /   5.8           0.500 /   7.6           0.500 /   8.5           0.625 /   8.1           0.500 /   7.0           0.500 /   9.2           0.625 /  10.0           0.375 /   8.5           0.500 /   8.1           0.500 /   7.4           0.750 /   7.5
basic-forest             0.500 /   7.5           0.500 /   8.2           0.500 /   6.9           0.500 /   8.2           0.250 /   8.2           0.625 /   8.5           0.625 /   8.1           0.500 /   7.2           0.500 /   8.8           0.500 /   8.0           0.500 /   8.6           0.500 /   8.1           0.375 /   7.9           0.750 /   8.1           0.375 /   8.2           0.625 /   8.1
basic-portal             0.500 /   8.4           0.625 /   9.1           0.500 /   6.6           0.625 /   9.0           0.625 /   9.1           0.500 /   9.2           0.500 /   8.1           0.500 /   7.4           0.500 /   9.0           0.750 /   8.6           0.375 /   8.5           0.375 /   8.1           0.500 /   8.6           0.625 /   7.4           0.125 /   9.5           0.375 /   9.1
basic-rune               0.500 /   7.0           0.500 /   6.8           0.500 /   6.5           0.500 /   7.9           0.375 /   7.1           0.500 /   7.0           0.500 /   6.9           0.500 /   6.5           0.500 /   7.5           0.625 /   7.9           0.500 /   7.4           0.500 /   7.0           0.500 /   6.4           0.500 /   7.9           0.375 /   7.9           0.500 /   7.8
dragon-pool              0.250 /   8.5           0.375 /   8.6           0.500 /   6.9           0.500 /   8.4           0.500 /   7.2           0.375 /   7.5           0.500 /   8.2           0.500 /   7.9           0.875 /   8.9           0.500 /   7.9           0.625 /   8.6           0.625 /   8.9           0.625 /   7.5           0.625 /   9.1           0.500 /   9.5           0.750 /   9.8
elf-neanisu2             0.125 /   8.8           0.500 /   8.8           0.500 /   8.1           0.500 /   7.9           0.500 /   7.2           0.500 /   6.9           0.375 /   8.5           0.625 /   8.5           0.500 /   9.2           0.500 /   7.5           0.875 /   9.1           0.875 /   8.1           0.625 /   8.8           0.500 /   9.1           0.625 /   7.4           0.625 /   9.1
forest-pool              0.750 /   9.4           0.500 /   9.6           0.500 /   8.6           0.750 /   8.8           0.375 /   8.1           0.500 /   7.4           0.625 /   7.6           0.375 /   9.4           0.625 /  10.5           0.625 /   9.1           0.750 /   9.5           0.500 /   9.0           0.375 /   8.8           0.375 /   9.4           0.625 /   8.8           0.500 /  11.2
portal-pool              0.500 /   7.0           0.500 /   9.2           0.500 /   6.6           0.625 /   8.9           0.625 /   9.2           0.500 /   7.2           0.625 /   8.4           0.625 /   8.0           0.750 /   9.9           0.375 /   8.1           0.500 /   8.5           0.625 /   7.4           0.500 /   7.8           0.500 /   8.8           0.500 /   9.2           0.625 /   9.9
ramp-37772               0.500 /   9.6           0.375 /   8.5           0.500 /   8.6           0.875 /   8.1           0.500 /   9.1           0.500 /   8.2           0.500 /   7.9           0.625 /  10.1           0.625 /   9.9           0.500 /   8.0           0.500 /  10.6           0.500 /   8.0           0.625 /   7.9           0.500 /   9.2           0.625 /   8.8           0.625 /  10.8
ramp-claywies            0.625 /   9.1           0.375 /   8.9           0.625 /   9.2           0.500 /   8.4           0.500 /   9.0           0.500 /   7.1           0.500 /   9.0           0.375 /   7.9           0.500 /  10.6           0.500 /   7.0           0.750 /  11.1           0.625 /   9.0           0.250 /   9.0           0.500 /   8.8           0.500 /   8.4           0.625 /   9.8
royal-nattui             0.625 /   8.0           0.625 /   7.9           0.500 /   8.6           0.500 /   8.1           0.500 /   7.4           0.500 /   6.9           0.625 /   6.9           0.625 /   9.6           0.625 /   8.8           0.500 /   7.9           1.000 /   9.1           0.625 /   9.6           0.625 /   8.4           0.375 /   9.0           0.500 /   9.6           0.625 /  10.4
rune-mach15              0.500 /   8.1           0.625 /   9.1           0.500 /   8.5           0.625 /   7.5           0.625 /   8.8           0.500 /   7.8           0.500 /   8.0           0.500 /   8.6           0.750 /   9.2           0.500 /   7.2           0.500 /   8.2           1.000 /   8.6           0.750 /   8.1           0.500 /   9.0           0.750 /   8.0           0.750 /   9.8
rune-pool                0.500 /   7.1           0.500 /  10.5           0.500 /   6.4           0.375 /  10.0           0.500 /   9.0           0.375 /   8.5           0.250 /  11.1           0.500 /   6.4           0.625 /   9.8           0.625 /   9.9           0.500 /   8.4           0.500 /   8.2           0.500 /   7.9           0.625 /   9.2           0.625 /  11.6           0.500 /  10.0
sword-pool               0.500 /   8.9           0.250 /   8.0           0.500 /   8.4           0.750 /   8.0           0.500 /   8.8           0.500 /   6.6           0.500 /   9.1           0.875 /   9.1           0.625 /   9.1           0.750 /   9.9           0.625 /  10.0           0.750 /  10.8           0.750 /  11.0           0.375 /  10.1           0.500 /  10.5           0.625 /  12.6

A win rate over decisive games, Wilson 95% [lo, hi]
                           abyss-p8rfn              abyss-pool          afnm-minatodao            basic-forest            basic-portal              basic-rune             dragon-pool            elf-neanisu2             forest-pool             portal-pool              ramp-37772           ramp-claywies            royal-nattui             rune-mach15               rune-pool              sword-pool
abyss-p8rfn       0.625 [0.306, 0.863]    1.000 [0.676, 1.000]    0.750 [0.409, 0.929]    0.750 [0.409, 0.929]    1.000 [0.676, 1.000]    1.000 [0.676, 1.000]    0.750 [0.409, 0.929]    0.125 [0.022, 0.471]    0.625 [0.306, 0.863]    1.000 [0.676, 1.000]    0.875 [0.529, 0.978]    0.875 [0.529, 0.978]    0.750 [0.409, 0.929]    0.625 [0.306, 0.863]    1.000 [0.676, 1.000]    1.000 [0.676, 1.000]
abyss-pool        0.000 [0.000, 0.324]    0.500 [0.215, 0.785]    0.125 [0.022, 0.471]    0.875 [0.529, 0.978]    0.625 [0.306, 0.863]    1.000 [0.676, 1.000]    0.625 [0.306, 0.863]    0.000 [0.000, 0.324]    0.625 [0.306, 0.863]    0.625 [0.306, 0.863]    0.250 [0.071, 0.591]    0.125 [0.022, 0.471]    0.125 [0.022, 0.471]    0.125 [0.022, 0.471]    0.750 [0.409, 0.929]    0.250 [0.071, 0.591]
afnm-minatodao    0.625 [0.306, 0.863]    1.000 [0.676, 1.000]    0.375 [0.137, 0.694]    1.000 [0.676, 1.000]    1.000 [0.676, 1.000]    1.000 [0.676, 1.000]    1.000 [0.676, 1.000]    1.000 [0.676, 1.000]    0.875 [0.529, 0.978]    1.000 [0.676, 1.000]    0.750 [0.409, 0.929]    0.625 [0.306, 0.863]    0.875 [0.529, 0.978]    1.000 [0.676, 1.000]    1.000 [0.676, 1.000]    0.750 [0.409, 0.929]
basic-forest      0.000 [0.000, 0.324]    0.250 [0.071, 0.591]    0.000 [0.000, 0.324]    0.500 [0.215, 0.785]    0.750 [0.409, 0.929]    0.625 [0.306, 0.863]    0.375 [0.137, 0.694]    0.000 [0.000, 0.324]    0.000 [0.000, 0.324]    0.250 [0.071, 0.591]    0.000 [0.000, 0.324]    0.000 [0.000, 0.324]    0.125 [0.022, 0.471]    0.250 [0.071, 0.591]    0.375 [0.137, 0.694]    0.125 [0.022, 0.471]
basic-portal      0.000 [0.000, 0.324]    0.125 [0.022, 0.471]    0.000 [0.000, 0.324]    0.625 [0.306, 0.863]    0.375 [0.137, 0.694]    1.000 [0.676, 1.000]    0.250 [0.071, 0.591]    0.000 [0.000, 0.324]    0.000 [0.000, 0.324]    0.500 [0.215, 0.785]    0.125 [0.022, 0.471]    0.125 [0.022, 0.471]    0.000 [0.000, 0.324]    0.125 [0.022, 0.471]    0.375 [0.137, 0.694]    0.125 [0.022, 0.471]
basic-rune        0.000 [0.000, 0.324]    0.000 [0.000, 0.324]    0.000 [0.000, 0.324]    0.250 [0.071, 0.591]    0.125 [0.022, 0.471]    0.500 [0.215, 0.785]    0.000 [0.000, 0.324]    0.000 [0.000, 0.324]    0.000 [0.000, 0.324]    0.375 [0.137, 0.694]    0.000 [0.000, 0.324]    0.000 [0.000, 0.324]    0.000 [0.000, 0.324]    0.000 [0.000, 0.324]    0.375 [0.137, 0.694]    0.000 [0.000, 0.324]
dragon-pool       0.250 [0.071, 0.591]    0.625 [0.306, 0.863]    0.000 [0.000, 0.324]    0.750 [0.409, 0.929]    1.000 [0.676, 1.000]    0.875 [0.529, 0.978]    0.500 [0.215, 0.785]    0.000 [0.000, 0.324]    0.375 [0.137, 0.694]    1.000 [0.676, 1.000]    0.125 [0.022, 0.471]    0.375 [0.137, 0.694]    0.125 [0.022, 0.471]    0.625 [0.306, 0.863]    1.000 [0.676, 1.000]    0.500 [0.215, 0.785]
elf-neanisu2      0.375 [0.137, 0.694]    1.000 [0.676, 1.000]    0.250 [0.071, 0.591]    1.000 [0.676, 1.000]    1.000 [0.676, 1.000]    1.000 [0.676, 1.000]    0.625 [0.306, 0.863]    0.375 [0.137, 0.694]    0.750 [0.409, 0.929]    1.000 [0.676, 1.000]    0.625 [0.306, 0.863]    0.625 [0.306, 0.863]    0.625 [0.306, 0.863]    0.500 [0.215, 0.785]    0.875 [0.529, 0.978]    0.875 [0.529, 0.978]
forest-pool       0.250 [0.071, 0.591]    0.500 [0.215, 0.785]    0.000 [0.000, 0.324]    0.750 [0.409, 0.929]    0.875 [0.529, 0.978]    1.000 [0.676, 1.000]    0.875 [0.529, 0.978]    0.375 [0.137, 0.694]    0.375 [0.137, 0.694]    0.875 [0.529, 0.978]    0.250 [0.071, 0.591]    0.000 [0.000, 0.324]    0.125 [0.022, 0.471]    0.375 [0.137, 0.694]    0.875 [0.529, 0.978]    0.500 [0.215, 0.785]
portal-pool       0.000 [0.000, 0.324]    0.750 [0.409, 0.929]    0.000 [0.000, 0.324]    0.625 [0.306, 0.863]    0.625 [0.306, 0.863]    1.000 [0.676, 1.000]    0.375 [0.137, 0.694]    0.125 [0.022, 0.471]    0.250 [0.071, 0.591]    0.625 [0.306, 0.863]    0.250 [0.071, 0.591]    0.375 [0.137, 0.694]    0.000 [0.000, 0.324]    0.000 [0.000, 0.324]    0.750 [0.409, 0.929]    0.375 [0.137, 0.694]
ramp-37772        0.500 [0.215, 0.785]    0.875 [0.529, 0.978]    0.250 [0.071, 0.591]    0.625 [0.306, 0.863]    1.000 [0.676, 1.000]    1.000 [0.676, 1.000]    0.750 [0.409, 0.929]    0.375 [0.137, 0.694]    0.875 [0.529, 0.978]    0.750 [0.409, 0.929]    0.750 [0.409, 0.929]    0.750 [0.409, 0.929]    0.375 [0.137, 0.694]    1.000 [0.676, 1.000]    0.875 [0.529, 0.978]    0.875 [0.529, 0.978]
ramp-claywies     0.125 [0.022, 0.471]    0.875 [0.529, 0.978]    0.375 [0.137, 0.694]    1.000 [0.676, 1.000]    1.000 [0.676, 1.000]    1.000 [0.676, 1.000]    1.000 [0.676, 1.000]    0.125 [0.022, 0.471]    1.000 [0.676, 1.000]    0.500 [0.215, 0.785]    0.500 [0.215, 0.785]    0.375 [0.137, 0.694]    0.750 [0.409, 0.929]    0.750 [0.409, 0.929]    1.000 [0.676, 1.000]    0.875 [0.529, 0.978]
royal-nattui      0.125 [0.022, 0.471]    0.625 [0.306, 0.863]    0.250 [0.071, 0.591]    1.000 [0.676, 1.000]    1.000 [0.676, 1.000]    1.000 [0.676, 1.000]    0.875 [0.529, 0.978]    0.625 [0.306, 0.863]    0.875 [0.529, 0.978]    1.000 [0.676, 1.000]    0.500 [0.215, 0.785]    0.625 [0.306, 0.863]    0.125 [0.022, 0.471]    0.875 [0.529, 0.978]    1.000 [0.676, 1.000]    0.875 [0.529, 0.978]
rune-mach15       0.000 [0.000, 0.324]    0.875 [0.529, 0.978]    0.000 [0.000, 0.324]    0.875 [0.529, 0.978]    0.875 [0.529, 0.978]    1.000 [0.676, 1.000]    0.250 [0.071, 0.591]    0.250 [0.071, 0.591]    0.750 [0.409, 0.929]    1.000 [0.676, 1.000]    0.250 [0.071, 0.591]    0.500 [0.215, 0.785]    0.500 [0.215, 0.785]    0.500 [0.215, 0.785]    0.750 [0.409, 0.929]    0.750 [0.409, 0.929]
rune-pool         0.000 [0.000, 0.324]    0.250 [0.071, 0.591]    0.000 [0.000, 0.324]    0.625 [0.306, 0.863]    0.500 [0.215, 0.785]    0.625 [0.306, 0.863]    0.250 [0.071, 0.591]    0.000 [0.000, 0.324]    0.125 [0.022, 0.471]    0.625 [0.306, 0.863]    0.000 [0.000, 0.324]    0.000 [0.000, 0.324]    0.000 [0.000, 0.324]    0.125 [0.022, 0.471]    0.125 [0.022, 0.471]    0.000 [0.000, 0.324]
sword-pool        0.000 [0.000, 0.324]    0.500 [0.215, 0.785]    0.000 [0.000, 0.324]    0.750 [0.409, 0.929]    1.000 [0.676, 1.000]    1.000 [0.676, 1.000]    0.750 [0.409, 0.929]    0.375 [0.137, 0.694]    0.875 [0.529, 0.978]    0.500 [0.215, 0.785]    0.375 [0.137, 0.694]    0.250 [0.071, 0.591]    0.500 [0.215, 0.785]    0.375 [0.137, 0.694]    1.000 [0.676, 1.000]    0.375 [0.137, 0.694]

=== summary ===
h0:olethal=1,osteps=6 vs h0:olethal=1,osteps=6,wv=120
games: 2048  decisive: 2048  draws: 0
policy_a win rate: 0.513 [0.491, 0.534]
first-player win rate: 0.544
mean turns: 8.49  mean actions: 77.93
end: lethal=2048 deckout=0 turn_cap=0 action_cap=0 no_legal=0 illegal=0
770.882s  2.66 games/s  cpus=28
per deck:
  abyss-p8rfn: policy_a (row) 0.797  policy_b (col) 0.820
  abyss-pool: policy_a (row) 0.414  policy_b (col) 0.391
  afnm-minatodao: policy_a (row) 0.867  policy_b (col) 0.852
  basic-forest: policy_a (row) 0.227  policy_b (col) 0.250
  basic-portal: policy_a (row) 0.234  policy_b (col) 0.203
  basic-rune: policy_a (row) 0.102  policy_b (col) 0.086
  dragon-pool: policy_a (row) 0.508  policy_b (col) 0.422
  elf-neanisu2: policy_a (row) 0.719  policy_b (col) 0.766
  forest-pool: policy_a (row) 0.500  policy_b (col) 0.477
  portal-pool: policy_a (row) 0.383  policy_b (col) 0.273
  ramp-37772: policy_a (row) 0.727  policy_b (col) 0.648
  ramp-claywies: policy_a (row) 0.703  policy_b (col) 0.648
  royal-nattui: policy_a (row) 0.711  policy_b (col) 0.688
  rune-mach15: policy_a (row) 0.570  policy_b (col) 0.547
  rune-pool: policy_a (row) 0.203  policy_b (col) 0.242
  sword-pool: policy_a (row) 0.539  policy_b (col) 0.484

2048 games in 770.882s (2.7 games/s)
wrote C:\Users\agban\projects\arena\results\sweep6\c01-reverse.json
