matchup: 16 decks × 16 games = 4096 games (seed=7, policy_a=h0:olethal=1,osteps=6,wv=200, policy_b=h0:olethal=1,osteps=6, first=alternate, threads=None)
Win rate (row = A, col = B; cell = A's win rate)
                           abyss-p8rfn              abyss-pool          afnm-minatodao            basic-forest            basic-portal              basic-rune             dragon-pool            elf-neanisu2             forest-pool             portal-pool              ramp-37772           ramp-claywies            royal-nattui             rune-mach15               rune-pool              sword-pool
abyss-p8rfn                      0.625                   1.000                   0.688                   0.875                   1.000                   1.000                   0.750                   0.438                   0.875                   0.875                   0.750                   0.938                   0.750                   0.812                   1.000                   0.938
abyss-pool                       0.062                   0.562                   0.062                   0.938                   0.750                   1.000                   0.562                   0.000                   0.438                   0.562                   0.312                   0.188                   0.188                   0.188                   0.875                   0.438
afnm-minatodao                   0.375                   1.000                   0.312                   1.000                   1.000                   1.000                   1.000                   0.875                   0.938                   1.000                   0.812                   0.688                   0.750                   0.938                   1.000                   0.750
basic-forest                     0.000                   0.188                   0.000                   0.500                   0.562                   0.812                   0.250                   0.000                   0.188                   0.312                   0.125                   0.062                   0.062                   0.250                   0.312                   0.250
basic-portal                     0.000                   0.125                   0.000                   0.562                   0.438                   0.875                   0.250                   0.000                   0.000                   0.500                   0.125                   0.125                   0.000                   0.062                   0.438                   0.062
basic-rune                       0.000                   0.062                   0.000                   0.375                   0.188                   0.500                   0.000                   0.000                   0.062                   0.188                   0.000                   0.000                   0.000                   0.000                   0.250                   0.000
dragon-pool                      0.312                   0.500                   0.062                   0.688                   0.938                   0.938                   0.312                   0.125                   0.562                   0.875                   0.188                   0.250                   0.062                   0.625                   0.938                   0.438
elf-neanisu2                     0.375                   1.000                   0.250                   1.000                   0.938                   1.000                   0.750                   0.438                   0.750                   1.000                   0.562                   0.500                   0.562                   0.688                   0.938                   0.938
forest-pool                      0.188                   0.562                   0.062                   0.750                   0.750                   1.000                   0.750                   0.312                   0.312                   0.938                   0.312                   0.125                   0.188                   0.250                   0.938                   0.375
portal-pool                      0.000                   0.625                   0.000                   0.562                   0.562                   0.938                   0.375                   0.062                   0.250                   0.500                   0.188                   0.188                   0.000                   0.062                   0.625                   0.375
ramp-37772                       0.375                   0.625                   0.188                   0.750                   0.938                   0.938                   0.875                   0.438                   0.812                   0.812                   0.438                   0.688                   0.438                   0.750                   0.938                   0.938
ramp-claywies                    0.312                   0.625                   0.188                   1.000                   0.938                   0.938                   0.938                   0.250                   0.812                   0.750                   0.312                   0.500                   0.562                   0.750                   0.938                   0.938
royal-nattui                     0.188                   0.812                   0.250                   1.000                   0.938                   1.000                   0.812                   0.562                   0.812                   0.938                   0.438                   0.750                   0.312                   0.688                   1.000                   0.938
rune-mach15                      0.125                   0.688                   0.000                   0.875                   0.938                   0.938                   0.250                   0.500                   0.812                   0.875                   0.250                   0.375                   0.312                   0.500                   0.750                   0.500
rune-pool                        0.000                   0.125                   0.000                   0.438                   0.438                   0.625                   0.250                   0.000                   0.125                   0.375                   0.062                   0.000                   0.000                   0.125                   0.438                   0.125
sword-pool                       0.000                   0.688                   0.000                   0.750                   1.000                   1.000                   0.688                   0.375                   0.688                   0.625                   0.250                   0.188                   0.312                   0.500                   0.938                   0.375

First-player win rate / mean turns
                           abyss-p8rfn              abyss-pool          afnm-minatodao            basic-forest            basic-portal              basic-rune             dragon-pool            elf-neanisu2             forest-pool             portal-pool              ramp-37772           ramp-claywies            royal-nattui             rune-mach15               rune-pool              sword-pool
abyss-p8rfn              0.500 /   8.6           0.500 /   7.6           0.562 /   8.6           0.625 /   8.0           0.500 /   7.8           0.500 /   6.8           0.500 /   7.9           0.438 /   8.6           0.500 /   8.4           0.375 /   7.6           0.750 /   8.6           0.562 /   8.6           0.750 /   8.0           0.562 /   7.7           0.500 /   7.6           0.562 /   9.1
abyss-pool               0.438 /   7.8           0.688 /  10.1           0.438 /   7.8           0.562 /   8.8           0.625 /   8.3           0.500 /   6.4           0.688 /   8.8           0.500 /   8.2           0.812 /  10.2           0.688 /  10.1           0.688 /   9.2           0.562 /   8.7           0.688 /   8.5           0.562 /  10.0           0.375 /   9.4           0.562 /   8.7
afnm-minatodao           0.500 /   9.4           0.500 /   7.8           0.438 /   8.8           0.500 /   7.1           0.500 /   6.4           0.500 /   5.9           0.500 /   8.2           0.500 /   8.4           0.562 /   8.6           0.500 /   7.1           0.562 /   8.6           0.688 /   9.6           0.500 /   8.6           0.562 /   8.1           0.500 /   7.2           0.750 /   8.1
basic-forest             0.500 /   7.7           0.562 /   8.3           0.500 /   6.8           0.500 /   8.7           0.562 /   8.9           0.562 /   7.9           0.500 /   7.9           0.500 /   7.4           0.438 /   8.6           0.562 /   8.2           0.500 /   8.3           0.562 /   8.1           0.438 /   8.2           0.500 /   7.9           0.562 /   8.5           0.500 /   8.0
basic-portal             0.500 /   7.9           0.625 /   9.1           0.500 /   6.9           0.438 /   8.8           0.562 /   8.7           0.500 /   9.1           0.500 /   8.4           0.500 /   7.3           0.500 /   9.2           0.625 /   8.8           0.375 /   8.2           0.500 /   8.2           0.500 /   8.3           0.562 /   7.5           0.438 /   9.2           0.438 /   9.0
basic-rune               0.500 /   6.9           0.562 /   6.8           0.500 /   6.4           0.500 /   8.0           0.438 /   7.7           0.375 /   6.8           0.500 /   7.1           0.500 /   6.6           0.562 /   7.9           0.562 /   7.4           0.500 /   7.5           0.500 /   7.4           0.500 /   6.9           0.500 /   7.8           0.375 /   7.9           0.500 /   7.4
dragon-pool              0.438 /   8.6           0.625 /   8.6           0.562 /   7.4           0.562 /   8.4           0.562 /   7.7           0.438 /   7.4           0.562 /   7.8           0.375 /   7.9           0.688 /   9.0           0.500 /   8.9           0.562 /   8.9           0.625 /   8.3           0.562 /   7.8           0.500 /   9.3           0.438 /  11.1           0.812 /   9.0
elf-neanisu2             0.250 /   8.8           0.500 /   9.3           0.625 /   8.1           0.500 /   7.5           0.562 /   7.6           0.500 /   6.6           0.375 /   8.0           0.688 /   8.1           0.500 /   9.4           0.500 /   7.7           0.812 /   9.4           0.750 /   8.8           0.812 /   8.6           0.438 /   8.8           0.562 /   7.3           0.562 /   8.7
forest-pool              0.562 /   8.8           0.562 /   9.4           0.562 /   9.0           0.625 /   8.7           0.500 /   8.9           0.500 /   6.9           0.625 /   8.3           0.562 /   9.1           0.688 /   9.9           0.562 /   8.9           0.688 /   8.8           0.625 /   8.9           0.562 /   9.2           0.500 /   9.2           0.562 /   9.1           0.500 /  11.4
portal-pool              0.500 /   7.0           0.500 /   8.7           0.500 /   6.8           0.438 /   8.3           0.438 /   8.9           0.562 /   7.2           0.625 /   8.1           0.562 /   7.6           0.625 /   9.9           0.500 /   8.9           0.562 /   8.2           0.562 /   8.2           0.500 /   7.6           0.562 /   8.1           0.625 /   9.2           0.625 /   9.4
ramp-37772               0.500 /   8.8           0.500 /   8.0           0.438 /   8.9           0.750 /   8.3           0.438 /   8.6           0.562 /   8.1           0.500 /   8.9           0.562 /   9.2           0.562 /  10.2           0.562 /   8.7           0.438 /   9.3           0.688 /   8.6           0.688 /   8.6           0.625 /   9.0           0.562 /   8.6           0.562 /  10.9
ramp-claywies            0.688 /   8.5           0.375 /   7.9           0.562 /   9.4           0.500 /   8.5           0.562 /   8.7           0.438 /   7.1           0.562 /   8.9           0.500 /   8.9           0.312 /   9.9           0.500 /   7.7           0.688 /  11.2           0.625 /   8.7           0.312 /   9.4           0.500 /   9.1           0.562 /   8.4           0.562 /   9.2
royal-nattui             0.562 /   7.7           0.562 /   8.3           0.625 /   8.2           0.500 /   7.6           0.438 /   7.9           0.500 /   7.1           0.688 /   7.6           0.562 /   9.4           0.438 /   9.8           0.562 /   8.0           0.812 /   8.9           0.625 /   9.1           0.562 /   8.4           0.688 /   8.6           0.500 /   8.7           0.562 /  10.1
rune-mach15              0.625 /   8.5           0.562 /   9.1           0.500 /   8.6           0.500 /   7.7           0.562 /   8.3           0.562 /   7.6           0.500 /   8.2           0.375 /   8.6           0.688 /   9.0           0.625 /   7.6           0.500 /   9.1           0.750 /   9.0           0.688 /   8.3           0.750 /   9.3           0.625 /   8.5           0.625 /  10.0
rune-pool                0.500 /   7.3           0.500 /   9.0           0.500 /   6.8           0.438 /   9.4           0.562 /   9.8           0.375 /   8.1           0.375 /   9.6           0.500 /   7.1           0.625 /   9.9           0.625 /   9.9           0.562 /   8.6           0.500 /   8.2           0.500 /   7.9           0.625 /  10.2           0.438 /  12.9           0.500 /  10.0
sword-pool               0.500 /   9.5           0.438 /   8.6           0.500 /   8.2           0.750 /   8.1           0.500 /   8.9           0.500 /   7.1           0.562 /   9.4           0.750 /   9.2           0.688 /  10.1           0.625 /   9.6           0.625 /  10.1           0.562 /  10.2           0.688 /  10.7           0.500 /  10.4           0.438 /  10.7           0.625 /  10.8

A win rate over decisive games, Wilson 95% [lo, hi]
                           abyss-p8rfn              abyss-pool          afnm-minatodao            basic-forest            basic-portal              basic-rune             dragon-pool            elf-neanisu2             forest-pool             portal-pool              ramp-37772           ramp-claywies            royal-nattui             rune-mach15               rune-pool              sword-pool
abyss-p8rfn       0.625 [0.386, 0.815]    1.000 [0.806, 1.000]    0.688 [0.444, 0.858]    0.875 [0.640, 0.965]    1.000 [0.806, 1.000]    1.000 [0.806, 1.000]    0.750 [0.505, 0.898]    0.438 [0.231, 0.668]    0.875 [0.640, 0.965]    0.875 [0.640, 0.965]    0.750 [0.505, 0.898]    0.938 [0.717, 0.989]    0.750 [0.505, 0.898]    0.812 [0.570, 0.934]    1.000 [0.806, 1.000]    0.938 [0.717, 0.989]
abyss-pool        0.062 [0.011, 0.283]    0.562 [0.332, 0.769]    0.062 [0.011, 0.283]    0.938 [0.717, 0.989]    0.750 [0.505, 0.898]    1.000 [0.806, 1.000]    0.562 [0.332, 0.769]    0.000 [0.000, 0.194]    0.438 [0.231, 0.668]    0.562 [0.332, 0.769]    0.312 [0.142, 0.556]    0.188 [0.066, 0.430]    0.188 [0.066, 0.430]    0.188 [0.066, 0.430]    0.875 [0.640, 0.965]    0.438 [0.231, 0.668]
afnm-minatodao    0.375 [0.185, 0.614]    1.000 [0.806, 1.000]    0.312 [0.142, 0.556]    1.000 [0.806, 1.000]    1.000 [0.806, 1.000]    1.000 [0.806, 1.000]    1.000 [0.806, 1.000]    0.875 [0.640, 0.965]    0.938 [0.717, 0.989]    1.000 [0.806, 1.000]    0.812 [0.570, 0.934]    0.688 [0.444, 0.858]    0.750 [0.505, 0.898]    0.938 [0.717, 0.989]    1.000 [0.806, 1.000]    0.750 [0.505, 0.898]
basic-forest      0.000 [0.000, 0.194]    0.188 [0.066, 0.430]    0.000 [0.000, 0.194]    0.500 [0.280, 0.720]    0.562 [0.332, 0.769]    0.812 [0.570, 0.934]    0.250 [0.102, 0.495]    0.000 [0.000, 0.194]    0.188 [0.066, 0.430]    0.312 [0.142, 0.556]    0.125 [0.035, 0.360]    0.062 [0.011, 0.283]    0.062 [0.011, 0.283]    0.250 [0.102, 0.495]    0.312 [0.142, 0.556]    0.250 [0.102, 0.495]
basic-portal      0.000 [0.000, 0.194]    0.125 [0.035, 0.360]    0.000 [0.000, 0.194]    0.562 [0.332, 0.769]    0.438 [0.231, 0.668]    0.875 [0.640, 0.965]    0.250 [0.102, 0.495]    0.000 [0.000, 0.194]    0.000 [0.000, 0.194]    0.500 [0.280, 0.720]    0.125 [0.035, 0.360]    0.125 [0.035, 0.360]    0.000 [0.000, 0.194]    0.062 [0.011, 0.283]    0.438 [0.231, 0.668]    0.062 [0.011, 0.283]
basic-rune        0.000 [0.000, 0.194]    0.062 [0.011, 0.283]    0.000 [0.000, 0.194]    0.375 [0.185, 0.614]    0.188 [0.066, 0.430]    0.500 [0.280, 0.720]    0.000 [0.000, 0.194]    0.000 [0.000, 0.194]    0.062 [0.011, 0.283]    0.188 [0.066, 0.430]    0.000 [0.000, 0.194]    0.000 [0.000, 0.194]    0.000 [0.000, 0.194]    0.000 [0.000, 0.194]    0.250 [0.102, 0.495]    0.000 [0.000, 0.194]
dragon-pool       0.312 [0.142, 0.556]    0.500 [0.280, 0.720]    0.062 [0.011, 0.283]    0.688 [0.444, 0.858]    0.938 [0.717, 0.989]    0.938 [0.717, 0.989]    0.312 [0.142, 0.556]    0.125 [0.035, 0.360]    0.562 [0.332, 0.769]    0.875 [0.640, 0.965]    0.188 [0.066, 0.430]    0.250 [0.102, 0.495]    0.062 [0.011, 0.283]    0.625 [0.386, 0.815]    0.938 [0.717, 0.989]    0.438 [0.231, 0.668]
elf-neanisu2      0.375 [0.185, 0.614]    1.000 [0.806, 1.000]    0.250 [0.102, 0.495]    1.000 [0.806, 1.000]    0.938 [0.717, 0.989]    1.000 [0.806, 1.000]    0.750 [0.505, 0.898]    0.438 [0.231, 0.668]    0.750 [0.505, 0.898]    1.000 [0.806, 1.000]    0.562 [0.332, 0.769]    0.500 [0.280, 0.720]    0.562 [0.332, 0.769]    0.688 [0.444, 0.858]    0.938 [0.717, 0.989]    0.938 [0.717, 0.989]
forest-pool       0.188 [0.066, 0.430]    0.562 [0.332, 0.769]    0.062 [0.011, 0.283]    0.750 [0.505, 0.898]    0.750 [0.505, 0.898]    1.000 [0.806, 1.000]    0.750 [0.505, 0.898]    0.312 [0.142, 0.556]    0.312 [0.142, 0.556]    0.938 [0.717, 0.989]    0.312 [0.142, 0.556]    0.125 [0.035, 0.360]    0.188 [0.066, 0.430]    0.250 [0.102, 0.495]    0.938 [0.717, 0.989]    0.375 [0.185, 0.614]
portal-pool       0.000 [0.000, 0.194]    0.625 [0.386, 0.815]    0.000 [0.000, 0.194]    0.562 [0.332, 0.769]    0.562 [0.332, 0.769]    0.938 [0.717, 0.989]    0.375 [0.185, 0.614]    0.062 [0.011, 0.283]    0.250 [0.102, 0.495]    0.500 [0.280, 0.720]    0.188 [0.066, 0.430]    0.188 [0.066, 0.430]    0.000 [0.000, 0.194]    0.062 [0.011, 0.283]    0.625 [0.386, 0.815]    0.375 [0.185, 0.614]
ramp-37772        0.375 [0.185, 0.614]    0.625 [0.386, 0.815]    0.188 [0.066, 0.430]    0.750 [0.505, 0.898]    0.938 [0.717, 0.989]    0.938 [0.717, 0.989]    0.875 [0.640, 0.965]    0.438 [0.231, 0.668]    0.812 [0.570, 0.934]    0.812 [0.570, 0.934]    0.438 [0.231, 0.668]    0.688 [0.444, 0.858]    0.438 [0.231, 0.668]    0.750 [0.505, 0.898]    0.938 [0.717, 0.989]    0.938 [0.717, 0.989]
ramp-claywies     0.312 [0.142, 0.556]    0.625 [0.386, 0.815]    0.188 [0.066, 0.430]    1.000 [0.806, 1.000]    0.938 [0.717, 0.989]    0.938 [0.717, 0.989]    0.938 [0.717, 0.989]    0.250 [0.102, 0.495]    0.812 [0.570, 0.934]    0.750 [0.505, 0.898]    0.312 [0.142, 0.556]    0.500 [0.280, 0.720]    0.562 [0.332, 0.769]    0.750 [0.505, 0.898]    0.938 [0.717, 0.989]    0.938 [0.717, 0.989]
royal-nattui      0.188 [0.066, 0.430]    0.812 [0.570, 0.934]    0.250 [0.102, 0.495]    1.000 [0.806, 1.000]    0.938 [0.717, 0.989]    1.000 [0.806, 1.000]    0.812 [0.570, 0.934]    0.562 [0.332, 0.769]    0.812 [0.570, 0.934]    0.938 [0.717, 0.989]    0.438 [0.231, 0.668]    0.750 [0.505, 0.898]    0.312 [0.142, 0.556]    0.688 [0.444, 0.858]    1.000 [0.806, 1.000]    0.938 [0.717, 0.989]
rune-mach15       0.125 [0.035, 0.360]    0.688 [0.444, 0.858]    0.000 [0.000, 0.194]    0.875 [0.640, 0.965]    0.938 [0.717, 0.989]    0.938 [0.717, 0.989]    0.250 [0.102, 0.495]    0.500 [0.280, 0.720]    0.812 [0.570, 0.934]    0.875 [0.640, 0.965]    0.250 [0.102, 0.495]    0.375 [0.185, 0.614]    0.312 [0.142, 0.556]    0.500 [0.280, 0.720]    0.750 [0.505, 0.898]    0.500 [0.280, 0.720]
rune-pool         0.000 [0.000, 0.194]    0.125 [0.035, 0.360]    0.000 [0.000, 0.194]    0.438 [0.231, 0.668]    0.438 [0.231, 0.668]    0.625 [0.386, 0.815]    0.250 [0.102, 0.495]    0.000 [0.000, 0.194]    0.125 [0.035, 0.360]    0.375 [0.185, 0.614]    0.062 [0.011, 0.283]    0.000 [0.000, 0.194]    0.000 [0.000, 0.194]    0.125 [0.035, 0.360]    0.438 [0.231, 0.668]    0.125 [0.035, 0.360]
sword-pool        0.000 [0.000, 0.194]    0.688 [0.444, 0.858]    0.000 [0.000, 0.194]    0.750 [0.505, 0.898]    1.000 [0.806, 1.000]    1.000 [0.806, 1.000]    0.688 [0.444, 0.858]    0.375 [0.185, 0.614]    0.688 [0.444, 0.858]    0.625 [0.386, 0.815]    0.250 [0.102, 0.495]    0.188 [0.066, 0.430]    0.312 [0.142, 0.556]    0.500 [0.280, 0.720]    0.938 [0.717, 0.989]    0.375 [0.185, 0.614]

=== summary ===
h0:olethal=1,osteps=6,wv=200 vs h0:olethal=1,osteps=6
games: 4096  decisive: 4096  draws: 0
policy_a win rate: 0.503 [0.488, 0.519]
first-player win rate: 0.545
mean turns: 8.51  mean actions: 78.20
end: lethal=4096 deckout=0 turn_cap=0 action_cap=0 no_legal=0 illegal=0
1562.990s  2.62 games/s  cpus=28
per deck:
  abyss-p8rfn: policy_a (row) 0.832  policy_b (col) 0.816
  abyss-pool: policy_a (row) 0.445  policy_b (col) 0.426
  afnm-minatodao: policy_a (row) 0.840  policy_b (col) 0.871
  basic-forest: policy_a (row) 0.242  policy_b (col) 0.246
  basic-portal: policy_a (row) 0.223  policy_b (col) 0.230
  basic-rune: policy_a (row) 0.102  policy_b (col) 0.094
  dragon-pool: policy_a (row) 0.488  policy_b (col) 0.449
  elf-neanisu2: policy_a (row) 0.730  policy_b (col) 0.727
  forest-pool: policy_a (row) 0.488  policy_b (col) 0.473
  portal-pool: policy_a (row) 0.332  policy_b (col) 0.305
  ramp-37772: policy_a (row) 0.684  policy_b (col) 0.680
  ramp-claywies: policy_a (row) 0.672  policy_b (col) 0.652
  royal-nattui: policy_a (row) 0.715  policy_b (col) 0.719
  rune-mach15: policy_a (row) 0.543  policy_b (col) 0.551
  rune-pool: policy_a (row) 0.195  policy_b (col) 0.230
  sword-pool: policy_a (row) 0.523  policy_b (col) 0.477

4096 games in 1562.990s (2.6 games/s)
wrote C:\Users\agban\projects\arena\results\sweep6\c02-final.json
