matchup: 16 decks × 4 games = 1024 games (seed=7, policy_a=h0:olethal=1,osteps=6,wv=200,k=8, policy_b=h0:olethal=1,osteps=6, first=alternate, threads=None)
Win rate (row = A, col = B; cell = A's win rate)
                           abyss-p8rfn              abyss-pool          afnm-minatodao            basic-forest            basic-portal              basic-rune             dragon-pool            elf-neanisu2             forest-pool             portal-pool              ramp-37772           ramp-claywies            royal-nattui             rune-mach15               rune-pool              sword-pool
abyss-p8rfn                      0.750                   1.000                   0.750                   0.750                   1.000                   1.000                   1.000                   0.500                   0.500                   1.000                   0.750                   1.000                   0.750                   1.000                   1.000                   0.750
abyss-pool                       0.000                   0.750                   0.000                   0.500                   0.500                   1.000                   0.250                   0.000                   0.500                   1.000                   0.250                   0.000                   0.000                   0.250                   0.500                   0.000
afnm-minatodao                   0.750                   1.000                   0.500                   1.000                   1.000                   1.000                   1.000                   0.750                   1.000                   1.000                   0.500                   1.000                   0.500                   1.000                   1.000                   1.000
basic-forest                     0.000                   0.500                   0.000                   0.250                   0.500                   0.750                   0.250                   0.000                   0.250                   0.250                   0.000                   0.000                   0.000                   0.000                   0.750                   0.000
basic-portal                     0.000                   0.250                   0.000                   0.500                   0.750                   1.000                   0.250                   0.000                   0.250                   0.500                   0.250                   0.000                   0.000                   0.500                   0.500                   0.000
basic-rune                       0.000                   0.250                   0.000                   0.250                   0.000                   0.250                   0.000                   0.000                   0.250                   0.000                   0.000                   0.000                   0.000                   0.000                   0.250                   0.000
dragon-pool                      0.000                   0.500                   0.000                   0.750                   1.000                   1.000                   0.250                   0.000                   0.250                   0.750                   0.000                   0.250                   0.250                   0.500                   1.000                   0.250
elf-neanisu2                     0.250                   0.750                   0.500                   1.000                   1.000                   1.000                   0.750                   1.000                   1.000                   0.750                   1.000                   0.750                   0.500                   0.750                   1.000                   0.750
forest-pool                      0.000                   0.250                   0.000                   0.750                   1.000                   1.000                   0.750                   0.500                   0.500                   1.000                   0.250                   0.000                   0.000                   0.500                   0.500                   0.500
portal-pool                      0.000                   0.250                   0.000                   0.750                   0.750                   0.750                   0.750                   0.000                   0.500                   0.750                   0.000                   0.000                   0.000                   0.000                   0.250                   0.000
ramp-37772                       0.500                   0.750                   0.000                   0.750                   1.000                   1.000                   1.000                   0.250                   0.250                   1.000                   0.500                   0.750                   0.000                   1.000                   1.000                   0.750
ramp-claywies                    0.250                   0.500                   0.250                   0.750                   1.000                   1.000                   0.750                   0.250                   0.500                   0.750                   0.250                   0.500                   0.750                   0.750                   1.000                   1.000
royal-nattui                     0.000                   1.000                   0.500                   1.000                   0.750                   1.000                   0.750                   0.250                   1.000                   1.000                   0.500                   0.750                   0.750                   0.750                   1.000                   0.750
rune-mach15                      0.000                   1.000                   0.000                   1.000                   1.000                   0.750                   0.500                   0.750                   1.000                   1.000                   0.250                   0.500                   0.250                   0.500                   0.750                   0.500
rune-pool                        0.000                   0.500                   0.000                   0.500                   0.500                   0.500                   0.000                   0.000                   0.000                   0.000                   0.000                   0.000                   0.000                   0.500                   0.500                   0.250
sword-pool                       0.000                   0.750                   0.250                   0.750                   1.000                   1.000                   0.750                   0.250                   0.250                   0.750                   0.000                   0.500                   0.750                   0.750                   0.500                   0.250

First-player win rate / mean turns
                           abyss-p8rfn              abyss-pool          afnm-minatodao            basic-forest            basic-portal              basic-rune             dragon-pool            elf-neanisu2             forest-pool             portal-pool              ramp-37772           ramp-claywies            royal-nattui             rune-mach15               rune-pool              sword-pool
abyss-p8rfn              0.750 /  10.0           0.500 /   7.2           0.250 /   7.8           0.250 /   7.8           0.500 /   7.5           0.500 /   7.8           0.500 /   7.0           0.500 /   9.0           1.000 /  10.5           0.500 /   7.2           0.750 /   7.5           0.500 /   7.8           0.750 /   8.8           0.500 /   9.2           0.500 /   7.2           0.750 /   9.0
abyss-pool               0.500 /   8.0           0.250 /  10.0           0.500 /   8.2           0.500 /   9.5           0.500 /   9.2           0.500 /   6.0           0.750 /   8.8           0.500 /   8.0           1.000 /   9.0           0.500 /   6.8           0.750 /   8.2           0.500 /   9.0           0.500 /  10.2           0.250 /   9.8           0.500 /   9.5           0.500 /   9.0
afnm-minatodao           0.750 /   8.8           0.500 /   8.0           0.500 /   8.0           0.500 /   7.0           0.500 /   6.0           0.500 /   5.8           0.500 /   7.2           0.750 /  11.5           0.500 /   8.0           0.500 /   6.2           0.500 /   9.0           0.500 /   8.0           0.500 /   8.2           0.500 /   7.8           0.500 /   6.5           0.500 /   8.8
basic-forest             0.500 /   7.0           0.500 /   8.8           0.500 /   6.8           0.750 /   8.0           0.500 /   8.8           0.250 /   7.8           0.750 /   8.2           0.500 /   7.2           0.750 /   8.5           0.750 /   8.5           0.500 /   9.0           0.500 /   8.0           0.500 /   8.5           0.500 /   9.0           0.250 /   7.5           0.500 /   8.8
basic-portal             0.500 /   7.5           0.750 /   7.2           0.500 /   6.8           0.500 /   8.5           0.250 /   8.0           0.500 /   8.0           0.250 /   7.2           0.500 /   7.2           0.750 /   8.8           0.500 /  10.2           0.250 /   7.5           0.500 /   9.2           0.500 /   8.0           1.000 /   8.5           0.500 /  10.2           0.500 /   9.0
basic-rune               0.500 /   7.2           0.250 /   6.8           0.500 /   6.5           0.250 /   7.8           0.500 /   7.5           0.750 /   8.5           0.500 /   7.2           0.500 /   6.2           0.750 /   7.8           0.500 /   9.5           0.500 /   7.0           0.500 /   6.8           0.500 /   6.2           0.500 /   7.0           0.250 /   8.8           0.500 /   7.2
dragon-pool              0.500 /   7.8           0.000 /  11.2           0.500 /   8.2           0.250 /   7.8           0.500 /   8.2           0.500 /   8.5           0.250 /   9.0           0.500 /   8.0           0.750 /   9.2           0.750 /   9.0           0.500 /   9.0           0.750 /   9.2           0.750 /   7.5           1.000 /   8.8           0.500 /  11.0           0.750 /   8.5
elf-neanisu2             0.750 /   7.8           0.750 /   8.8           1.000 /  10.0           0.500 /   7.2           0.500 /   9.8           0.500 /   7.8           0.250 /   9.5           0.500 /   8.8           0.500 /   8.5           0.750 /   8.8           0.500 /   7.8           0.750 /   9.0           0.500 /   8.0           0.750 /   9.5           0.500 /   8.0           0.750 /  12.5
forest-pool              0.500 /   9.2           0.750 /  10.5           0.500 /   8.8           0.750 /   8.8           0.500 /   9.0           0.500 /   6.5           0.250 /   9.2           0.500 /   7.8           0.500 /  12.0           0.500 /   8.8           0.250 /   9.0           0.500 /  10.2           0.500 /   9.5           0.500 /  10.5           0.500 /   9.2           0.500 /  12.0
portal-pool              0.500 /   7.0           0.750 /   8.5           0.500 /   7.0           0.750 /   8.8           0.250 /   8.8           0.750 /   7.2           0.250 /   9.8           0.500 /   8.8           0.500 /   8.2           0.750 /   8.0           0.500 /   9.0           0.500 /   7.2           0.500 /   8.8           0.500 /   7.2           0.250 /  11.2           0.500 /  10.0
ramp-37772               0.500 /   8.2           0.250 /   8.0           0.500 /   7.5           0.750 /   8.5           0.500 /   9.8           0.500 /   8.5           0.500 /   9.8           0.750 /  11.0           0.750 /   9.2           0.500 /   7.8           0.500 /   7.5           0.750 /   8.0           0.500 /   7.8           0.500 /   9.2           0.500 /   8.2           0.750 /  13.0
ramp-claywies            0.750 /   7.8           1.000 /   8.2           0.750 /   7.8           0.750 /   8.0           0.500 /   8.2           0.500 /   7.5           0.250 /   8.2           0.750 /   8.8           0.500 /   8.0           0.250 /   8.8           0.750 /  12.2           0.000 /  10.5           0.250 /   9.5           0.750 /   9.5           0.500 /   8.2           0.500 /   9.5
royal-nattui             0.500 /   9.2           0.500 /  10.0           0.500 /  10.0           0.500 /   7.8           0.750 /   8.0           0.500 /   6.5           0.750 /   8.2           0.250 /   8.8           0.500 /   8.5           0.500 /   8.2           1.000 /  11.5           0.750 /   8.0           0.750 /   9.8           0.750 /   8.0           0.500 /   8.0           0.250 /   8.5
rune-mach15              0.500 /   8.0           0.500 /   9.2           0.500 /   7.0           0.500 /   8.0           0.500 /   9.5           0.750 /   7.8           0.500 /   9.5           0.750 /  10.2           0.500 /  11.2           0.500 /   7.0           0.750 /   9.0           1.000 /   7.8           0.750 /   8.8           0.500 /   9.2           0.750 /  10.2           0.500 /  11.2
rune-pool                0.500 /   7.0           0.500 /  11.0           0.500 /   7.2           1.000 /  10.8           0.500 /  11.0           0.500 /   8.0           0.500 /  11.0           0.500 /   7.0           0.500 /  10.0           0.500 /  10.0           0.500 /  10.0           0.500 /   9.2           0.500 /   9.0           0.500 /  10.8           0.500 /  12.2           0.750 /  10.2
sword-pool               0.500 /   9.0           0.750 /   9.8           0.250 /   9.8           0.750 /   8.2           0.500 /   9.5           0.500 /   6.2           0.250 /   8.2           0.750 /  10.2           0.250 /  11.0           0.250 /   8.8           0.500 /  10.5           1.000 /   9.5           0.750 /   8.8           0.250 /  11.5           1.000 /   9.8           0.750 /  12.5

A win rate over decisive games, Wilson 95% [lo, hi]
                           abyss-p8rfn              abyss-pool          afnm-minatodao            basic-forest            basic-portal              basic-rune             dragon-pool            elf-neanisu2             forest-pool             portal-pool              ramp-37772           ramp-claywies            royal-nattui             rune-mach15               rune-pool              sword-pool
abyss-p8rfn       0.750 [0.301, 0.954]    1.000 [0.510, 1.000]    0.750 [0.301, 0.954]    0.750 [0.301, 0.954]    1.000 [0.510, 1.000]    1.000 [0.510, 1.000]    1.000 [0.510, 1.000]    0.500 [0.150, 0.850]    0.500 [0.150, 0.850]    1.000 [0.510, 1.000]    0.750 [0.301, 0.954]    1.000 [0.510, 1.000]    0.750 [0.301, 0.954]    1.000 [0.510, 1.000]    1.000 [0.510, 1.000]    0.750 [0.301, 0.954]
abyss-pool        0.000 [0.000, 0.490]    0.750 [0.301, 0.954]    0.000 [0.000, 0.490]    0.500 [0.150, 0.850]    0.500 [0.150, 0.850]    1.000 [0.510, 1.000]    0.250 [0.046, 0.699]    0.000 [0.000, 0.490]    0.500 [0.150, 0.850]    1.000 [0.510, 1.000]    0.250 [0.046, 0.699]    0.000 [0.000, 0.490]    0.000 [0.000, 0.490]    0.250 [0.046, 0.699]    0.500 [0.150, 0.850]    0.000 [0.000, 0.490]
afnm-minatodao    0.750 [0.301, 0.954]    1.000 [0.510, 1.000]    0.500 [0.150, 0.850]    1.000 [0.510, 1.000]    1.000 [0.510, 1.000]    1.000 [0.510, 1.000]    1.000 [0.510, 1.000]    0.750 [0.301, 0.954]    1.000 [0.510, 1.000]    1.000 [0.510, 1.000]    0.500 [0.150, 0.850]    1.000 [0.510, 1.000]    0.500 [0.150, 0.850]    1.000 [0.510, 1.000]    1.000 [0.510, 1.000]    1.000 [0.510, 1.000]
basic-forest      0.000 [0.000, 0.490]    0.500 [0.150, 0.850]    0.000 [0.000, 0.490]    0.250 [0.046, 0.699]    0.500 [0.150, 0.850]    0.750 [0.301, 0.954]    0.250 [0.046, 0.699]    0.000 [0.000, 0.490]    0.250 [0.046, 0.699]    0.250 [0.046, 0.699]    0.000 [0.000, 0.490]    0.000 [0.000, 0.490]    0.000 [0.000, 0.490]    0.000 [0.000, 0.490]    0.750 [0.301, 0.954]    0.000 [0.000, 0.490]
basic-portal      0.000 [0.000, 0.490]    0.250 [0.046, 0.699]    0.000 [0.000, 0.490]    0.500 [0.150, 0.850]    0.750 [0.301, 0.954]    1.000 [0.510, 1.000]    0.250 [0.046, 0.699]    0.000 [0.000, 0.490]    0.250 [0.046, 0.699]    0.500 [0.150, 0.850]    0.250 [0.046, 0.699]    0.000 [0.000, 0.490]    0.000 [0.000, 0.490]    0.500 [0.150, 0.850]    0.500 [0.150, 0.850]    0.000 [0.000, 0.490]
basic-rune        0.000 [0.000, 0.490]    0.250 [0.046, 0.699]    0.000 [0.000, 0.490]    0.250 [0.046, 0.699]    0.000 [0.000, 0.490]    0.250 [0.046, 0.699]    0.000 [0.000, 0.490]    0.000 [0.000, 0.490]    0.250 [0.046, 0.699]    0.000 [0.000, 0.490]    0.000 [0.000, 0.490]    0.000 [0.000, 0.490]    0.000 [0.000, 0.490]    0.000 [0.000, 0.490]    0.250 [0.046, 0.699]    0.000 [0.000, 0.490]
dragon-pool       0.000 [0.000, 0.490]    0.500 [0.150, 0.850]    0.000 [0.000, 0.490]    0.750 [0.301, 0.954]    1.000 [0.510, 1.000]    1.000 [0.510, 1.000]    0.250 [0.046, 0.699]    0.000 [0.000, 0.490]    0.250 [0.046, 0.699]    0.750 [0.301, 0.954]    0.000 [0.000, 0.490]    0.250 [0.046, 0.699]    0.250 [0.046, 0.699]    0.500 [0.150, 0.850]    1.000 [0.510, 1.000]    0.250 [0.046, 0.699]
elf-neanisu2      0.250 [0.046, 0.699]    0.750 [0.301, 0.954]    0.500 [0.150, 0.850]    1.000 [0.510, 1.000]    1.000 [0.510, 1.000]    1.000 [0.510, 1.000]    0.750 [0.301, 0.954]    1.000 [0.510, 1.000]    1.000 [0.510, 1.000]    0.750 [0.301, 0.954]    1.000 [0.510, 1.000]    0.750 [0.301, 0.954]    0.500 [0.150, 0.850]    0.750 [0.301, 0.954]    1.000 [0.510, 1.000]    0.750 [0.301, 0.954]
forest-pool       0.000 [0.000, 0.490]    0.250 [0.046, 0.699]    0.000 [0.000, 0.490]    0.750 [0.301, 0.954]    1.000 [0.510, 1.000]    1.000 [0.510, 1.000]    0.750 [0.301, 0.954]    0.500 [0.150, 0.850]    0.500 [0.150, 0.850]    1.000 [0.510, 1.000]    0.250 [0.046, 0.699]    0.000 [0.000, 0.490]    0.000 [0.000, 0.490]    0.500 [0.150, 0.850]    0.500 [0.150, 0.850]    0.500 [0.150, 0.850]
portal-pool       0.000 [0.000, 0.490]    0.250 [0.046, 0.699]    0.000 [0.000, 0.490]    0.750 [0.301, 0.954]    0.750 [0.301, 0.954]    0.750 [0.301, 0.954]    0.750 [0.301, 0.954]    0.000 [0.000, 0.490]    0.500 [0.150, 0.850]    0.750 [0.301, 0.954]    0.000 [0.000, 0.490]    0.000 [0.000, 0.490]    0.000 [0.000, 0.490]    0.000 [0.000, 0.490]    0.250 [0.046, 0.699]    0.000 [0.000, 0.490]
ramp-37772        0.500 [0.150, 0.850]    0.750 [0.301, 0.954]    0.000 [0.000, 0.490]    0.750 [0.301, 0.954]    1.000 [0.510, 1.000]    1.000 [0.510, 1.000]    1.000 [0.510, 1.000]    0.250 [0.046, 0.699]    0.250 [0.046, 0.699]    1.000 [0.510, 1.000]    0.500 [0.150, 0.850]    0.750 [0.301, 0.954]    0.000 [0.000, 0.490]    1.000 [0.510, 1.000]    1.000 [0.510, 1.000]    0.750 [0.301, 0.954]
ramp-claywies     0.250 [0.046, 0.699]    0.500 [0.150, 0.850]    0.250 [0.046, 0.699]    0.750 [0.301, 0.954]    1.000 [0.510, 1.000]    1.000 [0.510, 1.000]    0.750 [0.301, 0.954]    0.250 [0.046, 0.699]    0.500 [0.150, 0.850]    0.750 [0.301, 0.954]    0.250 [0.046, 0.699]    0.500 [0.150, 0.850]    0.750 [0.301, 0.954]    0.750 [0.301, 0.954]    1.000 [0.510, 1.000]    1.000 [0.510, 1.000]
royal-nattui      0.000 [0.000, 0.490]    1.000 [0.510, 1.000]    0.500 [0.150, 0.850]    1.000 [0.510, 1.000]    0.750 [0.301, 0.954]    1.000 [0.510, 1.000]    0.750 [0.301, 0.954]    0.250 [0.046, 0.699]    1.000 [0.510, 1.000]    1.000 [0.510, 1.000]    0.500 [0.150, 0.850]    0.750 [0.301, 0.954]    0.750 [0.301, 0.954]    0.750 [0.301, 0.954]    1.000 [0.510, 1.000]    0.750 [0.301, 0.954]
rune-mach15       0.000 [0.000, 0.490]    1.000 [0.510, 1.000]    0.000 [0.000, 0.490]    1.000 [0.510, 1.000]    1.000 [0.510, 1.000]    0.750 [0.301, 0.954]    0.500 [0.150, 0.850]    0.750 [0.301, 0.954]    1.000 [0.510, 1.000]    1.000 [0.510, 1.000]    0.250 [0.046, 0.699]    0.500 [0.150, 0.850]    0.250 [0.046, 0.699]    0.500 [0.150, 0.850]    0.750 [0.301, 0.954]    0.500 [0.150, 0.850]
rune-pool         0.000 [0.000, 0.490]    0.500 [0.150, 0.850]    0.000 [0.000, 0.490]    0.500 [0.150, 0.850]    0.500 [0.150, 0.850]    0.500 [0.150, 0.850]    0.000 [0.000, 0.490]    0.000 [0.000, 0.490]    0.000 [0.000, 0.490]    0.000 [0.000, 0.490]    0.000 [0.000, 0.490]    0.000 [0.000, 0.490]    0.000 [0.000, 0.490]    0.500 [0.150, 0.850]    0.500 [0.150, 0.850]    0.250 [0.046, 0.699]
sword-pool        0.000 [0.000, 0.490]    0.750 [0.301, 0.954]    0.250 [0.046, 0.699]    0.750 [0.301, 0.954]    1.000 [0.510, 1.000]    1.000 [0.510, 1.000]    0.750 [0.301, 0.954]    0.250 [0.046, 0.699]    0.250 [0.046, 0.699]    0.750 [0.301, 0.954]    0.000 [0.000, 0.490]    0.500 [0.150, 0.850]    0.750 [0.301, 0.954]    0.750 [0.301, 0.954]    0.500 [0.150, 0.850]    0.250 [0.046, 0.699]

=== summary ===
h0:olethal=1,osteps=6,wv=200,k=8 vs h0:olethal=1,osteps=6
games: 1024  decisive: 1024  draws: 0
policy_a win rate: 0.501 [0.470, 0.532]
first-player win rate: 0.546
mean turns: 8.66  mean actions: 79.43
end: lethal=1024 deckout=0 turn_cap=0 action_cap=0 no_legal=0 illegal=0
446.598s  2.29 games/s  cpus=28
per deck:
  abyss-p8rfn: policy_a (row) 0.844  policy_b (col) 0.844
  abyss-pool: policy_a (row) 0.344  policy_b (col) 0.375
  afnm-minatodao: policy_a (row) 0.875  policy_b (col) 0.828
  basic-forest: policy_a (row) 0.219  policy_b (col) 0.297
  basic-portal: policy_a (row) 0.297  policy_b (col) 0.203
  basic-rune: policy_a (row) 0.078  policy_b (col) 0.125
  dragon-pool: policy_a (row) 0.422  policy_b (col) 0.438
  elf-neanisu2: policy_a (row) 0.797  policy_b (col) 0.719
  forest-pool: policy_a (row) 0.469  policy_b (col) 0.500
  portal-pool: policy_a (row) 0.297  policy_b (col) 0.281
  ramp-37772: policy_a (row) 0.656  policy_b (col) 0.719
  ramp-claywies: policy_a (row) 0.641  policy_b (col) 0.625
  royal-nattui: policy_a (row) 0.734  policy_b (col) 0.719
  rune-mach15: policy_a (row) 0.609  policy_b (col) 0.453
  rune-pool: policy_a (row) 0.203  policy_b (col) 0.281
  sword-pool: policy_a (row) 0.531  policy_b (col) 0.578

1024 games in 446.598s (2.3 games/s)
wrote C:\Users\agban\projects\arena\results\sweep6\c05-screen.json
