matchup: 16 decks × 16 games = 4096 games (seed=8, policy_a=h0:olethal=1,osteps=6,wv=60, policy_b=h0:olethal=1,osteps=6, first=alternate, threads=None)
Win rate (row = A, col = B; cell = A's win rate)
                           abyss-p8rfn              abyss-pool          afnm-minatodao            basic-forest            basic-portal              basic-rune             dragon-pool            elf-neanisu2             forest-pool             portal-pool              ramp-37772           ramp-claywies            royal-nattui             rune-mach15               rune-pool              sword-pool
abyss-p8rfn                      0.438                   0.875                   0.438                   0.938                   0.938                   1.000                   0.938                   0.688                   0.750                   1.000                   0.688                   0.625                   0.812                   0.938                   1.000                   0.938
abyss-pool                       0.125                   0.625                   0.062                   0.875                   0.688                   1.000                   0.500                   0.062                   0.438                   0.625                   0.375                   0.188                   0.000                   0.375                   0.750                   0.125
afnm-minatodao                   0.312                   1.000                   0.375                   1.000                   1.000                   1.000                   0.938                   0.688                   0.812                   1.000                   0.500                   0.875                   0.875                   0.812                   1.000                   0.875
basic-forest                     0.062                   0.062                   0.000                   0.562                   0.375                   0.625                   0.125                   0.000                   0.125                   0.438                   0.062                   0.125                   0.188                   0.188                   0.375                   0.312
basic-portal                     0.000                   0.125                   0.000                   0.688                   0.625                   0.812                   0.125                   0.062                   0.250                   0.312                   0.188                   0.062                   0.000                   0.125                   0.438                   0.000
basic-rune                       0.000                   0.125                   0.000                   0.188                   0.125                   0.500                   0.000                   0.000                   0.000                   0.062                   0.000                   0.000                   0.000                   0.000                   0.438                   0.000
dragon-pool                      0.125                   0.500                   0.188                   0.875                   0.812                   0.938                   0.188                   0.250                   0.438                   0.625                   0.188                   0.188                   0.000                   0.500                   0.812                   0.312
elf-neanisu2                     0.562                   0.812                   0.438                   0.938                   1.000                   1.000                   0.688                   0.375                   0.812                   0.938                   0.750                   0.562                   0.250                   0.875                   1.000                   0.812
forest-pool                      0.000                   0.562                   0.062                   0.875                   0.938                   0.938                   0.438                   0.188                   0.625                   0.812                   0.500                   0.438                   0.312                   0.312                   0.938                   0.312
portal-pool                      0.000                   0.438                   0.000                   0.375                   0.562                   0.812                   0.312                   0.000                   0.250                   0.812                   0.062                   0.188                   0.125                   0.250                   0.750                   0.000
ramp-37772                       0.250                   0.812                   0.500                   0.938                   0.938                   1.000                   0.562                   0.438                   0.562                   0.875                   0.688                   0.500                   0.375                   0.688                   0.938                   0.812
ramp-claywies                    0.188                   0.688                   0.250                   0.812                   0.875                   1.000                   1.000                   0.562                   0.625                   0.938                   0.562                   0.250                   0.500                   0.750                   0.938                   0.750
royal-nattui                     0.438                   0.750                   0.062                   0.938                   0.812                   1.000                   1.000                   0.562                   0.875                   1.000                   0.562                   0.438                   0.750                   0.625                   0.938                   0.812
rune-mach15                      0.250                   0.688                   0.188                   0.750                   1.000                   1.000                   0.250                   0.250                   0.625                   0.938                   0.312                   0.188                   0.188                   0.438                   0.812                   0.562
rune-pool                        0.062                   0.188                   0.000                   0.562                   0.562                   0.812                   0.250                   0.000                   0.188                   0.250                   0.062                   0.062                   0.000                   0.125                   0.562                   0.062
sword-pool                       0.062                   0.562                   0.250                   0.875                   0.938                   1.000                   0.688                   0.125                   0.625                   0.812                   0.188                   0.188                   0.062                   0.312                   0.938                   0.562

First-player win rate / mean turns
                           abyss-p8rfn              abyss-pool          afnm-minatodao            basic-forest            basic-portal              basic-rune             dragon-pool            elf-neanisu2             forest-pool             portal-pool              ramp-37772           ramp-claywies            royal-nattui             rune-mach15               rune-pool              sword-pool
abyss-p8rfn              0.562 /   8.4           0.500 /   7.4           0.688 /   8.6           0.562 /   7.4           0.562 /   8.1           0.500 /   6.9           0.562 /   8.9           0.812 /   8.1           0.500 /   8.2           0.500 /   7.5           0.562 /   8.9           0.500 /   8.5           0.562 /   7.8           0.562 /   8.0           0.500 /   8.0           0.562 /   7.8
abyss-pool               0.625 /   7.9           0.500 /   9.7           0.438 /   7.8           0.625 /   8.1           0.688 /   9.1           0.500 /   7.4           0.625 /   8.8           0.562 /   9.4           0.812 /   9.7           0.500 /   8.6           0.750 /   8.2           0.688 /   8.6           0.500 /   8.5           0.750 /   8.3           0.375 /   8.3           0.625 /  10.7
afnm-minatodao           0.812 /   9.1           0.500 /   7.9           0.750 /   8.8           0.500 /   6.9           0.500 /   6.8           0.500 /   6.2           0.562 /   8.0           0.562 /   7.8           0.562 /   9.9           0.500 /   7.4           0.750 /   8.6           0.375 /   8.8           0.625 /   8.6           0.562 /   8.4           0.500 /   7.2           0.625 /   8.8
basic-forest             0.438 /   7.2           0.562 /   8.3           0.500 /   7.1           0.688 /   8.4           0.625 /   8.4           0.375 /   7.2           0.625 /   8.2           0.500 /   7.2           0.500 /   8.4           0.812 /   8.6           0.562 /   8.3           0.375 /   8.1           0.562 /   8.1           0.688 /   8.1           0.625 /   8.9           0.312 /   8.1
basic-portal             0.500 /   7.4           0.500 /   8.9           0.500 /   7.2           0.562 /   9.2           0.500 /   8.9           0.312 /   7.9           0.625 /   8.2           0.562 /   7.0           0.625 /   9.6           0.562 /   9.2           0.562 /   7.6           0.438 /   8.4           0.500 /   7.9           0.500 /   7.8           0.562 /   9.9           0.500 /   8.4
basic-rune               0.500 /   7.2           0.500 /   6.7           0.500 /   5.9           0.438 /   7.9           0.375 /   7.9           0.375 /   7.4           0.500 /   7.2           0.500 /   6.7           0.500 /   7.8           0.562 /   8.1           0.500 /   7.6           0.500 /   7.6           0.500 /   6.9           0.500 /   8.4           0.688 /   8.4           0.500 /   7.5
dragon-pool              0.500 /   7.9           0.500 /   8.4           0.562 /   7.4           0.625 /   7.9           0.688 /   8.5           0.562 /   7.4           0.438 /   7.8           0.625 /   7.4           0.562 /   9.4           0.500 /   9.1           0.562 /   9.1           0.438 /   9.1           0.500 /   7.5           0.625 /   9.4           0.562 /  11.4           0.688 /   9.1
elf-neanisu2             0.812 /   8.9           0.562 /   8.0           0.938 /   9.4           0.438 /   7.4           0.500 /   7.6           0.500 /   6.7           0.562 /   8.0           0.625 /   9.2           0.562 /   8.7           0.438 /   7.5           0.625 /   8.6           0.688 /   8.1           0.500 /   8.3           0.500 /   9.6           0.500 /   8.2           0.562 /   9.1
forest-pool              0.500 /   8.3           0.688 /   9.8           0.438 /   7.9           0.625 /   8.1           0.562 /   8.4           0.562 /   7.6           0.562 /   8.6           0.562 /   7.9           0.625 /   9.5           0.562 /   9.0           0.625 /   8.9           0.812 /  10.1           0.688 /   9.2           0.562 /   9.9           0.562 /   9.1           0.562 /  10.0
portal-pool              0.500 /   7.5           0.438 /   9.4           0.500 /   7.4           0.625 /   7.9           0.438 /   8.3           0.438 /   7.7           0.562 /   7.6           0.500 /   7.8           0.375 /   8.9           0.562 /   8.7           0.562 /   8.5           0.312 /   8.3           0.500 /   8.1           0.375 /   8.3           0.500 /  10.1           0.500 /   8.6
ramp-37772               0.500 /   8.8           0.438 /   9.0           0.750 /  10.1           0.562 /   8.6           0.562 /   9.1           0.500 /   8.0           0.562 /   8.6           0.562 /   8.8           0.812 /  11.0           0.500 /   8.5           0.688 /  10.4           0.625 /   9.6           0.750 /   9.2           0.688 /   9.6           0.438 /   8.2           0.438 /  10.1
ramp-claywies            0.688 /   8.1           0.438 /   8.9           0.500 /   9.0           0.438 /   8.0           0.625 /   8.6           0.500 /   7.4           0.500 /   9.2           0.562 /   9.6           0.625 /   8.6           0.562 /   8.8           0.562 /  10.6           0.625 /  10.2           0.500 /   8.4           0.625 /   9.6           0.562 /   8.4           0.500 /   8.7
royal-nattui             0.438 /   8.0           0.625 /   8.6           0.438 /   8.3           0.562 /   8.4           0.438 /   7.7           0.500 /   7.0           0.500 /   8.0           0.688 /   9.5           0.500 /   9.5           0.500 /   8.1           0.562 /   9.2           0.438 /   9.2           0.500 /   8.5           0.625 /   8.8           0.562 /   8.1           0.438 /  10.8
rune-mach15              0.375 /   7.4           0.562 /   8.9           0.688 /   8.2           0.625 /   8.4           0.500 /   8.8           0.500 /   7.4           0.500 /   9.5           0.500 /   8.3           0.750 /  11.2           0.438 /   7.4           0.562 /   9.4           0.438 /   9.6           0.562 /   8.7           0.562 /  10.9           0.562 /   8.6           0.688 /   9.8
rune-pool                0.562 /   7.2           0.562 /   8.5           0.500 /   7.0           0.688 /   9.3           0.438 /   9.6           0.562 /   8.8           0.625 /  11.2           0.500 /   7.9           0.562 /  10.0           0.625 /  10.2           0.438 /   7.9           0.562 /   7.7           0.500 /   8.4           0.625 /   8.4           0.562 /  11.2           0.438 /  10.2
sword-pool               0.562 /   8.2           0.812 /   9.4           0.500 /   8.6           0.625 /   8.9           0.438 /   8.8           0.500 /   7.8           0.562 /  11.1           0.625 /   8.0           0.750 /  12.4           0.312 /   8.8           0.688 /  10.1           0.562 /  10.1           0.562 /   8.3           0.812 /  10.5           0.438 /  11.1           0.438 /  11.9

A win rate over decisive games, Wilson 95% [lo, hi]
                           abyss-p8rfn              abyss-pool          afnm-minatodao            basic-forest            basic-portal              basic-rune             dragon-pool            elf-neanisu2             forest-pool             portal-pool              ramp-37772           ramp-claywies            royal-nattui             rune-mach15               rune-pool              sword-pool
abyss-p8rfn       0.438 [0.231, 0.668]    0.875 [0.640, 0.965]    0.438 [0.231, 0.668]    0.938 [0.717, 0.989]    0.938 [0.717, 0.989]    1.000 [0.806, 1.000]    0.938 [0.717, 0.989]    0.688 [0.444, 0.858]    0.750 [0.505, 0.898]    1.000 [0.806, 1.000]    0.688 [0.444, 0.858]    0.625 [0.386, 0.815]    0.812 [0.570, 0.934]    0.938 [0.717, 0.989]    1.000 [0.806, 1.000]    0.938 [0.717, 0.989]
abyss-pool        0.125 [0.035, 0.360]    0.625 [0.386, 0.815]    0.062 [0.011, 0.283]    0.875 [0.640, 0.965]    0.688 [0.444, 0.858]    1.000 [0.806, 1.000]    0.500 [0.280, 0.720]    0.062 [0.011, 0.283]    0.438 [0.231, 0.668]    0.625 [0.386, 0.815]    0.375 [0.185, 0.614]    0.188 [0.066, 0.430]    0.000 [0.000, 0.194]    0.375 [0.185, 0.614]    0.750 [0.505, 0.898]    0.125 [0.035, 0.360]
afnm-minatodao    0.312 [0.142, 0.556]    1.000 [0.806, 1.000]    0.375 [0.185, 0.614]    1.000 [0.806, 1.000]    1.000 [0.806, 1.000]    1.000 [0.806, 1.000]    0.938 [0.717, 0.989]    0.688 [0.444, 0.858]    0.812 [0.570, 0.934]    1.000 [0.806, 1.000]    0.500 [0.280, 0.720]    0.875 [0.640, 0.965]    0.875 [0.640, 0.965]    0.812 [0.570, 0.934]    1.000 [0.806, 1.000]    0.875 [0.640, 0.965]
basic-forest      0.062 [0.011, 0.283]    0.062 [0.011, 0.283]    0.000 [0.000, 0.194]    0.562 [0.332, 0.769]    0.375 [0.185, 0.614]    0.625 [0.386, 0.815]    0.125 [0.035, 0.360]    0.000 [0.000, 0.194]    0.125 [0.035, 0.360]    0.438 [0.231, 0.668]    0.062 [0.011, 0.283]    0.125 [0.035, 0.360]    0.188 [0.066, 0.430]    0.188 [0.066, 0.430]    0.375 [0.185, 0.614]    0.312 [0.142, 0.556]
basic-portal      0.000 [0.000, 0.194]    0.125 [0.035, 0.360]    0.000 [0.000, 0.194]    0.688 [0.444, 0.858]    0.625 [0.386, 0.815]    0.812 [0.570, 0.934]    0.125 [0.035, 0.360]    0.062 [0.011, 0.283]    0.250 [0.102, 0.495]    0.312 [0.142, 0.556]    0.188 [0.066, 0.430]    0.062 [0.011, 0.283]    0.000 [0.000, 0.194]    0.125 [0.035, 0.360]    0.438 [0.231, 0.668]    0.000 [0.000, 0.194]
basic-rune        0.000 [0.000, 0.194]    0.125 [0.035, 0.360]    0.000 [0.000, 0.194]    0.188 [0.066, 0.430]    0.125 [0.035, 0.360]    0.500 [0.280, 0.720]    0.000 [0.000, 0.194]    0.000 [0.000, 0.194]    0.000 [0.000, 0.194]    0.062 [0.011, 0.283]    0.000 [0.000, 0.194]    0.000 [0.000, 0.194]    0.000 [0.000, 0.194]    0.000 [0.000, 0.194]    0.438 [0.231, 0.668]    0.000 [0.000, 0.194]
dragon-pool       0.125 [0.035, 0.360]    0.500 [0.280, 0.720]    0.188 [0.066, 0.430]    0.875 [0.640, 0.965]    0.812 [0.570, 0.934]    0.938 [0.717, 0.989]    0.188 [0.066, 0.430]    0.250 [0.102, 0.495]    0.467 [0.248, 0.699]    0.625 [0.386, 0.815]    0.188 [0.066, 0.430]    0.188 [0.066, 0.430]    0.000 [0.000, 0.194]    0.500 [0.280, 0.720]    0.812 [0.570, 0.934]    0.312 [0.142, 0.556]
elf-neanisu2      0.562 [0.332, 0.769]    0.812 [0.570, 0.934]    0.438 [0.231, 0.668]    0.938 [0.717, 0.989]    1.000 [0.806, 1.000]    1.000 [0.806, 1.000]    0.688 [0.444, 0.858]    0.375 [0.185, 0.614]    0.812 [0.570, 0.934]    0.938 [0.717, 0.989]    0.750 [0.505, 0.898]    0.562 [0.332, 0.769]    0.250 [0.102, 0.495]    0.875 [0.640, 0.965]    1.000 [0.806, 1.000]    0.812 [0.570, 0.934]
forest-pool       0.000 [0.000, 0.194]    0.562 [0.332, 0.769]    0.062 [0.011, 0.283]    0.875 [0.640, 0.965]    0.938 [0.717, 0.989]    0.938 [0.717, 0.989]    0.438 [0.231, 0.668]    0.188 [0.066, 0.430]    0.625 [0.386, 0.815]    0.812 [0.570, 0.934]    0.500 [0.280, 0.720]    0.438 [0.231, 0.668]    0.312 [0.142, 0.556]    0.312 [0.142, 0.556]    0.938 [0.717, 0.989]    0.312 [0.142, 0.556]
portal-pool       0.000 [0.000, 0.194]    0.438 [0.231, 0.668]    0.000 [0.000, 0.194]    0.375 [0.185, 0.614]    0.562 [0.332, 0.769]    0.812 [0.570, 0.934]    0.312 [0.142, 0.556]    0.000 [0.000, 0.194]    0.250 [0.102, 0.495]    0.812 [0.570, 0.934]    0.062 [0.011, 0.283]    0.188 [0.066, 0.430]    0.125 [0.035, 0.360]    0.250 [0.102, 0.495]    0.750 [0.505, 0.898]    0.000 [0.000, 0.194]
ramp-37772        0.250 [0.102, 0.495]    0.812 [0.570, 0.934]    0.500 [0.280, 0.720]    0.938 [0.717, 0.989]    0.938 [0.717, 0.989]    1.000 [0.806, 1.000]    0.562 [0.332, 0.769]    0.438 [0.231, 0.668]    0.562 [0.332, 0.769]    0.875 [0.640, 0.965]    0.688 [0.444, 0.858]    0.500 [0.280, 0.720]    0.375 [0.185, 0.614]    0.688 [0.444, 0.858]    0.938 [0.717, 0.989]    0.812 [0.570, 0.934]
ramp-claywies     0.188 [0.066, 0.430]    0.688 [0.444, 0.858]    0.250 [0.102, 0.495]    0.812 [0.570, 0.934]    0.875 [0.640, 0.965]    1.000 [0.806, 1.000]    1.000 [0.806, 1.000]    0.562 [0.332, 0.769]    0.625 [0.386, 0.815]    0.938 [0.717, 0.989]    0.562 [0.332, 0.769]    0.250 [0.102, 0.495]    0.500 [0.280, 0.720]    0.750 [0.505, 0.898]    0.938 [0.717, 0.989]    0.750 [0.505, 0.898]
royal-nattui      0.438 [0.231, 0.668]    0.750 [0.505, 0.898]    0.062 [0.011, 0.283]    0.938 [0.717, 0.989]    0.812 [0.570, 0.934]    1.000 [0.806, 1.000]    1.000 [0.806, 1.000]    0.562 [0.332, 0.769]    0.875 [0.640, 0.965]    1.000 [0.806, 1.000]    0.562 [0.332, 0.769]    0.438 [0.231, 0.668]    0.750 [0.505, 0.898]    0.625 [0.386, 0.815]    0.938 [0.717, 0.989]    0.812 [0.570, 0.934]
rune-mach15       0.250 [0.102, 0.495]    0.688 [0.444, 0.858]    0.188 [0.066, 0.430]    0.750 [0.505, 0.898]    1.000 [0.806, 1.000]    1.000 [0.806, 1.000]    0.250 [0.102, 0.495]    0.250 [0.102, 0.495]    0.625 [0.386, 0.815]    0.938 [0.717, 0.989]    0.312 [0.142, 0.556]    0.188 [0.066, 0.430]    0.188 [0.066, 0.430]    0.438 [0.231, 0.668]    0.812 [0.570, 0.934]    0.562 [0.332, 0.769]
rune-pool         0.062 [0.011, 0.283]    0.188 [0.066, 0.430]    0.000 [0.000, 0.194]    0.562 [0.332, 0.769]    0.562 [0.332, 0.769]    0.812 [0.570, 0.934]    0.250 [0.102, 0.495]    0.000 [0.000, 0.194]    0.188 [0.066, 0.430]    0.250 [0.102, 0.495]    0.062 [0.011, 0.283]    0.062 [0.011, 0.283]    0.000 [0.000, 0.194]    0.125 [0.035, 0.360]    0.562 [0.332, 0.769]    0.062 [0.011, 0.283]
sword-pool        0.062 [0.011, 0.283]    0.562 [0.332, 0.769]    0.250 [0.102, 0.495]    0.875 [0.640, 0.965]    0.938 [0.717, 0.989]    1.000 [0.806, 1.000]    0.688 [0.444, 0.858]    0.125 [0.035, 0.360]    0.625 [0.386, 0.815]    0.812 [0.570, 0.934]    0.188 [0.066, 0.430]    0.188 [0.066, 0.430]    0.062 [0.011, 0.283]    0.312 [0.142, 0.556]    0.938 [0.717, 0.989]    0.562 [0.332, 0.769]

=== summary ===
h0:olethal=1,osteps=6,wv=60 vs h0:olethal=1,osteps=6
games: 4096  decisive: 4095  draws: 1
policy_a win rate: 0.497 [0.482, 0.512]
first-player win rate: 0.553
mean turns: 8.56  mean actions: 78.67
end: lethal=4094 deckout=1 turn_cap=0 action_cap=1 no_legal=0 illegal=0
3469.808s  1.18 games/s  cpus=28
per deck:
  abyss-p8rfn: policy_a (row) 0.812  policy_b (col) 0.820
  abyss-pool: policy_a (row) 0.426  policy_b (col) 0.449
  afnm-minatodao: policy_a (row) 0.816  policy_b (col) 0.824
  basic-forest: policy_a (row) 0.227  policy_b (col) 0.238
  basic-portal: policy_a (row) 0.238  policy_b (col) 0.238
  basic-rune: policy_a (row) 0.090  policy_b (col) 0.098
  dragon-pool: policy_a (row) 0.435  policy_b (col) 0.500
  elf-neanisu2: policy_a (row) 0.738  policy_b (col) 0.734
  forest-pool: policy_a (row) 0.516  policy_b (col) 0.498
  portal-pool: policy_a (row) 0.309  policy_b (col) 0.285
  ramp-37772: policy_a (row) 0.680  policy_b (col) 0.645
  ramp-claywies: policy_a (row) 0.668  policy_b (col) 0.695
  royal-nattui: policy_a (row) 0.723  policy_b (col) 0.723
  rune-mach15: policy_a (row) 0.527  policy_b (col) 0.543
  rune-pool: policy_a (row) 0.234  policy_b (col) 0.211
  sword-pool: policy_a (row) 0.512  policy_b (col) 0.547

4096 games in 3469.808s (1.2 games/s)
wrote C:\Users\agban\projects\arena\results\sweep7\c01-final.json
