matchup: 16 decks × 4 games = 1024 games (seed=8, policy_a=h0:olethal=1,osteps=6,wv=40, policy_b=h0:olethal=1,osteps=6, first=alternate, threads=None)
Win rate (row = A, col = B; cell = A's win rate)
                           abyss-p8rfn              abyss-pool          afnm-minatodao            basic-forest            basic-portal              basic-rune             dragon-pool            elf-neanisu2             forest-pool             portal-pool              ramp-37772           ramp-claywies            royal-nattui             rune-mach15               rune-pool              sword-pool
abyss-p8rfn                      0.750                   1.000                   0.250                   1.000                   1.000                   1.000                   0.500                   0.500                   1.000                   0.750                   0.000                   0.250                   0.500                   0.500                   1.000                   0.500
abyss-pool                       0.000                   0.250                   0.000                   0.750                   0.500                   1.000                   0.500                   0.500                   0.500                   0.500                   0.250                   0.000                   0.000                   0.000                   0.250                   0.000
afnm-minatodao                   0.500                   0.750                   0.000                   0.750                   1.000                   1.000                   0.250                   0.250                   1.000                   1.000                   0.250                   0.000                   0.500                   0.500                   0.750                   0.250
basic-forest                     0.000                   0.000                   0.000                   0.750                   0.500                   0.250                   0.500                   0.000                   0.000                   0.500                   0.000                   0.000                   0.000                   0.000                   0.500                   0.000
basic-portal                     0.000                   0.000                   0.000                   0.500                   1.000                   0.500                   0.250                   0.000                   0.500                   0.250                   0.000                   0.000                   0.250                   0.500                   0.750                   0.250
basic-rune                       0.000                   0.000                   0.000                   0.250                   0.500                   0.500                   0.000                   0.000                   0.000                   0.000                   0.000                   0.000                   0.000                   0.000                   0.250                   0.000
dragon-pool                      0.250                   0.750                   0.250                   0.500                   0.750                   0.750                   0.250                   0.250                   0.250                   0.500                   0.000                   0.250                   0.000                   0.000                   0.500                   0.250
elf-neanisu2                     0.250                   1.000                   0.000                   1.000                   1.000                   0.750                   0.500                   0.500                   0.500                   1.000                   0.500                   0.500                   0.000                   0.250                   1.000                   0.500
forest-pool                      0.000                   0.750                   0.000                   1.000                   0.750                   0.500                   0.500                   0.500                   0.500                   0.500                   0.250                   0.500                   0.250                   0.250                   1.000                   0.750
portal-pool                      0.000                   1.000                   0.000                   0.000                   0.500                   0.500                   0.500                   0.000                   0.500                   0.750                   0.000                   0.000                   0.000                   0.250                   0.500                   0.000
ramp-37772                       0.250                   0.500                   0.500                   0.750                   0.750                   1.000                   1.000                   0.500                   0.750                   0.750                   0.750                   0.250                   0.000                   0.750                   0.750                   0.750
ramp-claywies                    0.500                   1.000                   0.000                   0.750                   0.750                   1.000                   0.500                   0.500                   0.750                   1.000                   0.000                   0.250                   0.500                   1.000                   1.000                   0.500
royal-nattui                     0.250                   0.750                   0.000                   0.750                   1.000                   0.750                   1.000                   0.250                   0.750                   0.500                   0.250                   0.750                   0.750                   0.750                   1.000                   0.750
rune-mach15                      0.000                   0.500                   0.250                   0.750                   1.000                   0.750                   0.500                   0.000                   0.250                   1.000                   0.500                   0.000                   0.000                   0.250                   0.500                   0.500
rune-pool                        0.000                   0.250                   0.000                   0.250                   0.500                   1.000                   0.000                   0.000                   0.000                   0.250                   0.000                   0.000                   0.000                   0.000                   0.750                   0.000
sword-pool                       0.000                   0.750                   0.000                   1.000                   0.750                   1.000                   0.750                   0.000                   0.750                   0.500                   0.000                   0.000                   0.250                   0.250                   0.750                   0.500

First-player win rate / mean turns
                           abyss-p8rfn              abyss-pool          afnm-minatodao            basic-forest            basic-portal              basic-rune             dragon-pool            elf-neanisu2             forest-pool             portal-pool              ramp-37772           ramp-claywies            royal-nattui             rune-mach15               rune-pool              sword-pool
abyss-p8rfn              0.250 /   7.8           0.500 /  10.0           0.250 /   7.8           0.500 /  10.0           0.500 /   7.8           0.500 /  10.8           0.500 /   9.2           0.500 /   9.2           0.500 /  11.5           0.250 /   9.0           0.500 /  10.2           0.250 /   9.8           0.500 /   8.5           0.500 /  10.2           0.500 /   9.8           0.500 /   8.8
abyss-pool               0.500 /   6.8           0.750 /  12.2           0.500 /   6.5           0.750 /  11.2           0.500 /  10.0           0.500 /   9.2           0.500 /   8.2           1.000 /   8.8           1.000 /   9.8           0.500 /   9.0           0.750 /   8.0           0.500 /   8.5           0.500 /   6.8           0.500 /   8.8           0.750 /  10.5           0.500 /   7.2
afnm-minatodao           1.000 /   8.8           0.750 /   8.8           0.500 /   8.0           0.750 /   9.5           0.500 /  10.0           0.500 /   9.0           0.250 /   9.8           0.250 /   9.8           0.500 /  12.8           0.500 /   9.0           0.750 /   9.8           0.500 /  12.2           0.500 /  10.0           0.500 /   8.8           0.750 /   8.8           0.250 /  10.5
basic-forest             0.500 /   6.8           0.500 /   6.5           0.500 /   5.8           0.250 /   8.5           1.000 /   8.8           0.250 /   7.2           0.500 /   7.5           0.500 /   6.5           0.500 /   6.8           0.500 /   7.8           0.500 /   7.5           0.500 /   7.5           0.500 /   8.2           0.500 /   7.0           0.500 /   8.5           0.500 /   9.0
basic-portal             0.500 /   7.2           0.500 /   6.8           0.500 /   6.2           1.000 /   9.5           0.500 /  11.0           0.500 /   9.5           0.750 /   8.8           0.500 /   6.2           0.500 /   9.0           0.750 /  10.0           0.500 /   7.5           0.500 /   7.0           0.250 /   7.2           1.000 /   6.8           0.750 /  11.2           0.750 /   7.0
basic-rune               0.500 /   6.8           0.500 /   7.5           0.500 /   6.0           0.250 /   7.8           0.500 /   8.0           0.500 /   8.8           0.500 /   8.0           0.500 /   6.2           0.500 /   6.8           0.500 /   7.5           0.500 /   7.2           0.500 /   7.0           0.500 /   6.0           0.500 /   6.8           0.750 /   9.8           0.500 /   7.5
dragon-pool              0.750 /   7.2           0.250 /   8.2           0.250 /   8.5           1.000 /   8.8           0.750 /   9.8           0.750 /   9.2           0.250 /   7.2           0.750 /   7.0           0.750 /   9.5           0.500 /   9.2           0.500 /   9.2           0.250 /   6.8           0.500 /   7.8           0.500 /   9.8           0.500 /  12.5           0.750 /   9.2
elf-neanisu2             0.750 /   8.0           0.500 /  10.8           0.500 /   8.2           0.500 /   8.2           0.500 /  10.5           0.250 /   8.5           0.500 /   9.0           0.500 /   7.8           0.500 /   9.2           0.500 /  10.2           0.500 /   9.0           0.500 /   8.0           0.500 /   8.5           0.250 /   9.2           0.500 /  10.8           0.500 /  10.5
forest-pool              0.500 /   7.0           0.750 /  11.5           0.500 /   7.5           0.500 /   9.8           0.750 /   9.8           0.500 /   9.5           1.000 /   9.5           0.500 /   8.5           0.500 /  11.5           0.500 /   9.8           0.750 /   8.2           1.000 /   9.8           0.750 /   8.8           0.750 /   8.0           0.500 /  10.8           0.750 /  10.0
portal-pool              0.500 /   7.2           0.500 /  11.5           0.500 /   6.2           0.500 /   8.2           0.500 /  10.2           0.500 /   8.0           0.500 /   7.8           0.500 /   7.5           0.500 /   8.8           0.750 /   8.5           0.500 /   8.2           0.500 /   9.5           0.500 /   6.8           0.250 /   9.0           1.000 /  10.5           0.500 /   8.5
ramp-37772               0.750 /   8.0           0.000 /   9.0           0.500 /   9.8           0.250 /   8.5           0.250 /   9.8           0.500 /   9.8           0.500 /  11.0           0.000 /   9.5           0.750 /  10.5           0.750 /  10.2           0.750 /   9.5           0.750 /   7.8           0.500 /   8.8           0.250 /  12.2           0.750 /   9.8           0.250 /  17.2
ramp-claywies            1.000 /  10.0           0.500 /   9.8           0.500 /   7.2           0.750 /   9.8           0.750 /  11.2           0.500 /  11.2           0.500 /   9.5           0.500 /   8.2           0.250 /  10.2           0.500 /  10.8           0.500 /  12.2           0.750 /  10.5           0.000 /   9.5           0.500 /   9.8           0.500 /   8.5           0.500 /   8.5
royal-nattui             0.250 /   8.5           0.750 /  10.0           0.500 /   8.8           0.750 /  10.2           0.500 /  11.0           0.250 /   8.5           0.500 /   9.8           0.750 /  10.5           0.750 /   9.0           0.000 /   7.8           0.750 /   9.8           0.750 /   8.2           0.250 /   7.5           0.250 /   8.8           0.500 /  10.8           0.750 /  10.8
rune-mach15              0.500 /   6.8           1.000 /  10.5           0.750 /   8.2           0.750 /  10.2           0.500 /  12.2           0.250 /   8.8           0.500 /  11.0           0.500 /   8.2           0.750 /  11.0           0.500 /   9.8           0.500 /  10.8           0.500 /   8.8           0.500 /   8.8           0.750 /   9.0           0.500 /  12.0           0.500 /   8.8
rune-pool                0.500 /   5.8           0.750 /  10.2           0.500 /   6.2           0.750 /   9.5           1.000 /   9.5           0.500 /  10.0           0.500 /   7.2           0.500 /   6.8           0.500 /   9.8           0.250 /   9.2           0.500 /   7.5           0.500 /   6.8           0.500 /   7.5           0.500 /   8.0           0.750 /  10.0           0.500 /  10.2
sword-pool               0.500 /   7.2           0.250 /   9.5           0.500 /   8.2           0.500 /  10.0           0.250 /   9.8           0.500 /  10.8           0.750 /  10.2           0.500 /   9.5           0.750 /  14.0           0.500 /   9.8           0.500 /   8.8           0.500 /   9.2           0.750 /  10.0           0.750 /   8.2           0.750 /  13.2           0.000 /  12.5

A win rate over decisive games, Wilson 95% [lo, hi]
                           abyss-p8rfn              abyss-pool          afnm-minatodao            basic-forest            basic-portal              basic-rune             dragon-pool            elf-neanisu2             forest-pool             portal-pool              ramp-37772           ramp-claywies            royal-nattui             rune-mach15               rune-pool              sword-pool
abyss-p8rfn       0.750 [0.301, 0.954]    1.000 [0.510, 1.000]    0.250 [0.046, 0.699]    1.000 [0.510, 1.000]    1.000 [0.510, 1.000]    1.000 [0.510, 1.000]    0.500 [0.150, 0.850]    0.500 [0.150, 0.850]    1.000 [0.510, 1.000]    0.750 [0.301, 0.954]    0.000 [0.000, 0.490]    0.250 [0.046, 0.699]    0.500 [0.150, 0.850]    0.500 [0.150, 0.850]    1.000 [0.510, 1.000]    0.500 [0.150, 0.850]
abyss-pool        0.000 [0.000, 0.490]    0.250 [0.046, 0.699]    0.000 [0.000, 0.490]    0.750 [0.301, 0.954]    0.500 [0.150, 0.850]    1.000 [0.510, 1.000]    0.500 [0.150, 0.850]    0.500 [0.150, 0.850]    0.500 [0.150, 0.850]    0.500 [0.150, 0.850]    0.250 [0.046, 0.699]    0.000 [0.000, 0.490]    0.000 [0.000, 0.490]    0.000 [0.000, 0.490]    0.250 [0.046, 0.699]    0.000 [0.000, 0.490]
afnm-minatodao    0.500 [0.150, 0.850]    0.750 [0.301, 0.954]    0.000 [0.000, 0.490]    0.750 [0.301, 0.954]    1.000 [0.510, 1.000]    1.000 [0.510, 1.000]    0.250 [0.046, 0.699]    0.250 [0.046, 0.699]    1.000 [0.510, 1.000]    1.000 [0.510, 1.000]    0.250 [0.046, 0.699]    0.000 [0.000, 0.490]    0.500 [0.150, 0.850]    0.500 [0.150, 0.850]    0.750 [0.301, 0.954]    0.250 [0.046, 0.699]
basic-forest      0.000 [0.000, 0.490]    0.000 [0.000, 0.490]    0.000 [0.000, 0.490]    0.750 [0.301, 0.954]    0.500 [0.150, 0.850]    0.250 [0.046, 0.699]    0.500 [0.150, 0.850]    0.000 [0.000, 0.490]    0.000 [0.000, 0.490]    0.500 [0.150, 0.850]    0.000 [0.000, 0.490]    0.000 [0.000, 0.490]    0.000 [0.000, 0.490]    0.000 [0.000, 0.490]    0.500 [0.150, 0.850]    0.000 [0.000, 0.490]
basic-portal      0.000 [0.000, 0.490]    0.000 [0.000, 0.490]    0.000 [0.000, 0.490]    0.500 [0.150, 0.850]    1.000 [0.510, 1.000]    0.500 [0.150, 0.850]    0.250 [0.046, 0.699]    0.000 [0.000, 0.490]    0.500 [0.150, 0.850]    0.250 [0.046, 0.699]    0.000 [0.000, 0.490]    0.000 [0.000, 0.490]    0.250 [0.046, 0.699]    0.500 [0.150, 0.850]    0.750 [0.301, 0.954]    0.250 [0.046, 0.699]
basic-rune        0.000 [0.000, 0.490]    0.000 [0.000, 0.490]    0.000 [0.000, 0.490]    0.250 [0.046, 0.699]    0.500 [0.150, 0.850]    0.500 [0.150, 0.850]    0.000 [0.000, 0.490]    0.000 [0.000, 0.490]    0.000 [0.000, 0.490]    0.000 [0.000, 0.490]    0.000 [0.000, 0.490]    0.000 [0.000, 0.490]    0.000 [0.000, 0.490]    0.000 [0.000, 0.490]    0.250 [0.046, 0.699]    0.000 [0.000, 0.490]
dragon-pool       0.250 [0.046, 0.699]    0.750 [0.301, 0.954]    0.250 [0.046, 0.699]    0.500 [0.150, 0.850]    0.750 [0.301, 0.954]    0.750 [0.301, 0.954]    0.250 [0.046, 0.699]    0.250 [0.046, 0.699]    0.250 [0.046, 0.699]    0.500 [0.150, 0.850]    0.000 [0.000, 0.490]    0.250 [0.046, 0.699]    0.000 [0.000, 0.490]    0.000 [0.000, 0.490]    0.500 [0.150, 0.850]    0.250 [0.046, 0.699]
elf-neanisu2      0.250 [0.046, 0.699]    1.000 [0.510, 1.000]    0.000 [0.000, 0.490]    1.000 [0.510, 1.000]    1.000 [0.510, 1.000]    0.750 [0.301, 0.954]    0.500 [0.150, 0.850]    0.500 [0.150, 0.850]    0.500 [0.150, 0.850]    1.000 [0.510, 1.000]    0.500 [0.150, 0.850]    0.500 [0.150, 0.850]    0.000 [0.000, 0.490]    0.250 [0.046, 0.699]    1.000 [0.510, 1.000]    0.500 [0.150, 0.850]
forest-pool       0.000 [0.000, 0.490]    0.750 [0.301, 0.954]    0.000 [0.000, 0.490]    1.000 [0.510, 1.000]    0.750 [0.301, 0.954]    0.500 [0.150, 0.850]    0.500 [0.150, 0.850]    0.500 [0.150, 0.850]    0.500 [0.150, 0.850]    0.500 [0.150, 0.850]    0.250 [0.046, 0.699]    0.500 [0.150, 0.850]    0.250 [0.046, 0.699]    0.250 [0.046, 0.699]    1.000 [0.510, 1.000]    0.750 [0.301, 0.954]
portal-pool       0.000 [0.000, 0.490]    1.000 [0.510, 1.000]    0.000 [0.000, 0.490]    0.000 [0.000, 0.490]    0.500 [0.150, 0.850]    0.500 [0.150, 0.850]    0.500 [0.150, 0.850]    0.000 [0.000, 0.490]    0.500 [0.150, 0.850]    0.750 [0.301, 0.954]    0.000 [0.000, 0.490]    0.000 [0.000, 0.490]    0.000 [0.000, 0.490]    0.250 [0.046, 0.699]    0.500 [0.150, 0.850]    0.000 [0.000, 0.490]
ramp-37772        0.250 [0.046, 0.699]    0.500 [0.150, 0.850]    0.500 [0.150, 0.850]    0.750 [0.301, 0.954]    0.750 [0.301, 0.954]    1.000 [0.510, 1.000]    1.000 [0.510, 1.000]    0.500 [0.150, 0.850]    0.750 [0.301, 0.954]    0.750 [0.301, 0.954]    0.750 [0.301, 0.954]    0.250 [0.046, 0.699]    0.000 [0.000, 0.490]    0.750 [0.301, 0.954]    0.750 [0.301, 0.954]    0.750 [0.301, 0.954]
ramp-claywies     0.500 [0.150, 0.850]    1.000 [0.510, 1.000]    0.000 [0.000, 0.490]    0.750 [0.301, 0.954]    0.750 [0.301, 0.954]    1.000 [0.510, 1.000]    0.500 [0.150, 0.850]    0.500 [0.150, 0.850]    0.750 [0.301, 0.954]    1.000 [0.510, 1.000]    0.000 [0.000, 0.490]    0.250 [0.046, 0.699]    0.500 [0.150, 0.850]    1.000 [0.510, 1.000]    1.000 [0.510, 1.000]    0.500 [0.150, 0.850]
royal-nattui      0.250 [0.046, 0.699]    0.750 [0.301, 0.954]    0.000 [0.000, 0.490]    0.750 [0.301, 0.954]    1.000 [0.510, 1.000]    0.750 [0.301, 0.954]    1.000 [0.510, 1.000]    0.250 [0.046, 0.699]    0.750 [0.301, 0.954]    0.500 [0.150, 0.850]    0.250 [0.046, 0.699]    0.750 [0.301, 0.954]    0.750 [0.301, 0.954]    0.750 [0.301, 0.954]    1.000 [0.510, 1.000]    0.750 [0.301, 0.954]
rune-mach15       0.000 [0.000, 0.490]    0.500 [0.150, 0.850]    0.250 [0.046, 0.699]    0.750 [0.301, 0.954]    1.000 [0.510, 1.000]    0.750 [0.301, 0.954]    0.500 [0.150, 0.850]    0.000 [0.000, 0.490]    0.250 [0.046, 0.699]    1.000 [0.510, 1.000]    0.500 [0.150, 0.850]    0.000 [0.000, 0.490]    0.000 [0.000, 0.490]    0.250 [0.046, 0.699]    0.500 [0.150, 0.850]    0.500 [0.150, 0.850]
rune-pool         0.000 [0.000, 0.490]    0.250 [0.046, 0.699]    0.000 [0.000, 0.490]    0.250 [0.046, 0.699]    0.500 [0.150, 0.850]    1.000 [0.510, 1.000]    0.000 [0.000, 0.490]    0.000 [0.000, 0.490]    0.000 [0.000, 0.490]    0.250 [0.046, 0.699]    0.000 [0.000, 0.490]    0.000 [0.000, 0.490]    0.000 [0.000, 0.490]    0.000 [0.000, 0.490]    0.750 [0.301, 0.954]    0.000 [0.000, 0.490]
sword-pool        0.000 [0.000, 0.490]    0.750 [0.301, 0.954]    0.000 [0.000, 0.490]    1.000 [0.510, 1.000]    0.750 [0.301, 0.954]    1.000 [0.510, 1.000]    0.750 [0.301, 0.954]    0.000 [0.000, 0.490]    0.750 [0.301, 0.954]    0.500 [0.150, 0.850]    0.000 [0.000, 0.490]    0.000 [0.000, 0.490]    0.250 [0.046, 0.699]    0.250 [0.046, 0.699]    0.750 [0.301, 0.954]    0.500 [0.150, 0.850]

=== summary ===
h0:olethal=1,osteps=6,wv=40 vs h0:olethal=1,osteps=6
games: 1024  decisive: 1024  draws: 0
policy_a win rate: 0.422 [0.392, 0.452]
first-player win rate: 0.539
mean turns: 9.01  mean actions: 83.18
end: lethal=1023 deckout=1 turn_cap=0 action_cap=0 no_legal=0 illegal=0
636.667s  1.61 games/s  cpus=28
per deck:
  abyss-p8rfn: policy_a (row) 0.656  policy_b (col) 0.828
  abyss-pool: policy_a (row) 0.312  policy_b (col) 0.422
  afnm-minatodao: policy_a (row) 0.547  policy_b (col) 0.922
  basic-forest: policy_a (row) 0.188  policy_b (col) 0.328
  basic-portal: policy_a (row) 0.297  policy_b (col) 0.234
  basic-rune: policy_a (row) 0.094  policy_b (col) 0.234
  dragon-pool: policy_a (row) 0.344  policy_b (col) 0.531
  elf-neanisu2: policy_a (row) 0.578  policy_b (col) 0.766
  forest-pool: policy_a (row) 0.500  policy_b (col) 0.500
  portal-pool: policy_a (row) 0.281  policy_b (col) 0.391
  ramp-37772: policy_a (row) 0.625  policy_b (col) 0.828
  ramp-claywies: policy_a (row) 0.625  policy_b (col) 0.828
  royal-nattui: policy_a (row) 0.641  policy_b (col) 0.812
  rune-mach15: policy_a (row) 0.422  policy_b (col) 0.672
  rune-pool: policy_a (row) 0.188  policy_b (col) 0.297
  sword-pool: policy_a (row) 0.453  policy_b (col) 0.656

1024 games in 636.667s (1.6 games/s)
wrote C:\Users\agban\projects\arena\results\sweep7\c02-screen.json
