matchup: 16 decks × 4 games = 1024 games (seed=8, policy_a=h0:olethal=1,osteps=6,nodes=6000, policy_b=h0:olethal=1,osteps=6, first=alternate, threads=None)
Win rate (row = A, col = B; cell = A's win rate)
                           abyss-p8rfn              abyss-pool          afnm-minatodao            basic-forest            basic-portal              basic-rune             dragon-pool            elf-neanisu2             forest-pool             portal-pool              ramp-37772           ramp-claywies            royal-nattui             rune-mach15               rune-pool              sword-pool
abyss-p8rfn                      0.750                   1.000                   0.500                   1.000                   1.000                   1.000                   1.000                   0.250                   1.000                   0.750                   0.500                   1.000                   0.500                   1.000                   1.000                   1.000
abyss-pool                       0.000                   0.500                   0.000                   1.000                   1.000                   1.000                   0.500                   0.500                   0.500                   1.000                   0.250                   0.250                   0.000                   0.000                   1.000                   0.000
afnm-minatodao                   0.250                   1.000                   0.500                   1.000                   1.000                   1.000                   0.750                   0.750                   1.000                   1.000                   0.750                   0.750                   0.500                   0.750                   1.000                   1.000
basic-forest                     0.000                   0.250                   0.000                   0.500                   0.750                   0.750                   0.250                   0.000                   0.250                   0.500                   0.250                   0.000                   0.000                   0.000                   0.500                   0.500
basic-portal                     0.000                   0.250                   0.000                   0.500                   0.750                   1.000                   0.250                   0.000                   0.250                   0.500                   0.000                   0.000                   0.250                   0.250                   0.500                   0.000
basic-rune                       0.000                   0.000                   0.000                   0.250                   0.250                   1.000                   0.000                   0.000                   0.000                   0.250                   0.000                   0.000                   0.000                   0.000                   0.500                   0.000
dragon-pool                      0.000                   0.500                   0.000                   1.000                   0.750                   1.000                   0.500                   0.250                   0.500                   0.750                   0.250                   0.250                   0.000                   0.500                   1.000                   0.500
elf-neanisu2                     0.000                   1.000                   0.250                   1.000                   1.000                   1.000                   0.750                   0.750                   0.750                   1.000                   0.250                   0.750                   0.500                   0.750                   1.000                   1.000
forest-pool                      0.250                   0.750                   0.000                   1.000                   0.750                   0.750                   0.750                   0.000                   0.500                   0.750                   0.250                   0.500                   0.000                   0.250                   0.750                   0.500
portal-pool                      0.000                   0.500                   0.000                   0.500                   0.500                   0.750                   0.500                   0.000                   0.250                   0.500                   0.000                   0.000                   0.000                   0.250                   1.000                   0.000
ramp-37772                       0.250                   1.000                   0.500                   1.000                   1.000                   1.000                   1.000                   0.250                   0.750                   1.000                   0.750                   0.250                   0.250                   0.500                   1.000                   0.750
ramp-claywies                    0.250                   0.750                   0.000                   1.000                   1.000                   1.000                   1.000                   0.500                   1.000                   0.750                   0.250                   0.250                   0.750                   0.750                   1.000                   0.750
royal-nattui                     0.250                   1.000                   0.250                   1.000                   1.000                   1.000                   1.000                   0.500                   0.750                   1.000                   0.750                   0.500                   0.750                   0.500                   1.000                   1.000
rune-mach15                      0.500                   1.000                   0.250                   1.000                   1.000                   1.000                   1.000                   0.500                   0.750                   0.750                   0.750                   0.250                   0.000                   0.250                   1.000                   0.750
rune-pool                        0.000                   0.500                   0.000                   0.500                   0.500                   1.000                   0.000                   0.000                   0.000                   0.000                   0.000                   0.250                   0.000                   0.000                   0.500                   0.000
sword-pool                       0.000                   0.500                   0.000                   1.000                   1.000                   1.000                   0.750                   0.500                   0.500                   1.000                   0.500                   0.250                   0.000                   0.250                   0.500                   0.750

First-player win rate / mean turns
                           abyss-p8rfn              abyss-pool          afnm-minatodao            basic-forest            basic-portal              basic-rune             dragon-pool            elf-neanisu2             forest-pool             portal-pool              ramp-37772           ramp-claywies            royal-nattui             rune-mach15               rune-pool              sword-pool
abyss-p8rfn              0.250 /   8.8           0.500 /   6.8           0.500 /   6.8           0.500 /   7.0           0.500 /   7.0           0.500 /   7.0           0.500 /   8.0           0.750 /   8.8           0.500 /   8.2           0.250 /   7.5           0.500 /   8.8           0.500 /   7.2           0.500 /   7.8           0.500 /   8.0           0.500 /   7.5           0.500 /   7.5
abyss-pool               0.500 /   8.2           1.000 /  10.0           0.500 /   8.2           0.500 /   9.8           0.500 /   8.5           0.500 /   6.2           0.500 /   9.2           0.500 /   8.2           0.500 /   9.5           0.500 /   9.0           0.750 /   9.8           0.750 /   8.5           0.500 /   9.2           0.500 /   9.2           0.500 /   9.5           0.500 /   8.8
afnm-minatodao           0.750 /   8.8           0.500 /   8.0           0.500 /   9.2           0.500 /   7.0           0.500 /   5.8           0.500 /   6.2           0.750 /   7.8           0.750 /   8.2           0.500 /  10.0           0.500 /   6.2           0.750 /   8.8           0.750 /   9.5           1.000 /   8.2           0.250 /   8.0           0.500 /   7.5           0.500 /   7.5
basic-forest             0.500 /   7.2           0.750 /   8.8           0.500 /   7.0           1.000 /   9.2           0.750 /   9.5           0.250 /   7.0           0.750 /   8.0           0.500 /   7.2           0.750 /   8.8           0.500 /   7.5           0.750 /   7.5           0.500 /   8.8           0.500 /   9.2           0.500 /   8.2           0.500 /   8.0           0.500 /   8.0
basic-portal             0.500 /   7.8           0.250 /   6.5           0.500 /   7.0           0.500 /   9.5           0.750 /  10.2           0.500 /   8.2           0.750 /   9.5           0.500 /   6.8           0.750 /  10.2           0.500 /   9.8           0.500 /   8.8           0.500 /   8.0           0.250 /   9.2           0.750 /   7.8           0.500 /  12.2           0.500 /   8.2
basic-rune               0.500 /   7.5           0.500 /   7.2           0.500 /   6.0           0.250 /   7.2           0.750 /   9.0           0.500 /   7.0           0.500 /   7.0           0.500 /   7.8           0.500 /   8.5           0.750 /   8.0           0.500 /   7.8           0.500 /   7.2           0.500 /   7.2           0.500 /   7.8           0.500 /   8.2           0.500 /   7.8
dragon-pool              0.500 /   7.5           0.500 /   8.2           0.500 /   7.5           0.500 /   7.5           0.750 /   9.0           0.500 /   7.5           0.500 /   7.5           0.750 /   7.2           0.000 /  10.0           0.250 /   8.8           0.750 /   9.0           0.250 /   8.5           0.500 /   7.5           0.500 /   9.0           0.500 /   8.2           0.500 /   9.8
elf-neanisu2             0.500 /   9.2           0.500 /   8.2           0.750 /   8.5           0.500 /   7.2           0.500 /   9.0           0.500 /   6.5           0.250 /   9.8           0.750 /   9.5           0.750 /   8.8           0.500 /   6.5           0.750 /  11.8           0.750 /   7.2           0.500 /   8.2           0.750 /  10.8           0.500 /   7.5           0.500 /   9.2
forest-pool              0.750 /   7.8           0.750 /  10.5           0.500 /   8.0           0.500 /   8.0           0.750 /   9.8           0.750 /   7.5           0.750 /   8.8           0.500 /   8.0           0.500 /  10.8           0.250 /   8.2           0.750 /   8.2           1.000 /   9.8           0.500 /   8.8           0.750 /   8.5           0.250 /  10.0           0.500 /   8.5
portal-pool              0.500 /   7.8           0.500 /  10.8           0.500 /   6.8           0.500 /   9.0           0.500 /   9.5           0.250 /   7.0           1.000 /   8.0           0.500 /   8.0           0.250 /   7.2           0.000 /   7.5           0.500 /   7.5           0.500 /  10.5           0.500 /   8.0           0.250 /   6.2           0.500 /   9.0           0.500 /   8.5
ramp-37772               0.250 /   9.2           0.500 /   9.0           0.500 /   9.5           0.500 /   8.0           0.500 /  10.0           0.500 /   7.8           0.500 /   8.8           0.250 /   8.5           0.750 /   9.2           0.500 /   9.0           0.750 /   8.8           0.750 /   8.0           0.750 /   8.0           1.000 /   9.8           0.500 /   8.0           0.750 /  11.5
ramp-claywies            0.750 /   8.2           0.250 /   9.5           0.500 /   8.0           0.500 /   8.5           0.500 /   9.2           0.500 /   7.0           0.500 /   9.0           0.500 /   9.8           0.500 /  10.8           0.750 /   9.2           0.750 /   9.2           0.750 /  11.2           0.250 /   9.0           0.750 /   8.2           0.500 /   8.8           0.750 /   8.2
royal-nattui             0.250 /   8.5           0.500 /   9.0           0.750 /   9.0           0.500 /   7.2           0.500 /   7.5           0.500 /   7.0           0.500 /   7.2           0.500 /   9.5           0.750 /   8.2           0.500 /   8.0           0.250 /  10.5           0.500 /   8.8           0.250 /   8.5           0.500 /   9.2           0.500 /   8.8           0.500 /   9.0
rune-mach15              0.500 /   7.5           0.500 /  10.0           0.750 /   7.8           0.500 /   7.8           0.500 /   9.2           0.500 /   7.5           0.500 /  10.2           0.500 /   9.8           0.750 /   8.5           0.250 /   8.5           0.750 /  10.2           0.750 /  11.5           0.500 /   8.8           0.750 /   9.0           0.500 /   8.0           0.750 /  10.2
rune-pool                0.500 /   7.5           1.000 /   9.8           0.500 /   7.5           0.500 /   8.8           1.000 /   8.2           0.500 /   9.0           0.500 /   9.2           0.500 /   8.5           0.500 /   8.5           0.500 /   9.0           0.500 /   8.0           0.250 /   7.0           0.500 /   6.8           0.500 /   8.2           1.000 /  11.2           0.500 /  10.8
sword-pool               0.500 /   7.8           0.500 /   7.8           0.500 /  10.5           0.500 /   7.5           0.500 /   8.8           0.500 /   7.2           0.750 /   9.0           0.000 /  10.0           0.500 /  10.2           0.500 /   8.8           0.500 /  10.0           0.750 /   8.5           0.500 /   7.8           0.750 /   8.8           0.500 /   9.8           0.750 /  12.8

A win rate over decisive games, Wilson 95% [lo, hi]
                           abyss-p8rfn              abyss-pool          afnm-minatodao            basic-forest            basic-portal              basic-rune             dragon-pool            elf-neanisu2             forest-pool             portal-pool              ramp-37772           ramp-claywies            royal-nattui             rune-mach15               rune-pool              sword-pool
abyss-p8rfn       0.750 [0.301, 0.954]    1.000 [0.510, 1.000]    0.500 [0.150, 0.850]    1.000 [0.510, 1.000]    1.000 [0.510, 1.000]    1.000 [0.510, 1.000]    1.000 [0.510, 1.000]    0.250 [0.046, 0.699]    1.000 [0.510, 1.000]    0.750 [0.301, 0.954]    0.500 [0.150, 0.850]    1.000 [0.510, 1.000]    0.500 [0.150, 0.850]    1.000 [0.510, 1.000]    1.000 [0.510, 1.000]    1.000 [0.510, 1.000]
abyss-pool        0.000 [0.000, 0.490]    0.500 [0.150, 0.850]    0.000 [0.000, 0.490]    1.000 [0.510, 1.000]    1.000 [0.510, 1.000]    1.000 [0.510, 1.000]    0.500 [0.150, 0.850]    0.500 [0.150, 0.850]    0.500 [0.150, 0.850]    1.000 [0.510, 1.000]    0.250 [0.046, 0.699]    0.250 [0.046, 0.699]    0.000 [0.000, 0.490]    0.000 [0.000, 0.490]    1.000 [0.510, 1.000]    0.000 [0.000, 0.490]
afnm-minatodao    0.250 [0.046, 0.699]    1.000 [0.510, 1.000]    0.500 [0.150, 0.850]    1.000 [0.510, 1.000]    1.000 [0.510, 1.000]    1.000 [0.510, 1.000]    0.750 [0.301, 0.954]    0.750 [0.301, 0.954]    1.000 [0.510, 1.000]    1.000 [0.510, 1.000]    0.750 [0.301, 0.954]    0.750 [0.301, 0.954]    0.500 [0.150, 0.850]    0.750 [0.301, 0.954]    1.000 [0.510, 1.000]    1.000 [0.510, 1.000]
basic-forest      0.000 [0.000, 0.490]    0.250 [0.046, 0.699]    0.000 [0.000, 0.490]    0.500 [0.150, 0.850]    0.750 [0.301, 0.954]    0.750 [0.301, 0.954]    0.250 [0.046, 0.699]    0.000 [0.000, 0.490]    0.250 [0.046, 0.699]    0.500 [0.150, 0.850]    0.250 [0.046, 0.699]    0.000 [0.000, 0.490]    0.000 [0.000, 0.490]    0.000 [0.000, 0.490]    0.500 [0.150, 0.850]    0.500 [0.150, 0.850]
basic-portal      0.000 [0.000, 0.490]    0.250 [0.046, 0.699]    0.000 [0.000, 0.490]    0.500 [0.150, 0.850]    0.750 [0.301, 0.954]    1.000 [0.510, 1.000]    0.250 [0.046, 0.699]    0.000 [0.000, 0.490]    0.250 [0.046, 0.699]    0.500 [0.150, 0.850]    0.000 [0.000, 0.490]    0.000 [0.000, 0.490]    0.250 [0.046, 0.699]    0.250 [0.046, 0.699]    0.500 [0.150, 0.850]    0.000 [0.000, 0.490]
basic-rune        0.000 [0.000, 0.490]    0.000 [0.000, 0.490]    0.000 [0.000, 0.490]    0.250 [0.046, 0.699]    0.250 [0.046, 0.699]    1.000 [0.510, 1.000]    0.000 [0.000, 0.490]    0.000 [0.000, 0.490]    0.000 [0.000, 0.490]    0.250 [0.046, 0.699]    0.000 [0.000, 0.490]    0.000 [0.000, 0.490]    0.000 [0.000, 0.490]    0.000 [0.000, 0.490]    0.500 [0.150, 0.850]    0.000 [0.000, 0.490]
dragon-pool       0.000 [0.000, 0.490]    0.500 [0.150, 0.850]    0.000 [0.000, 0.490]    1.000 [0.510, 1.000]    0.750 [0.301, 0.954]    1.000 [0.510, 1.000]    0.500 [0.150, 0.850]    0.250 [0.046, 0.699]    0.500 [0.150, 0.850]    0.750 [0.301, 0.954]    0.250 [0.046, 0.699]    0.250 [0.046, 0.699]    0.000 [0.000, 0.490]    0.500 [0.150, 0.850]    1.000 [0.510, 1.000]    0.500 [0.150, 0.850]
elf-neanisu2      0.000 [0.000, 0.490]    1.000 [0.510, 1.000]    0.250 [0.046, 0.699]    1.000 [0.510, 1.000]    1.000 [0.510, 1.000]    1.000 [0.510, 1.000]    0.750 [0.301, 0.954]    0.750 [0.301, 0.954]    0.750 [0.301, 0.954]    1.000 [0.510, 1.000]    0.250 [0.046, 0.699]    0.750 [0.301, 0.954]    0.500 [0.150, 0.850]    0.750 [0.301, 0.954]    1.000 [0.510, 1.000]    1.000 [0.510, 1.000]
forest-pool       0.250 [0.046, 0.699]    0.750 [0.301, 0.954]    0.000 [0.000, 0.490]    1.000 [0.510, 1.000]    0.750 [0.301, 0.954]    0.750 [0.301, 0.954]    0.750 [0.301, 0.954]    0.000 [0.000, 0.490]    0.500 [0.150, 0.850]    0.750 [0.301, 0.954]    0.250 [0.046, 0.699]    0.500 [0.150, 0.850]    0.000 [0.000, 0.490]    0.250 [0.046, 0.699]    0.750 [0.301, 0.954]    0.500 [0.150, 0.850]
portal-pool       0.000 [0.000, 0.490]    0.500 [0.150, 0.850]    0.000 [0.000, 0.490]    0.500 [0.150, 0.850]    0.500 [0.150, 0.850]    0.750 [0.301, 0.954]    0.500 [0.150, 0.850]    0.000 [0.000, 0.490]    0.250 [0.046, 0.699]    0.500 [0.150, 0.850]    0.000 [0.000, 0.490]    0.000 [0.000, 0.490]    0.000 [0.000, 0.490]    0.250 [0.046, 0.699]    1.000 [0.510, 1.000]    0.000 [0.000, 0.490]
ramp-37772        0.250 [0.046, 0.699]    1.000 [0.510, 1.000]    0.500 [0.150, 0.850]    1.000 [0.510, 1.000]    1.000 [0.510, 1.000]    1.000 [0.510, 1.000]    1.000 [0.510, 1.000]    0.250 [0.046, 0.699]    0.750 [0.301, 0.954]    1.000 [0.510, 1.000]    0.750 [0.301, 0.954]    0.250 [0.046, 0.699]    0.250 [0.046, 0.699]    0.500 [0.150, 0.850]    1.000 [0.510, 1.000]    0.750 [0.301, 0.954]
ramp-claywies     0.250 [0.046, 0.699]    0.750 [0.301, 0.954]    0.000 [0.000, 0.490]    1.000 [0.510, 1.000]    1.000 [0.510, 1.000]    1.000 [0.510, 1.000]    1.000 [0.510, 1.000]    0.500 [0.150, 0.850]    1.000 [0.510, 1.000]    0.750 [0.301, 0.954]    0.250 [0.046, 0.699]    0.250 [0.046, 0.699]    0.750 [0.301, 0.954]    0.750 [0.301, 0.954]    1.000 [0.510, 1.000]    0.750 [0.301, 0.954]
royal-nattui      0.250 [0.046, 0.699]    1.000 [0.510, 1.000]    0.250 [0.046, 0.699]    1.000 [0.510, 1.000]    1.000 [0.510, 1.000]    1.000 [0.510, 1.000]    1.000 [0.510, 1.000]    0.500 [0.150, 0.850]    0.750 [0.301, 0.954]    1.000 [0.510, 1.000]    0.750 [0.301, 0.954]    0.500 [0.150, 0.850]    0.750 [0.301, 0.954]    0.500 [0.150, 0.850]    1.000 [0.510, 1.000]    1.000 [0.510, 1.000]
rune-mach15       0.500 [0.150, 0.850]    1.000 [0.510, 1.000]    0.250 [0.046, 0.699]    1.000 [0.510, 1.000]    1.000 [0.510, 1.000]    1.000 [0.510, 1.000]    1.000 [0.510, 1.000]    0.500 [0.150, 0.850]    0.750 [0.301, 0.954]    0.750 [0.301, 0.954]    0.750 [0.301, 0.954]    0.250 [0.046, 0.699]    0.000 [0.000, 0.490]    0.250 [0.046, 0.699]    1.000 [0.510, 1.000]    0.750 [0.301, 0.954]
rune-pool         0.000 [0.000, 0.490]    0.500 [0.150, 0.850]    0.000 [0.000, 0.490]    0.500 [0.150, 0.850]    0.500 [0.150, 0.850]    1.000 [0.510, 1.000]    0.000 [0.000, 0.490]    0.000 [0.000, 0.490]    0.000 [0.000, 0.490]    0.000 [0.000, 0.490]    0.000 [0.000, 0.490]    0.250 [0.046, 0.699]    0.000 [0.000, 0.490]    0.000 [0.000, 0.490]    0.500 [0.150, 0.850]    0.000 [0.000, 0.490]
sword-pool        0.000 [0.000, 0.490]    0.500 [0.150, 0.850]    0.000 [0.000, 0.490]    1.000 [0.510, 1.000]    1.000 [0.510, 1.000]    1.000 [0.510, 1.000]    0.750 [0.301, 0.954]    0.500 [0.150, 0.850]    0.500 [0.150, 0.850]    1.000 [0.510, 1.000]    0.500 [0.150, 0.850]    0.250 [0.046, 0.699]    0.000 [0.000, 0.490]    0.250 [0.046, 0.699]    0.500 [0.150, 0.850]    0.750 [0.301, 0.954]

=== summary ===
h0:olethal=1,osteps=6,nodes=6000 vs h0:olethal=1,osteps=6
games: 1024  decisive: 1024  draws: 0
policy_a win rate: 0.523 [0.493, 0.554]
first-player win rate: 0.545
mean turns: 8.50  mean actions: 78.07
end: lethal=1024 deckout=0 turn_cap=0 action_cap=0 no_legal=0 illegal=0
1433.956s  0.71 games/s  cpus=28
per deck:
  abyss-p8rfn: policy_a (row) 0.828  policy_b (col) 0.844
  abyss-pool: policy_a (row) 0.469  policy_b (col) 0.344
  afnm-minatodao: policy_a (row) 0.812  policy_b (col) 0.859
  basic-forest: policy_a (row) 0.281  policy_b (col) 0.172
  basic-portal: policy_a (row) 0.281  policy_b (col) 0.172
  basic-rune: policy_a (row) 0.141  policy_b (col) 0.047
  dragon-pool: policy_a (row) 0.484  policy_b (col) 0.375
  elf-neanisu2: policy_a (row) 0.734  policy_b (col) 0.703
  forest-pool: policy_a (row) 0.484  policy_b (col) 0.453
  portal-pool: policy_a (row) 0.297  policy_b (col) 0.281
  ramp-37772: policy_a (row) 0.703  policy_b (col) 0.656
  ramp-claywies: policy_a (row) 0.688  policy_b (col) 0.672
  royal-nattui: policy_a (row) 0.766  policy_b (col) 0.781
  rune-mach15: policy_a (row) 0.672  policy_b (col) 0.625
  rune-pool: policy_a (row) 0.203  policy_b (col) 0.172
  sword-pool: policy_a (row) 0.531  policy_b (col) 0.469

1024 games in 1433.956s (0.7 games/s)
wrote C:\Users\agban\projects\arena\results\sweep7\c05-screen.json
