matchup: 16 decks × 16 games = 4096 games (seed=8, policy_a=h0:olethal=1,osteps=6,nodes=6000, policy_b=h0:olethal=1,osteps=6, first=alternate, threads=None)
Win rate (row = A, col = B; cell = A's win rate)
                           abyss-p8rfn              abyss-pool          afnm-minatodao            basic-forest            basic-portal              basic-rune             dragon-pool            elf-neanisu2             forest-pool             portal-pool              ramp-37772           ramp-claywies            royal-nattui             rune-mach15               rune-pool              sword-pool
abyss-p8rfn                      0.688                   0.938                   0.562                   1.000                   1.000                   1.000                   0.875                   0.500                   0.938                   0.938                   0.750                   0.750                   0.875                   0.938                   1.000                   1.000
abyss-pool                       0.125                   0.500                   0.062                   1.000                   0.812                   1.000                   0.625                   0.125                   0.438                   0.875                   0.188                   0.188                   0.125                   0.250                   0.875                   0.312
afnm-minatodao                   0.312                   1.000                   0.562                   1.000                   1.000                   1.000                   0.875                   0.750                   0.938                   1.000                   0.688                   0.812                   0.875                   0.812                   1.000                   0.875
basic-forest                     0.000                   0.125                   0.000                   0.625                   0.625                   0.688                   0.188                   0.000                   0.188                   0.438                   0.125                   0.062                   0.000                   0.062                   0.500                   0.250
basic-portal                     0.000                   0.438                   0.000                   0.688                   0.625                   0.875                   0.188                   0.000                   0.125                   0.562                   0.062                   0.062                   0.125                   0.125                   0.375                   0.000
basic-rune                       0.000                   0.062                   0.000                   0.438                   0.188                   0.625                   0.000                   0.000                   0.000                   0.125                   0.062                   0.000                   0.000                   0.000                   0.250                   0.000
dragon-pool                      0.125                   0.625                   0.250                   0.938                   0.812                   1.000                   0.250                   0.375                   0.562                   0.625                   0.250                   0.062                   0.000                   0.500                   0.938                   0.312
elf-neanisu2                     0.500                   0.938                   0.312                   1.000                   1.000                   1.000                   0.750                   0.500                   0.875                   0.875                   0.562                   0.688                   0.312                   0.625                   1.000                   0.938
forest-pool                      0.125                   0.688                   0.250                   0.938                   0.875                   0.938                   0.562                   0.125                   0.562                   0.812                   0.312                   0.312                   0.312                   0.250                   0.750                   0.438
portal-pool                      0.062                   0.312                   0.000                   0.438                   0.500                   0.875                   0.375                   0.000                   0.250                   0.625                   0.062                   0.125                   0.125                   0.188                   0.688                   0.125
ramp-37772                       0.250                   0.875                   0.500                   0.938                   0.875                   1.000                   0.750                   0.375                   0.750                   0.938                   0.562                   0.562                   0.438                   0.625                   1.000                   0.812
ramp-claywies                    0.250                   0.750                   0.188                   0.812                   0.938                   1.000                   1.000                   0.625                   0.750                   0.875                   0.500                   0.375                   0.438                   0.750                   1.000                   0.750
royal-nattui                     0.312                   0.938                   0.188                   1.000                   0.938                   1.000                   0.938                   0.500                   0.938                   1.000                   0.750                   0.500                   0.625                   0.688                   0.938                   0.812
rune-mach15                      0.125                   0.750                   0.188                   0.938                   0.938                   1.000                   0.625                   0.375                   0.688                   0.938                   0.438                   0.250                   0.250                   0.250                   1.000                   0.750
rune-pool                        0.000                   0.250                   0.000                   0.625                   0.438                   0.812                   0.312                   0.000                   0.188                   0.375                   0.000                   0.125                   0.000                   0.000                   0.688                   0.000
sword-pool                       0.125                   0.688                   0.062                   0.938                   0.938                   1.000                   0.688                   0.188                   0.625                   0.750                   0.188                   0.375                   0.062                   0.375                   0.875                   0.688

First-player win rate / mean turns
                           abyss-p8rfn              abyss-pool          afnm-minatodao            basic-forest            basic-portal              basic-rune             dragon-pool            elf-neanisu2             forest-pool             portal-pool              ramp-37772           ramp-claywies            royal-nattui             rune-mach15               rune-pool              sword-pool
abyss-p8rfn              0.438 /   8.4           0.562 /   7.6           0.812 /   8.4           0.500 /   7.4           0.500 /   7.6           0.500 /   6.8           0.500 /   8.2           0.625 /   8.4           0.438 /   8.7           0.438 /   7.2           0.500 /   8.4           0.625 /   8.3           0.500 /   7.8           0.562 /   7.4           0.500 /   7.4           0.500 /   7.4
abyss-pool               0.625 /   7.9           0.875 /   9.6           0.438 /   8.0           0.500 /   8.3           0.562 /   8.4           0.500 /   7.3           0.625 /   8.9           0.500 /   8.9           0.688 /   9.8           0.375 /   7.6           0.562 /   9.6           0.562 /   8.6           0.375 /   8.4           0.625 /   8.7           0.625 /   8.8           0.438 /   9.8
afnm-minatodao           0.688 /   9.1           0.500 /   7.5           0.562 /   8.5           0.500 /   6.9           0.500 /   6.7           0.500 /   6.2           0.625 /   8.4           0.625 /   8.5           0.438 /   9.7           0.500 /   7.0           0.562 /   8.9           0.438 /   7.9           0.625 /   8.3           0.438 /   7.9           0.500 /   7.2           0.500 /   7.7
basic-forest             0.500 /   7.4           0.625 /   8.9           0.500 /   7.1           0.625 /   8.6           0.500 /   8.7           0.562 /   8.0           0.688 /   8.2           0.500 /   7.7           0.688 /   8.3           0.688 /   8.6           0.500 /   8.3           0.562 /   8.6           0.500 /   8.1           0.562 /   8.3           0.750 /   8.4           0.375 /   8.0
basic-portal             0.500 /   8.0           0.438 /   8.4           0.500 /   7.3           0.562 /   8.8           0.500 /   9.2           0.625 /   8.2           0.438 /   8.2           0.500 /   6.7           0.625 /   9.4           0.562 /   9.6           0.562 /   8.5           0.438 /   8.9           0.375 /   8.4           0.500 /   8.3           0.375 /  10.3           0.500 /   9.3
basic-rune               0.500 /   7.4           0.438 /   6.4           0.500 /   5.9           0.562 /   8.1           0.562 /   8.6           0.625 /   7.9           0.500 /   7.2           0.500 /   6.9           0.500 /   7.6           0.500 /   7.6           0.562 /   8.1           0.500 /   7.7           0.500 /   6.9           0.500 /   7.8           0.500 /   8.2           0.500 /   7.4
dragon-pool              0.500 /   7.8           0.500 /   9.1           0.625 /   7.4           0.438 /   7.9           0.688 /   8.7           0.500 /   7.4           0.500 /   7.7           0.625 /   7.6           0.562 /   9.2           0.250 /   8.8           0.750 /   8.9           0.438 /   8.8           0.500 /   7.4           0.625 /  10.2           0.562 /   8.9           0.562 /   9.8
elf-neanisu2             0.625 /   8.6           0.438 /   8.1           0.562 /   9.3           0.500 /   7.4           0.500 /   7.6           0.500 /   6.4           0.375 /   7.6           0.625 /   9.2           0.625 /   8.7           0.500 /   7.3           0.688 /   9.4           0.562 /   8.5           0.562 /   8.7           0.625 /   9.7           0.500 /   7.6           0.562 /   8.7
forest-pool              0.500 /   8.4           0.688 /  10.6           0.500 /   8.9           0.438 /   8.6           0.500 /   8.2           0.562 /   7.8           0.562 /   8.2           0.625 /   8.1           0.562 /   9.9           0.562 /   8.4           0.438 /   8.5           0.812 /   9.5           0.688 /   9.3           0.625 /   9.8           0.500 /   9.5           0.562 /   9.5
portal-pool              0.438 /   7.6           0.438 /   9.6           0.500 /   7.4           0.562 /   7.9           0.500 /   9.4           0.375 /   7.3           0.750 /   7.8           0.500 /   7.9           0.375 /   9.1           0.375 /   8.3           0.562 /   8.7           0.500 /   8.4           0.625 /   8.2           0.438 /   7.4           0.562 /   9.9           0.500 /   8.6
ramp-37772               0.500 /   8.4           0.500 /   9.1           0.625 /   9.2           0.562 /   8.6           0.500 /   9.1           0.500 /   8.1           0.625 /   9.0           0.750 /   8.6           0.625 /  10.1           0.438 /   8.2           0.562 /   9.9           0.562 /  10.5           0.688 /   8.9           0.625 /   9.7           0.500 /   8.1           0.562 /  10.2
ramp-claywies            0.625 /   8.8           0.500 /   9.2           0.438 /   8.1           0.438 /   7.8           0.562 /   8.7           0.500 /   6.8           0.500 /   8.6           0.625 /  10.3           0.500 /   9.2           0.625 /   8.5           0.625 /  10.6           0.625 /  10.1           0.438 /   8.3           0.500 /   9.8           0.500 /   8.6           0.625 /   8.1
royal-nattui             0.438 /   8.2           0.438 /   8.9           0.562 /   8.7           0.500 /   7.8           0.562 /   7.6           0.500 /   6.6           0.562 /   8.0           0.750 /   8.9           0.562 /   8.9           0.500 /   7.6           0.500 /   9.6           0.375 /   9.2           0.375 /   8.6           0.688 /   8.6           0.562 /   8.1           0.688 /  10.4
rune-mach15              0.500 /   8.4           0.625 /   8.6           0.688 /   8.6           0.562 /   8.0           0.562 /   8.4           0.500 /   7.4           0.625 /   9.8           0.625 /   8.8           0.812 /   9.6           0.438 /   8.3           0.688 /   9.2           0.500 /   9.2           0.625 /   8.7           0.750 /   9.7           0.500 /   8.9           0.625 /   9.8
rune-pool                0.500 /   7.2           0.625 /   8.6           0.500 /   7.4           0.500 /   8.4           0.688 /   9.4           0.688 /   8.8           0.562 /  10.2           0.500 /   7.1           0.438 /  10.5           0.750 /   9.9           0.500 /   8.3           0.500 /   7.8           0.500 /   8.2           0.500 /   8.9           0.688 /  12.2           0.500 /  11.0
sword-pool               0.625 /   8.6           0.688 /   8.8           0.562 /  10.1           0.562 /   8.5           0.438 /   8.8           0.500 /   7.6           0.562 /  10.2           0.438 /   8.8           0.500 /  10.8           0.375 /   7.8           0.438 /  10.4           0.625 /   9.3           0.562 /   8.2           0.625 /  10.8           0.500 /   9.8           0.688 /  12.9

A win rate over decisive games, Wilson 95% [lo, hi]
                           abyss-p8rfn              abyss-pool          afnm-minatodao            basic-forest            basic-portal              basic-rune             dragon-pool            elf-neanisu2             forest-pool             portal-pool              ramp-37772           ramp-claywies            royal-nattui             rune-mach15               rune-pool              sword-pool
abyss-p8rfn       0.688 [0.444, 0.858]    0.938 [0.717, 0.989]    0.562 [0.332, 0.769]    1.000 [0.806, 1.000]    1.000 [0.806, 1.000]    1.000 [0.806, 1.000]    0.875 [0.640, 0.965]    0.500 [0.280, 0.720]    0.938 [0.717, 0.989]    0.938 [0.717, 0.989]    0.750 [0.505, 0.898]    0.750 [0.505, 0.898]    0.875 [0.640, 0.965]    0.938 [0.717, 0.989]    1.000 [0.806, 1.000]    1.000 [0.806, 1.000]
abyss-pool        0.125 [0.035, 0.360]    0.500 [0.280, 0.720]    0.062 [0.011, 0.283]    1.000 [0.806, 1.000]    0.812 [0.570, 0.934]    1.000 [0.806, 1.000]    0.625 [0.386, 0.815]    0.125 [0.035, 0.360]    0.438 [0.231, 0.668]    0.875 [0.640, 0.965]    0.188 [0.066, 0.430]    0.188 [0.066, 0.430]    0.125 [0.035, 0.360]    0.250 [0.102, 0.495]    0.875 [0.640, 0.965]    0.312 [0.142, 0.556]
afnm-minatodao    0.312 [0.142, 0.556]    1.000 [0.806, 1.000]    0.562 [0.332, 0.769]    1.000 [0.806, 1.000]    1.000 [0.806, 1.000]    1.000 [0.806, 1.000]    0.875 [0.640, 0.965]    0.750 [0.505, 0.898]    0.938 [0.717, 0.989]    1.000 [0.806, 1.000]    0.688 [0.444, 0.858]    0.812 [0.570, 0.934]    0.875 [0.640, 0.965]    0.812 [0.570, 0.934]    1.000 [0.806, 1.000]    0.875 [0.640, 0.965]
basic-forest      0.000 [0.000, 0.194]    0.125 [0.035, 0.360]    0.000 [0.000, 0.194]    0.625 [0.386, 0.815]    0.625 [0.386, 0.815]    0.688 [0.444, 0.858]    0.188 [0.066, 0.430]    0.000 [0.000, 0.194]    0.188 [0.066, 0.430]    0.438 [0.231, 0.668]    0.125 [0.035, 0.360]    0.062 [0.011, 0.283]    0.000 [0.000, 0.194]    0.062 [0.011, 0.283]    0.500 [0.280, 0.720]    0.250 [0.102, 0.495]
basic-portal      0.000 [0.000, 0.194]    0.438 [0.231, 0.668]    0.000 [0.000, 0.194]    0.688 [0.444, 0.858]    0.625 [0.386, 0.815]    0.875 [0.640, 0.965]    0.188 [0.066, 0.430]    0.000 [0.000, 0.194]    0.125 [0.035, 0.360]    0.562 [0.332, 0.769]    0.062 [0.011, 0.283]    0.062 [0.011, 0.283]    0.125 [0.035, 0.360]    0.125 [0.035, 0.360]    0.375 [0.185, 0.614]    0.000 [0.000, 0.194]
basic-rune        0.000 [0.000, 0.194]    0.062 [0.011, 0.283]    0.000 [0.000, 0.194]    0.438 [0.231, 0.668]    0.188 [0.066, 0.430]    0.625 [0.386, 0.815]    0.000 [0.000, 0.194]    0.000 [0.000, 0.194]    0.000 [0.000, 0.194]    0.125 [0.035, 0.360]    0.062 [0.011, 0.283]    0.000 [0.000, 0.194]    0.000 [0.000, 0.194]    0.000 [0.000, 0.194]    0.250 [0.102, 0.495]    0.000 [0.000, 0.194]
dragon-pool       0.125 [0.035, 0.360]    0.625 [0.386, 0.815]    0.250 [0.102, 0.495]    0.938 [0.717, 0.989]    0.812 [0.570, 0.934]    1.000 [0.806, 1.000]    0.250 [0.102, 0.495]    0.375 [0.185, 0.614]    0.562 [0.332, 0.769]    0.625 [0.386, 0.815]    0.250 [0.102, 0.495]    0.062 [0.011, 0.283]    0.000 [0.000, 0.194]    0.500 [0.280, 0.720]    0.938 [0.717, 0.989]    0.312 [0.142, 0.556]
elf-neanisu2      0.500 [0.280, 0.720]    0.938 [0.717, 0.989]    0.312 [0.142, 0.556]    1.000 [0.806, 1.000]    1.000 [0.806, 1.000]    1.000 [0.806, 1.000]    0.750 [0.505, 0.898]    0.500 [0.280, 0.720]    0.875 [0.640, 0.965]    0.875 [0.640, 0.965]    0.562 [0.332, 0.769]    0.688 [0.444, 0.858]    0.312 [0.142, 0.556]    0.625 [0.386, 0.815]    1.000 [0.806, 1.000]    0.938 [0.717, 0.989]
forest-pool       0.125 [0.035, 0.360]    0.688 [0.444, 0.858]    0.250 [0.102, 0.495]    0.938 [0.717, 0.989]    0.875 [0.640, 0.965]    0.938 [0.717, 0.989]    0.562 [0.332, 0.769]    0.125 [0.035, 0.360]    0.562 [0.332, 0.769]    0.812 [0.570, 0.934]    0.312 [0.142, 0.556]    0.312 [0.142, 0.556]    0.312 [0.142, 0.556]    0.250 [0.102, 0.495]    0.750 [0.505, 0.898]    0.438 [0.231, 0.668]
portal-pool       0.062 [0.011, 0.283]    0.312 [0.142, 0.556]    0.000 [0.000, 0.194]    0.438 [0.231, 0.668]    0.500 [0.280, 0.720]    0.875 [0.640, 0.965]    0.375 [0.185, 0.614]    0.000 [0.000, 0.194]    0.250 [0.102, 0.495]    0.625 [0.386, 0.815]    0.062 [0.011, 0.283]    0.125 [0.035, 0.360]    0.125 [0.035, 0.360]    0.188 [0.066, 0.430]    0.688 [0.444, 0.858]    0.125 [0.035, 0.360]
ramp-37772        0.250 [0.102, 0.495]    0.875 [0.640, 0.965]    0.500 [0.280, 0.720]    0.938 [0.717, 0.989]    0.875 [0.640, 0.965]    1.000 [0.806, 1.000]    0.750 [0.505, 0.898]    0.375 [0.185, 0.614]    0.750 [0.505, 0.898]    0.938 [0.717, 0.989]    0.562 [0.332, 0.769]    0.562 [0.332, 0.769]    0.438 [0.231, 0.668]    0.625 [0.386, 0.815]    1.000 [0.806, 1.000]    0.812 [0.570, 0.934]
ramp-claywies     0.250 [0.102, 0.495]    0.750 [0.505, 0.898]    0.188 [0.066, 0.430]    0.812 [0.570, 0.934]    0.938 [0.717, 0.989]    1.000 [0.806, 1.000]    1.000 [0.806, 1.000]    0.625 [0.386, 0.815]    0.750 [0.505, 0.898]    0.875 [0.640, 0.965]    0.500 [0.280, 0.720]    0.375 [0.185, 0.614]    0.438 [0.231, 0.668]    0.750 [0.505, 0.898]    1.000 [0.806, 1.000]    0.750 [0.505, 0.898]
royal-nattui      0.312 [0.142, 0.556]    0.938 [0.717, 0.989]    0.188 [0.066, 0.430]    1.000 [0.806, 1.000]    0.938 [0.717, 0.989]    1.000 [0.806, 1.000]    0.938 [0.717, 0.989]    0.500 [0.280, 0.720]    0.938 [0.717, 0.989]    1.000 [0.806, 1.000]    0.750 [0.505, 0.898]    0.500 [0.280, 0.720]    0.625 [0.386, 0.815]    0.688 [0.444, 0.858]    0.938 [0.717, 0.989]    0.812 [0.570, 0.934]
rune-mach15       0.125 [0.035, 0.360]    0.750 [0.505, 0.898]    0.188 [0.066, 0.430]    0.938 [0.717, 0.989]    0.938 [0.717, 0.989]    1.000 [0.806, 1.000]    0.625 [0.386, 0.815]    0.375 [0.185, 0.614]    0.688 [0.444, 0.858]    0.938 [0.717, 0.989]    0.438 [0.231, 0.668]    0.250 [0.102, 0.495]    0.250 [0.102, 0.495]    0.250 [0.102, 0.495]    1.000 [0.806, 1.000]    0.750 [0.505, 0.898]
rune-pool         0.000 [0.000, 0.194]    0.250 [0.102, 0.495]    0.000 [0.000, 0.194]    0.625 [0.386, 0.815]    0.438 [0.231, 0.668]    0.812 [0.570, 0.934]    0.312 [0.142, 0.556]    0.000 [0.000, 0.194]    0.188 [0.066, 0.430]    0.375 [0.185, 0.614]    0.000 [0.000, 0.194]    0.125 [0.035, 0.360]    0.000 [0.000, 0.194]    0.000 [0.000, 0.194]    0.688 [0.444, 0.858]    0.000 [0.000, 0.194]
sword-pool        0.125 [0.035, 0.360]    0.688 [0.444, 0.858]    0.062 [0.011, 0.283]    0.938 [0.717, 0.989]    0.938 [0.717, 0.989]    1.000 [0.806, 1.000]    0.688 [0.444, 0.858]    0.188 [0.066, 0.430]    0.625 [0.386, 0.815]    0.750 [0.505, 0.898]    0.188 [0.066, 0.430]    0.375 [0.185, 0.614]    0.062 [0.011, 0.283]    0.375 [0.185, 0.614]    0.875 [0.640, 0.965]    0.688 [0.444, 0.858]

=== summary ===
h0:olethal=1,osteps=6,nodes=6000 vs h0:olethal=1,osteps=6
games: 4096  decisive: 4096  draws: 0
policy_a win rate: 0.521 [0.505, 0.536]
first-player win rate: 0.544
mean turns: 8.53  mean actions: 78.47
end: lethal=4096 deckout=0 turn_cap=0 action_cap=0 no_legal=0 illegal=0
5795.261s  0.71 games/s  cpus=28
per deck:
  abyss-p8rfn: policy_a (row) 0.859  policy_b (col) 0.812
  abyss-pool: policy_a (row) 0.469  policy_b (col) 0.383
  afnm-minatodao: policy_a (row) 0.844  policy_b (col) 0.805
  basic-forest: policy_a (row) 0.242  policy_b (col) 0.168
  basic-portal: policy_a (row) 0.266  policy_b (col) 0.219
  basic-rune: policy_a (row) 0.109  policy_b (col) 0.074
  dragon-pool: policy_a (row) 0.477  policy_b (col) 0.438
  elf-neanisu2: policy_a (row) 0.742  policy_b (col) 0.723
  forest-pool: policy_a (row) 0.516  policy_b (col) 0.449
  portal-pool: policy_a (row) 0.297  policy_b (col) 0.266
  ramp-37772: policy_a (row) 0.703  policy_b (col) 0.656
  ramp-claywies: policy_a (row) 0.688  policy_b (col) 0.672
  royal-nattui: policy_a (row) 0.754  policy_b (col) 0.715
  rune-mach15: policy_a (row) 0.594  policy_b (col) 0.598
  rune-pool: policy_a (row) 0.238  policy_b (col) 0.195
  sword-pool: policy_a (row) 0.535  policy_b (col) 0.496

4096 games in 5795.261s (0.7 games/s)
wrote C:\Users\agban\projects\arena\results\sweep7\c05-final.json
