matchup: 16 decks × 1 games = 256 games (seed=8, policy_a=h0:olethal=1,osteps=6,pess=0.5, policy_b=h0:olethal=1,osteps=6,pess=0.5, first=alternate, threads=None)
Win rate (row = A, col = B; cell = A's win rate)
                           abyss-p8rfn              abyss-pool          afnm-minatodao            basic-forest            basic-portal              basic-rune             dragon-pool            elf-neanisu2             forest-pool             portal-pool              ramp-37772           ramp-claywies            royal-nattui             rune-mach15               rune-pool              sword-pool
abyss-p8rfn                      0.000                   1.000                   1.000                   1.000                   1.000                   1.000                   1.000                   1.000                   1.000                   1.000                   1.000                   1.000                   1.000                   1.000                   1.000                   1.000
abyss-pool                       1.000                   1.000                   0.000                   1.000                   1.000                   1.000                   1.000                   0.000                   1.000                   0.000                   0.000                   1.000                   0.000                   1.000                   1.000                   0.000
afnm-minatodao                   1.000                   1.000                   0.000                   1.000                   1.000                   1.000                   1.000                   1.000                   1.000                   1.000                   1.000                   1.000                   1.000                   0.000                   1.000                   1.000
basic-forest                     0.000                   0.000                   0.000                   0.000                   1.000                   0.000                   0.000                   0.000                   0.000                   0.000                   0.000                   0.000                   0.000                   0.000                   0.000                   0.000
basic-portal                     0.000                   0.000                   0.000                   0.000                   1.000                   1.000                   1.000                   0.000                   1.000                   1.000                   0.000                   0.000                   0.000                   0.000                   1.000                   0.000
basic-rune                       0.000                   0.000                   0.000                   0.000                   0.000                   0.000                   0.000                   0.000                   0.000                   1.000                   0.000                   0.000                   0.000                   0.000                   1.000                   0.000
dragon-pool                      1.000                   0.000                   0.000                   1.000                   1.000                   1.000                   1.000                   0.000                   1.000                   1.000                   0.000                   0.000                   0.000                   1.000                   0.000                   1.000
elf-neanisu2                     1.000                   1.000                   1.000                   1.000                   1.000                   1.000                   1.000                   0.000                   1.000                   1.000                   1.000                   1.000                   0.000                   1.000                   1.000                   0.000
forest-pool                      0.000                   0.000                   0.000                   1.000                   1.000                   1.000                   0.000                   1.000                   1.000                   1.000                   0.000                   1.000                   0.000                   1.000                   1.000                   0.000
portal-pool                      0.000                   0.000                   0.000                   1.000                   1.000                   0.000                   1.000                   0.000                   0.000                   0.000                   0.000                   0.000                   0.000                   0.000                   1.000                   0.000
ramp-37772                       0.000                   0.000                   0.000                   1.000                   1.000                   1.000                   1.000                   0.000                   1.000                   1.000                   1.000                   0.000                   0.000                   1.000                   1.000                   1.000
ramp-claywies                    0.000                   1.000                   1.000                   1.000                   1.000                   1.000                   1.000                   1.000                   1.000                   1.000                   0.000                   1.000                   0.000                   1.000                   1.000                   1.000
royal-nattui                     0.000                   1.000                   0.000                   1.000                   1.000                   1.000                   1.000                   1.000                   1.000                   1.000                   1.000                   1.000                   1.000                   1.000                   1.000                   1.000
rune-mach15                      0.000                   1.000                   1.000                   1.000                   1.000                   1.000                   0.000                   1.000                   1.000                   1.000                   1.000                   0.000                   0.000                   0.000                   1.000                   1.000
rune-pool                        0.000                   1.000                   0.000                   1.000                   1.000                   0.000                   0.000                   0.000                   1.000                   0.000                   0.000                   0.000                   0.000                   0.000                   1.000                   0.000
sword-pool                       0.000                   1.000                   0.000                   1.000                   1.000                   1.000                   0.000                   1.000                   1.000                   1.000                   1.000                   0.000                   1.000                   0.000                   0.000                   1.000

First-player win rate / mean turns
                           abyss-p8rfn              abyss-pool          afnm-minatodao            basic-forest            basic-portal              basic-rune             dragon-pool            elf-neanisu2             forest-pool             portal-pool              ramp-37772           ramp-claywies            royal-nattui             rune-mach15               rune-pool              sword-pool
abyss-p8rfn              0.000 /  10.0           1.000 /   6.0           1.000 /   8.0           1.000 /   7.0           1.000 /   6.0           1.000 /   7.0           1.000 /   7.0           1.000 /   8.0           1.000 /   6.0           1.000 /   8.0           1.000 /   8.0           1.000 /   8.0           1.000 /   8.0           1.000 /   8.0           1.000 /   7.0           1.000 /   9.0
abyss-pool               1.000 /  10.0           1.000 /   8.0           0.000 /   7.0           1.000 /   6.0           1.000 /   9.0           1.000 /   7.0           1.000 /  11.0           0.000 /   8.0           1.000 /  14.0           0.000 /   8.0           0.000 /  10.0           1.000 /   8.0           0.000 /   8.0           1.000 /   9.0           1.000 /   6.0           0.000 /  11.0
afnm-minatodao           1.000 /   9.0           1.000 /   8.0           0.000 /   7.0           1.000 /   7.0           1.000 /   6.0           1.000 /   7.0           1.000 /   9.0           1.000 /   9.0           1.000 /  11.0           1.000 /   7.0           1.000 /   8.0           1.000 /  13.0           1.000 /  10.0           0.000 /  12.0           1.000 /   8.0           1.000 /   6.0
basic-forest             0.000 /   6.0           0.000 /   9.0           0.000 /   7.0           0.000 /   9.0           1.000 /  10.0           0.000 /  10.0           0.000 /   9.0           0.000 /   7.0           0.000 /   9.0           0.000 /   7.0           0.000 /   9.0           0.000 /  10.0           0.000 /   7.0           0.000 /   7.0           0.000 /   9.0           0.000 /   8.0
basic-portal             0.000 /   6.0           0.000 /   7.0           0.000 /   6.0           0.000 /   9.0           1.000 /   9.0           1.000 /   9.0           1.000 /  10.0           0.000 /   6.0           1.000 /   8.0           1.000 /   8.0           0.000 /   7.0           0.000 /   7.0           0.000 /  10.0           0.000 /   8.0           1.000 /  14.0           0.000 /  10.0
basic-rune               0.000 /   6.0           0.000 /   6.0           0.000 /   5.0           0.000 /   8.0           0.000 /   6.0           0.000 /   7.0           0.000 /   8.0           0.000 /   7.0           0.000 /   8.0           1.000 /   9.0           0.000 /   7.0           0.000 /   6.0           0.000 /   6.0           0.000 /   7.0           1.000 /   9.0           0.000 /   7.0
dragon-pool              1.000 /  11.0           0.000 /   5.0           0.000 /   8.0           1.000 /   6.0           1.000 /  10.0           1.000 /   7.0           1.000 /   9.0           0.000 /   6.0           1.000 /   8.0           1.000 /   8.0           0.000 /  12.0           0.000 /  10.0           0.000 /   6.0           1.000 /   8.0           0.000 /  14.0           1.000 /  10.0
elf-neanisu2             1.000 /   9.0           1.000 /   6.0           1.000 /  12.0           1.000 /   7.0           1.000 /   7.0           1.000 /   7.0           1.000 /   6.0           0.000 /   9.0           1.000 /   8.0           1.000 /   8.0           1.000 /  12.0           1.000 /   7.0           0.000 /   8.0           1.000 /   7.0           1.000 /  10.0           0.000 /  12.0
forest-pool              0.000 /   8.0           0.000 /  10.0           0.000 /   9.0           1.000 /   9.0           1.000 /  11.0           1.000 /   6.0           0.000 /   9.0           1.000 /   9.0           1.000 /  12.0           1.000 /   7.0           0.000 /  10.0           1.000 /   8.0           0.000 /  10.0           1.000 /  10.0           1.000 /  11.0           0.000 /  12.0
portal-pool              0.000 /   7.0           0.000 /   8.0           0.000 /   6.0           1.000 /  10.0           1.000 /   7.0           0.000 /   7.0           1.000 /   7.0           0.000 /   8.0           0.000 /   6.0           0.000 /  12.0           0.000 /   7.0           0.000 /   8.0           0.000 /   7.0           0.000 /   8.0           1.000 /   9.0           0.000 /   9.0
ramp-37772               0.000 /  10.0           0.000 /   7.0           0.000 /   6.0           1.000 /   9.0           1.000 /   9.0           1.000 /   8.0           1.000 /   8.0           0.000 /   7.0           1.000 /   8.0           1.000 /   7.0           1.000 /   8.0           0.000 /   8.0           0.000 /   8.0           1.000 /  12.0           1.000 /   8.0           1.000 /   8.0
ramp-claywies            0.000 /   8.0           1.000 /  10.0           1.000 /  11.0           1.000 /   9.0           1.000 /  10.0           1.000 /   9.0           1.000 /   8.0           1.000 /  12.0           1.000 /   8.0           1.000 /   8.0           0.000 /   8.0           1.000 /  16.0           0.000 /   7.0           1.000 /   7.0           1.000 /   6.0           1.000 /   7.0
royal-nattui             0.000 /   8.0           1.000 /   9.0           0.000 /   7.0           1.000 /  10.0           1.000 /   8.0           1.000 /   9.0           1.000 /  10.0           1.000 /  10.0           1.000 /  10.0           1.000 /   8.0           1.000 /   7.0           1.000 /   7.0           1.000 /   9.0           1.000 /   9.0           1.000 /   9.0           1.000 /   8.0
rune-mach15              0.000 /   8.0           1.000 /  10.0           1.000 /  10.0           1.000 /  10.0           1.000 /  11.0           1.000 /   8.0           0.000 /   7.0           1.000 /  10.0           1.000 /   8.0           1.000 /   6.0           1.000 /  10.0           0.000 /   8.0           0.000 /   8.0           0.000 /   9.0           1.000 /   8.0           1.000 /  12.0
rune-pool                0.000 /   6.0           1.000 /  13.0           0.000 /   7.0           1.000 /   9.0           1.000 /  10.0           0.000 /   8.0           0.000 /  13.0           0.000 /   9.0           1.000 /  10.0           0.000 /  14.0           0.000 /   8.0           0.000 /   9.0           0.000 /   5.0           0.000 /   8.0           1.000 /  17.0           0.000 /   9.0
sword-pool               0.000 /   6.0           1.000 /   8.0           0.000 /   5.0           1.000 /   8.0           1.000 /   8.0           1.000 /   7.0           0.000 /  15.0           1.000 /  10.0           1.000 /  11.0           1.000 /  10.0           1.000 /  10.0           0.000 /   7.0           1.000 /   8.0           0.000 /   6.0           0.000 /   9.0           1.000 /  10.0

A win rate over decisive games, Wilson 95% [lo, hi]
                           abyss-p8rfn              abyss-pool          afnm-minatodao            basic-forest            basic-portal              basic-rune             dragon-pool            elf-neanisu2             forest-pool             portal-pool              ramp-37772           ramp-claywies            royal-nattui             rune-mach15               rune-pool              sword-pool
abyss-p8rfn       0.000 [0.000, 0.793]    1.000 [0.207, 1.000]    1.000 [0.207, 1.000]    1.000 [0.207, 1.000]    1.000 [0.207, 1.000]    1.000 [0.207, 1.000]    1.000 [0.207, 1.000]    1.000 [0.207, 1.000]    1.000 [0.207, 1.000]    1.000 [0.207, 1.000]    1.000 [0.207, 1.000]    1.000 [0.207, 1.000]    1.000 [0.207, 1.000]    1.000 [0.207, 1.000]    1.000 [0.207, 1.000]    1.000 [0.207, 1.000]
abyss-pool        1.000 [0.207, 1.000]    1.000 [0.207, 1.000]    0.000 [0.000, 0.793]    1.000 [0.207, 1.000]    1.000 [0.207, 1.000]    1.000 [0.207, 1.000]    1.000 [0.207, 1.000]    0.000 [0.000, 0.793]    1.000 [0.207, 1.000]    0.000 [0.000, 0.793]    0.000 [0.000, 0.793]    1.000 [0.207, 1.000]    0.000 [0.000, 0.793]    1.000 [0.207, 1.000]    1.000 [0.207, 1.000]    0.000 [0.000, 0.793]
afnm-minatodao    1.000 [0.207, 1.000]    1.000 [0.207, 1.000]    0.000 [0.000, 0.793]    1.000 [0.207, 1.000]    1.000 [0.207, 1.000]    1.000 [0.207, 1.000]    1.000 [0.207, 1.000]    1.000 [0.207, 1.000]    1.000 [0.207, 1.000]    1.000 [0.207, 1.000]    1.000 [0.207, 1.000]    1.000 [0.207, 1.000]    1.000 [0.207, 1.000]    0.000 [0.000, 0.793]    1.000 [0.207, 1.000]    1.000 [0.207, 1.000]
basic-forest      0.000 [0.000, 0.793]    0.000 [0.000, 0.793]    0.000 [0.000, 0.793]    0.000 [0.000, 0.793]    1.000 [0.207, 1.000]    0.000 [0.000, 0.793]    0.000 [0.000, 0.793]    0.000 [0.000, 0.793]    0.000 [0.000, 0.793]    0.000 [0.000, 0.793]    0.000 [0.000, 0.793]    0.000 [0.000, 0.793]    0.000 [0.000, 0.793]    0.000 [0.000, 0.793]    0.000 [0.000, 0.793]    0.000 [0.000, 0.793]
basic-portal      0.000 [0.000, 0.793]    0.000 [0.000, 0.793]    0.000 [0.000, 0.793]    0.000 [0.000, 0.793]    1.000 [0.207, 1.000]    1.000 [0.207, 1.000]    1.000 [0.207, 1.000]    0.000 [0.000, 0.793]    1.000 [0.207, 1.000]    1.000 [0.207, 1.000]    0.000 [0.000, 0.793]    0.000 [0.000, 0.793]    0.000 [0.000, 0.793]    0.000 [0.000, 0.793]    1.000 [0.207, 1.000]    0.000 [0.000, 0.793]
basic-rune        0.000 [0.000, 0.793]    0.000 [0.000, 0.793]    0.000 [0.000, 0.793]    0.000 [0.000, 0.793]    0.000 [0.000, 0.793]    0.000 [0.000, 0.793]    0.000 [0.000, 0.793]    0.000 [0.000, 0.793]    0.000 [0.000, 0.793]    1.000 [0.207, 1.000]    0.000 [0.000, 0.793]    0.000 [0.000, 0.793]    0.000 [0.000, 0.793]    0.000 [0.000, 0.793]    1.000 [0.207, 1.000]    0.000 [0.000, 0.793]
dragon-pool       1.000 [0.207, 1.000]    0.000 [0.000, 0.793]    0.000 [0.000, 0.793]    1.000 [0.207, 1.000]    1.000 [0.207, 1.000]    1.000 [0.207, 1.000]    1.000 [0.207, 1.000]    0.000 [0.000, 0.793]    1.000 [0.207, 1.000]    1.000 [0.207, 1.000]    0.000 [0.000, 0.793]    0.000 [0.000, 0.793]    0.000 [0.000, 0.793]    1.000 [0.207, 1.000]    0.000 [0.000, 0.793]    1.000 [0.207, 1.000]
elf-neanisu2      1.000 [0.207, 1.000]    1.000 [0.207, 1.000]    1.000 [0.207, 1.000]    1.000 [0.207, 1.000]    1.000 [0.207, 1.000]    1.000 [0.207, 1.000]    1.000 [0.207, 1.000]    0.000 [0.000, 0.793]    1.000 [0.207, 1.000]    1.000 [0.207, 1.000]    1.000 [0.207, 1.000]    1.000 [0.207, 1.000]    0.000 [0.000, 0.793]    1.000 [0.207, 1.000]    1.000 [0.207, 1.000]    0.000 [0.000, 0.793]
forest-pool       0.000 [0.000, 0.793]    0.000 [0.000, 0.793]    0.000 [0.000, 0.793]    1.000 [0.207, 1.000]    1.000 [0.207, 1.000]    1.000 [0.207, 1.000]    0.000 [0.000, 0.793]    1.000 [0.207, 1.000]    1.000 [0.207, 1.000]    1.000 [0.207, 1.000]    0.000 [0.000, 0.793]    1.000 [0.207, 1.000]    0.000 [0.000, 0.793]    1.000 [0.207, 1.000]    1.000 [0.207, 1.000]    0.000 [0.000, 0.793]
portal-pool       0.000 [0.000, 0.793]    0.000 [0.000, 0.793]    0.000 [0.000, 0.793]    1.000 [0.207, 1.000]    1.000 [0.207, 1.000]    0.000 [0.000, 0.793]    1.000 [0.207, 1.000]    0.000 [0.000, 0.793]    0.000 [0.000, 0.793]    0.000 [0.000, 0.793]    0.000 [0.000, 0.793]    0.000 [0.000, 0.793]    0.000 [0.000, 0.793]    0.000 [0.000, 0.793]    1.000 [0.207, 1.000]    0.000 [0.000, 0.793]
ramp-37772        0.000 [0.000, 0.793]    0.000 [0.000, 0.793]    0.000 [0.000, 0.793]    1.000 [0.207, 1.000]    1.000 [0.207, 1.000]    1.000 [0.207, 1.000]    1.000 [0.207, 1.000]    0.000 [0.000, 0.793]    1.000 [0.207, 1.000]    1.000 [0.207, 1.000]    1.000 [0.207, 1.000]    0.000 [0.000, 0.793]    0.000 [0.000, 0.793]    1.000 [0.207, 1.000]    1.000 [0.207, 1.000]    1.000 [0.207, 1.000]
ramp-claywies     0.000 [0.000, 0.793]    1.000 [0.207, 1.000]    1.000 [0.207, 1.000]    1.000 [0.207, 1.000]    1.000 [0.207, 1.000]    1.000 [0.207, 1.000]    1.000 [0.207, 1.000]    1.000 [0.207, 1.000]    1.000 [0.207, 1.000]    1.000 [0.207, 1.000]    0.000 [0.000, 0.793]    1.000 [0.207, 1.000]    0.000 [0.000, 0.793]    1.000 [0.207, 1.000]    1.000 [0.207, 1.000]    1.000 [0.207, 1.000]
royal-nattui      0.000 [0.000, 0.793]    1.000 [0.207, 1.000]    0.000 [0.000, 0.793]    1.000 [0.207, 1.000]    1.000 [0.207, 1.000]    1.000 [0.207, 1.000]    1.000 [0.207, 1.000]    1.000 [0.207, 1.000]    1.000 [0.207, 1.000]    1.000 [0.207, 1.000]    1.000 [0.207, 1.000]    1.000 [0.207, 1.000]    1.000 [0.207, 1.000]    1.000 [0.207, 1.000]    1.000 [0.207, 1.000]    1.000 [0.207, 1.000]
rune-mach15       0.000 [0.000, 0.793]    1.000 [0.207, 1.000]    1.000 [0.207, 1.000]    1.000 [0.207, 1.000]    1.000 [0.207, 1.000]    1.000 [0.207, 1.000]    0.000 [0.000, 0.793]    1.000 [0.207, 1.000]    1.000 [0.207, 1.000]    1.000 [0.207, 1.000]    1.000 [0.207, 1.000]    0.000 [0.000, 0.793]    0.000 [0.000, 0.793]    0.000 [0.000, 0.793]    1.000 [0.207, 1.000]    1.000 [0.207, 1.000]
rune-pool         0.000 [0.000, 0.793]    1.000 [0.207, 1.000]    0.000 [0.000, 0.793]    1.000 [0.207, 1.000]    1.000 [0.207, 1.000]    0.000 [0.000, 0.793]    0.000 [0.000, 0.793]    0.000 [0.000, 0.793]    1.000 [0.207, 1.000]    0.000 [0.000, 0.793]    0.000 [0.000, 0.793]    0.000 [0.000, 0.793]    0.000 [0.000, 0.793]    0.000 [0.000, 0.793]    1.000 [0.207, 1.000]    0.000 [0.000, 0.793]
sword-pool        0.000 [0.000, 0.793]    1.000 [0.207, 1.000]    0.000 [0.000, 0.793]    1.000 [0.207, 1.000]    1.000 [0.207, 1.000]    1.000 [0.207, 1.000]    0.000 [0.000, 0.793]    1.000 [0.207, 1.000]    1.000 [0.207, 1.000]    1.000 [0.207, 1.000]    1.000 [0.207, 1.000]    0.000 [0.000, 0.793]    1.000 [0.207, 1.000]    0.000 [0.000, 0.793]    0.000 [0.000, 0.793]    1.000 [0.207, 1.000]

=== summary ===
h0:olethal=1,osteps=6,pess=0.5 vs h0:olethal=1,osteps=6,pess=0.5
games: 256  decisive: 256  draws: 0
policy_a win rate: 0.570 [0.509, 0.629]
first-player win rate: 0.570
mean turns: 8.50  mean actions: 78.43
end: lethal=256 deckout=0 turn_cap=0 action_cap=0 no_legal=0 illegal=0
219.916s  1.16 games/s  cpus=28
per deck:
  abyss-p8rfn: policy_a (row) 0.938  policy_b (col) 0.750
  abyss-pool: policy_a (row) 0.625  policy_b (col) 0.438
  afnm-minatodao: policy_a (row) 0.875  policy_b (col) 0.750
  basic-forest: policy_a (row) 0.062  policy_b (col) 0.188
  basic-portal: policy_a (row) 0.375  policy_b (col) 0.062
  basic-rune: policy_a (row) 0.125  policy_b (col) 0.250
  dragon-pool: policy_a (row) 0.562  policy_b (col) 0.375
  elf-neanisu2: policy_a (row) 0.812  policy_b (col) 0.562
  forest-pool: policy_a (row) 0.562  policy_b (col) 0.188
  portal-pool: policy_a (row) 0.250  policy_b (col) 0.250
  ramp-37772: policy_a (row) 0.625  policy_b (col) 0.562
  ramp-claywies: policy_a (row) 0.812  policy_b (col) 0.562
  royal-nattui: policy_a (row) 0.875  policy_b (col) 0.750
  rune-mach15: policy_a (row) 0.688  policy_b (col) 0.500
  rune-pool: policy_a (row) 0.312  policy_b (col) 0.188
  sword-pool: policy_a (row) 0.625  policy_b (col) 0.500

256 games in 219.916s (1.2 games/s)
wrote C:\Users\agban\projects\arena\results\sweep7\tp-c04.json
