pool: meta
decks: 16 (meta-abyss-aggro, meta-abyss-midrange, meta-dragon-aggro, meta-dragon-ramp, meta-forest-combo, meta-haven-amulet, meta-haven-evo, meta-haven-kukishiro, meta-portal-af, meta-portal-cutthroat, meta-portal-evo, meta-rune-crystal, meta-rune-spell, meta-rune-test-subject, meta-sword-loot, meta-sword-rally)
pairs: 256 (16 x 16, mirrors included)
games    16 games/pair x 256 =  4096
matchup: 16 decks × 16 games = 4096 games (seed=2, policy_a=h0:nodes=16000,horizon=3,net=engine/models/h0-linear-v2.json, policy_b=h0:nodes=16000,net=engine/models/h0-linear-v2.json, first=alternate, threads=None)
Win rate (row = A, col = B; cell = A's win rate)
                              meta-abyss-aggro     meta-abyss-midrange       meta-dragon-aggro        meta-dragon-ramp       meta-forest-combo       meta-haven-amulet          meta-haven-evo    meta-haven-kukishiro          meta-portal-af   meta-portal-cutthroat         meta-portal-evo       meta-rune-crystal         meta-rune-spell  meta-rune-test-subject         meta-sword-loot        meta-sword-rally
meta-abyss-aggro                         0.688                   0.312                   0.312                   0.625                   0.375                   0.500                   0.562                   0.625                   0.312                   0.312                   0.500                   0.500                   0.625                   0.375                   0.438                   0.438
meta-abyss-midrange                      0.812                   0.250                   0.688                   0.750                   0.750                   0.438                   0.500                   1.000                   0.812                   0.688                   0.562                   0.938                   0.812                   0.688                   0.562                   0.562
meta-dragon-aggro                        0.625                   0.125                   0.562                   0.688                   0.562                   0.812                   0.625                   0.750                   0.375                   0.438                   0.188                   0.625                   0.438                   0.375                   0.625                   0.312
meta-dragon-ramp                         0.312                   0.125                   0.250                   0.438                   0.062                   0.625                   0.250                   0.938                   0.188                   0.438                   0.250                   0.438                   0.688                   0.500                   0.438                   0.188
meta-forest-combo                        0.625                   0.438                   0.688                   0.688                   0.500                   0.625                   0.375                   1.000                   0.062                   0.438                   0.375                   0.625                   0.750                   0.500                   0.625                   0.312
meta-haven-amulet                        0.312                   0.312                   0.250                   0.375                   0.438                   0.562                   0.375                   1.000                   0.125                   0.250                   0.250                   0.438                   0.812                   0.312                   0.562                   0.250
meta-haven-evo                           0.500                   0.750                   0.750                   0.438                   0.500                   0.812                   0.688                   1.000                   0.812                   0.750                   0.750                   0.938                   0.812                   0.688                   0.688                   0.688
meta-haven-kukishiro                     0.250                   0.000                   0.438                   0.062                   0.125                   0.000                   0.000                   0.500                   0.000                   0.125                   0.000                   0.250                   0.250                   0.000                   0.000                   0.000
meta-portal-af                           0.562                   0.438                   0.750                   0.812                   0.688                   0.812                   0.062                   1.000                   0.625                   0.625                   0.562                   0.938                   0.750                   0.625                   0.875                   0.562
meta-portal-cutthroat                    0.312                   0.188                   0.688                   0.500                   0.375                   0.688                   0.250                   1.000                   0.500                   0.375                   0.500                   0.812                   0.625                   0.500                   0.562                   0.250
meta-portal-evo                          0.812                   0.562                   0.750                   0.750                   0.812                   0.688                   0.250                   0.938                   0.688                   0.562                   0.312                   0.812                   0.875                   0.688                   0.688                   0.562
meta-rune-crystal                        0.625                   0.062                   0.562                   0.625                   0.312                   0.625                   0.125                   0.812                   0.188                   0.438                   0.062                   0.562                   0.312                   0.312                   0.438                   0.125
meta-rune-spell                          0.625                   0.062                   0.438                   0.312                   0.500                   0.188                   0.250                   0.938                   0.500                   0.562                   0.250                   0.438                   0.562                   0.312                   0.438                   0.250
meta-rune-test-subject                   0.562                   0.500                   0.562                   0.688                   0.688                   0.688                   0.500                   1.000                   0.438                   0.562                   0.312                   0.625                   0.562                   0.688                   0.562                   0.625
meta-sword-loot                          0.625                   0.312                   0.688                   1.000                   0.500                   0.688                   0.625                   0.938                   0.375                   0.562                   0.188                   0.688                   0.562                   0.688                   0.375                   0.188
meta-sword-rally                         0.688                   0.375                   0.688                   0.812                   0.625                   0.875                   0.500                   0.875                   0.375                   0.688                   0.562                   0.875                   0.938                   0.375                   0.875                   0.625

First-player win rate / mean turns
                              meta-abyss-aggro     meta-abyss-midrange       meta-dragon-aggro        meta-dragon-ramp       meta-forest-combo       meta-haven-amulet          meta-haven-evo    meta-haven-kukishiro          meta-portal-af   meta-portal-cutthroat         meta-portal-evo       meta-rune-crystal         meta-rune-spell  meta-rune-test-subject         meta-sword-loot        meta-sword-rally
meta-abyss-aggro                 0.688 /   6.5           0.312 /   6.9           0.188 /   7.5           0.500 /   7.0           0.500 /   7.9           0.750 /   8.8           0.438 /   7.8           0.500 /   9.8           0.562 /   7.7           0.688 /   7.8           0.500 /   7.2           0.375 /   8.2           0.500 /   6.8           0.375 /   7.2           0.688 /   7.3           0.438 /   7.6
meta-abyss-midrange              0.438 /   7.1           0.625 /   8.7           0.688 /   7.7           0.375 /   8.2           0.500 /   8.7           0.438 /  10.2           0.500 /   8.1           0.500 /   8.2           0.562 /   9.2           0.438 /   8.2           0.562 /   8.1           0.438 /   8.2           0.438 /   8.2           0.438 /   7.9           0.812 /   8.2           0.688 /   8.2
meta-dragon-aggro                0.375 /   7.1           0.500 /   7.9           0.688 /   6.8           0.312 /   7.9           0.562 /   8.0           0.562 /   7.9           0.500 /   7.7           0.625 /  10.1           0.375 /   7.3           0.438 /   7.8           0.562 /   7.9           0.625 /   7.6           0.438 /   7.6           0.500 /   7.6           0.625 /   8.2           0.312 /   7.3
meta-dragon-ramp                 0.562 /   6.6           0.375 /   8.3           0.625 /   8.1           0.812 /   9.2           0.562 /   7.4           0.250 /  11.0           0.375 /   9.6           0.562 /  11.3           0.438 /   8.1           0.438 /  10.0           0.500 /   8.6           0.438 /   8.3           0.562 /   8.9           0.625 /   8.6           0.438 /   8.6           0.438 /   7.2
meta-forest-combo                0.500 /   7.2           0.688 /   8.4           0.688 /   8.1           0.438 /   8.4           0.500 /   8.4           0.375 /   9.8           0.625 /   9.8           0.500 /   9.4           0.438 /   9.0           0.562 /   9.4           0.750 /   9.0           0.750 /   9.0           0.375 /   7.9           0.500 /   8.1           0.500 /   8.7           0.562 /   8.2
meta-haven-amulet                0.438 /   7.4           0.688 /  10.7           0.375 /   7.6           0.375 /  11.7           0.562 /  10.5           0.562 /  13.9           0.625 /  12.3           0.500 /  14.4           0.625 /   9.5           0.625 /   9.8           0.625 /   9.8           0.688 /   9.9           0.688 /  11.3           0.562 /   9.6           0.438 /   9.6           0.750 /   8.7
meta-haven-evo                   0.625 /   7.5           0.625 /   8.8           0.750 /   8.0           0.688 /  11.2           0.750 /   9.2           0.438 /  11.0           0.438 /  11.2           0.500 /  11.6           0.562 /   9.3           0.625 /   9.6           0.375 /   9.2           0.562 /   9.2           0.562 /   9.5           0.688 /   9.2           0.438 /   8.9           0.562 /   9.4
meta-haven-kukishiro             0.375 /   8.0           0.500 /   8.7           0.438 /  10.0           0.438 /  12.0           0.500 /  10.4           0.500 /  15.2           0.500 /  10.8           0.375 /  17.0           0.500 /   9.7           0.500 /  11.3           0.500 /   9.8           0.625 /  11.6           0.375 /  10.6           0.500 /  10.0           0.500 /  10.0           0.500 /   8.2
meta-portal-af                   0.562 /   7.4           0.562 /   8.9           0.625 /   8.1           0.562 /   8.6           0.812 /   9.1           0.562 /   9.6           0.562 /   9.9           0.500 /   9.1           0.750 /   9.6           0.750 /   9.4           0.562 /   8.4           0.562 /   8.5           0.750 /   7.8           0.625 /   9.2           0.500 /   8.4           0.438 /   9.3
meta-portal-cutthroat            0.438 /   7.2           0.438 /   8.2           0.438 /   8.1           0.375 /   8.8           0.500 /   8.9           0.438 /  11.2           0.625 /   9.9           0.500 /  10.5           0.500 /   9.4           0.500 /   8.8           0.500 /   8.9           0.562 /   9.2           0.625 /   8.9           0.625 /   9.4           0.438 /   7.9           0.500 /   8.4
meta-portal-evo                  0.438 /   7.5           0.562 /   8.9           0.750 /   7.9           0.625 /   9.2           0.562 /   8.6           0.438 /   9.9           0.500 /  10.1           0.562 /   9.0           0.562 /   8.3           0.562 /   9.9           0.562 /   8.4           0.438 /   8.2           0.500 /   8.2           0.438 /   8.2           0.438 /   8.7           0.562 /   8.9
meta-rune-crystal                0.625 /   8.2           0.562 /   8.3           0.688 /   8.5           0.500 /   8.6           0.812 /   8.8           0.625 /   8.7           0.625 /  10.0           0.562 /   9.7           0.438 /   8.6           0.562 /   8.8           0.438 /   8.2           0.812 /   8.8           0.438 /   8.1           0.438 /   8.9           0.688 /   9.4           0.625 /   7.9
meta-rune-spell                  0.500 /   7.1           0.438 /   8.8           0.312 /   7.4           0.438 /   9.5           0.375 /   7.9           0.562 /  11.8           0.625 /   9.6           0.562 /   9.8           0.500 /   8.8           0.688 /   9.1           0.500 /   9.8           0.312 /   7.6           0.688 /   8.8           0.562 /   9.0           0.312 /   7.5           0.625 /   8.3
meta-rune-test-subject           0.438 /   8.1           0.750 /   8.9           0.562 /   7.8           0.562 /   8.2           0.438 /   8.6           0.438 /  10.1           0.500 /   9.4           0.500 /   9.9           0.438 /   9.5           0.688 /   9.2           0.562 /   8.8           0.625 /   8.3           0.562 /   8.0           0.562 /   8.4           0.562 /   7.9           0.625 /   8.6
meta-sword-loot                  0.625 /   7.2           0.438 /   8.3           0.688 /   8.4           0.500 /   7.4           0.625 /   9.4           0.688 /   9.2           0.625 /   8.4           0.438 /   9.4           0.625 /   8.7           0.562 /   8.7           0.562 /   7.8           0.688 /   8.9           0.812 /   9.0           0.312 /   7.5           0.750 /   8.0           0.688 /   8.1
meta-sword-rally                 0.438 /   7.0           0.500 /   7.9           0.688 /   7.5           0.688 /   7.1           0.625 /   8.9           0.500 /  10.1           0.500 /   8.6           0.500 /   8.1           0.750 /   9.4           0.562 /   8.6           0.688 /   8.8           0.625 /   8.1           0.562 /   7.9           0.625 /   8.4           0.625 /   8.1           0.750 /   8.2

A win rate over decisive games, Wilson 95% [lo, hi]
                              meta-abyss-aggro     meta-abyss-midrange       meta-dragon-aggro        meta-dragon-ramp       meta-forest-combo       meta-haven-amulet          meta-haven-evo    meta-haven-kukishiro          meta-portal-af   meta-portal-cutthroat         meta-portal-evo       meta-rune-crystal         meta-rune-spell  meta-rune-test-subject         meta-sword-loot        meta-sword-rally
meta-abyss-aggro          0.688 [0.444, 0.858]    0.312 [0.142, 0.556]    0.312 [0.142, 0.556]    0.625 [0.386, 0.815]    0.375 [0.185, 0.614]    0.500 [0.280, 0.720]    0.562 [0.332, 0.769]    0.625 [0.386, 0.815]    0.312 [0.142, 0.556]    0.312 [0.142, 0.556]    0.500 [0.280, 0.720]    0.500 [0.280, 0.720]    0.625 [0.386, 0.815]    0.375 [0.185, 0.614]    0.438 [0.231, 0.668]    0.438 [0.231, 0.668]
meta-abyss-midrange       0.812 [0.570, 0.934]    0.250 [0.102, 0.495]    0.688 [0.444, 0.858]    0.750 [0.505, 0.898]    0.750 [0.505, 0.898]    0.438 [0.231, 0.668]    0.500 [0.280, 0.720]    1.000 [0.806, 1.000]    0.812 [0.570, 0.934]    0.688 [0.444, 0.858]    0.562 [0.332, 0.769]    0.938 [0.717, 0.989]    0.812 [0.570, 0.934]    0.688 [0.444, 0.858]    0.562 [0.332, 0.769]    0.562 [0.332, 0.769]
meta-dragon-aggro         0.625 [0.386, 0.815]    0.125 [0.035, 0.360]    0.562 [0.332, 0.769]    0.688 [0.444, 0.858]    0.562 [0.332, 0.769]    0.812 [0.570, 0.934]    0.625 [0.386, 0.815]    0.750 [0.505, 0.898]    0.375 [0.185, 0.614]    0.438 [0.231, 0.668]    0.188 [0.066, 0.430]    0.625 [0.386, 0.815]    0.438 [0.231, 0.668]    0.375 [0.185, 0.614]    0.625 [0.386, 0.815]    0.312 [0.142, 0.556]
meta-dragon-ramp          0.312 [0.142, 0.556]    0.125 [0.035, 0.360]    0.250 [0.102, 0.495]    0.438 [0.231, 0.668]    0.062 [0.011, 0.283]    0.625 [0.386, 0.815]    0.250 [0.102, 0.495]    0.938 [0.717, 0.989]    0.188 [0.066, 0.430]    0.438 [0.231, 0.668]    0.250 [0.102, 0.495]    0.438 [0.231, 0.668]    0.688 [0.444, 0.858]    0.500 [0.280, 0.720]    0.438 [0.231, 0.668]    0.188 [0.066, 0.430]
meta-forest-combo         0.625 [0.386, 0.815]    0.438 [0.231, 0.668]    0.688 [0.444, 0.858]    0.688 [0.444, 0.858]    0.500 [0.280, 0.720]    0.625 [0.386, 0.815]    0.375 [0.185, 0.614]    1.000 [0.806, 1.000]    0.062 [0.011, 0.283]    0.438 [0.231, 0.668]    0.375 [0.185, 0.614]    0.625 [0.386, 0.815]    0.750 [0.505, 0.898]    0.500 [0.280, 0.720]    0.625 [0.386, 0.815]    0.312 [0.142, 0.556]
meta-haven-amulet         0.312 [0.142, 0.556]    0.312 [0.142, 0.556]    0.250 [0.102, 0.495]    0.375 [0.185, 0.614]    0.438 [0.231, 0.668]    0.562 [0.332, 0.769]    0.375 [0.185, 0.614]    1.000 [0.806, 1.000]    0.125 [0.035, 0.360]    0.250 [0.102, 0.495]    0.250 [0.102, 0.495]    0.438 [0.231, 0.668]    0.812 [0.570, 0.934]    0.312 [0.142, 0.556]    0.562 [0.332, 0.769]    0.250 [0.102, 0.495]
meta-haven-evo            0.500 [0.280, 0.720]    0.750 [0.505, 0.898]    0.750 [0.505, 0.898]    0.438 [0.231, 0.668]    0.500 [0.280, 0.720]    0.812 [0.570, 0.934]    0.688 [0.444, 0.858]    1.000 [0.806, 1.000]    0.812 [0.570, 0.934]    0.750 [0.505, 0.898]    0.750 [0.505, 0.898]    0.938 [0.717, 0.989]    0.812 [0.570, 0.934]    0.688 [0.444, 0.858]    0.688 [0.444, 0.858]    0.688 [0.444, 0.858]
meta-haven-kukishiro      0.250 [0.102, 0.495]    0.000 [0.000, 0.194]    0.438 [0.231, 0.668]    0.062 [0.011, 0.283]    0.125 [0.035, 0.360]    0.000 [0.000, 0.194]    0.000 [0.000, 0.194]    0.500 [0.280, 0.720]    0.000 [0.000, 0.194]    0.125 [0.035, 0.360]    0.000 [0.000, 0.194]    0.250 [0.102, 0.495]    0.250 [0.102, 0.495]    0.000 [0.000, 0.194]    0.000 [0.000, 0.194]    0.000 [0.000, 0.194]
meta-portal-af            0.562 [0.332, 0.769]    0.438 [0.231, 0.668]    0.750 [0.505, 0.898]    0.812 [0.570, 0.934]    0.688 [0.444, 0.858]    0.812 [0.570, 0.934]    0.062 [0.011, 0.283]    1.000 [0.806, 1.000]    0.625 [0.386, 0.815]    0.625 [0.386, 0.815]    0.562 [0.332, 0.769]    0.938 [0.717, 0.989]    0.750 [0.505, 0.898]    0.625 [0.386, 0.815]    0.875 [0.640, 0.965]    0.562 [0.332, 0.769]
meta-portal-cutthroat     0.312 [0.142, 0.556]    0.188 [0.066, 0.430]    0.688 [0.444, 0.858]    0.500 [0.280, 0.720]    0.375 [0.185, 0.614]    0.688 [0.444, 0.858]    0.250 [0.102, 0.495]    1.000 [0.806, 1.000]    0.500 [0.280, 0.720]    0.375 [0.185, 0.614]    0.500 [0.280, 0.720]    0.812 [0.570, 0.934]    0.625 [0.386, 0.815]    0.500 [0.280, 0.720]    0.562 [0.332, 0.769]    0.250 [0.102, 0.495]
meta-portal-evo           0.812 [0.570, 0.934]    0.562 [0.332, 0.769]    0.750 [0.505, 0.898]    0.750 [0.505, 0.898]    0.812 [0.570, 0.934]    0.688 [0.444, 0.858]    0.250 [0.102, 0.495]    0.938 [0.717, 0.989]    0.688 [0.444, 0.858]    0.562 [0.332, 0.769]    0.312 [0.142, 0.556]    0.812 [0.570, 0.934]    0.875 [0.640, 0.965]    0.688 [0.444, 0.858]    0.688 [0.444, 0.858]    0.562 [0.332, 0.769]
meta-rune-crystal         0.625 [0.386, 0.815]    0.062 [0.011, 0.283]    0.562 [0.332, 0.769]    0.625 [0.386, 0.815]    0.312 [0.142, 0.556]    0.625 [0.386, 0.815]    0.125 [0.035, 0.360]    0.812 [0.570, 0.934]    0.188 [0.066, 0.430]    0.438 [0.231, 0.668]    0.062 [0.011, 0.283]    0.562 [0.332, 0.769]    0.312 [0.142, 0.556]    0.312 [0.142, 0.556]    0.438 [0.231, 0.668]    0.125 [0.035, 0.360]
meta-rune-spell           0.625 [0.386, 0.815]    0.062 [0.011, 0.283]    0.438 [0.231, 0.668]    0.312 [0.142, 0.556]    0.500 [0.280, 0.720]    0.188 [0.066, 0.430]    0.250 [0.102, 0.495]    0.938 [0.717, 0.989]    0.500 [0.280, 0.720]    0.562 [0.332, 0.769]    0.250 [0.102, 0.495]    0.438 [0.231, 0.668]    0.562 [0.332, 0.769]    0.312 [0.142, 0.556]    0.438 [0.231, 0.668]    0.250 [0.102, 0.495]
meta-rune-test-subject    0.562 [0.332, 0.769]    0.500 [0.280, 0.720]    0.562 [0.332, 0.769]    0.688 [0.444, 0.858]    0.688 [0.444, 0.858]    0.688 [0.444, 0.858]    0.500 [0.280, 0.720]    1.000 [0.806, 1.000]    0.438 [0.231, 0.668]    0.562 [0.332, 0.769]    0.312 [0.142, 0.556]    0.625 [0.386, 0.815]    0.562 [0.332, 0.769]    0.688 [0.444, 0.858]    0.562 [0.332, 0.769]    0.625 [0.386, 0.815]
meta-sword-loot           0.625 [0.386, 0.815]    0.312 [0.142, 0.556]    0.688 [0.444, 0.858]    1.000 [0.806, 1.000]    0.500 [0.280, 0.720]    0.688 [0.444, 0.858]    0.625 [0.386, 0.815]    0.938 [0.717, 0.989]    0.375 [0.185, 0.614]    0.562 [0.332, 0.769]    0.188 [0.066, 0.430]    0.688 [0.444, 0.858]    0.562 [0.332, 0.769]    0.688 [0.444, 0.858]    0.375 [0.185, 0.614]    0.188 [0.066, 0.430]
meta-sword-rally          0.688 [0.444, 0.858]    0.375 [0.185, 0.614]    0.688 [0.444, 0.858]    0.812 [0.570, 0.934]    0.625 [0.386, 0.815]    0.875 [0.640, 0.965]    0.500 [0.280, 0.720]    0.875 [0.640, 0.965]    0.375 [0.185, 0.614]    0.688 [0.444, 0.858]    0.562 [0.332, 0.769]    0.875 [0.640, 0.965]    0.938 [0.717, 0.989]    0.375 [0.185, 0.614]    0.875 [0.640, 0.965]    0.625 [0.386, 0.815]

=== summary ===
h0:nodes=16000,horizon=3,net=engine/models/h0-linear-v2.json vs h0:nodes=16000,net=engine/models/h0-linear-v2.json
games: 4096  decisive: 4096  draws: 0
policy_a win rate: 0.520 [0.504, 0.535]
first-player win rate: 0.542
mean turns: 8.84  mean actions: 89.93
end: lethal=4057 deckout=39 turn_cap=0 action_cap=0 no_legal=0 illegal=0
13720.292s  0.30 games/s  cpus=28
per deck:
  meta-abyss-aggro: policy_a (row) 0.469  policy_b (col) 0.441
  meta-abyss-midrange: policy_a (row) 0.676  policy_b (col) 0.699
  meta-dragon-aggro: policy_a (row) 0.508  policy_b (col) 0.434
  meta-dragon-ramp: policy_a (row) 0.383  policy_b (col) 0.402
  meta-forest-combo: policy_a (row) 0.539  policy_b (col) 0.512
  meta-haven-amulet: policy_a (row) 0.414  policy_b (col) 0.398
  meta-haven-evo: policy_a (row) 0.723  policy_b (col) 0.629
  meta-haven-kukishiro: policy_a (row) 0.125  policy_b (col) 0.105
  meta-portal-af: policy_a (row) 0.668  policy_b (col) 0.602
  meta-portal-cutthroat: policy_a (row) 0.508  policy_b (col) 0.512
  meta-portal-evo: policy_a (row) 0.672  policy_b (col) 0.648
  meta-rune-crystal: policy_a (row) 0.387  policy_b (col) 0.344
  meta-rune-spell: policy_a (row) 0.414  policy_b (col) 0.352
  meta-rune-test-subject: policy_a (row) 0.598  policy_b (col) 0.523
  meta-sword-loot: policy_a (row) 0.562  policy_b (col) 0.453
  meta-sword-rally: policy_a (row) 0.672  policy_b (col) 0.629

4096 games in 13720.292s (0.3 games/s)
wrote C:\Users\agban\projects\arena\results\sweep15b\c01-final.json
