pool: meta
decks: 16 (meta-abyss-aggro, meta-abyss-midrange, meta-dragon-aggro, meta-dragon-ramp, meta-forest-combo, meta-haven-amulet, meta-haven-evo, meta-haven-kukishiro, meta-portal-af, meta-portal-cutthroat, meta-portal-evo, meta-rune-crystal, meta-rune-spell, meta-rune-test-subject, meta-sword-loot, meta-sword-rally)
pairs: 256 (16 x 16, mirrors included)
games    24 games/pair x 256 =  6144
matchup: 16 decks × 24 games = 6144 games (seed=13, policy_a=h0, policy_b=h0, first=alternate, threads=None)
Win rate (row = A, col = B; cell = A's win rate)
                              meta-abyss-aggro     meta-abyss-midrange       meta-dragon-aggro        meta-dragon-ramp       meta-forest-combo       meta-haven-amulet          meta-haven-evo    meta-haven-kukishiro          meta-portal-af   meta-portal-cutthroat         meta-portal-evo       meta-rune-crystal         meta-rune-spell  meta-rune-test-subject         meta-sword-loot        meta-sword-rally
meta-abyss-aggro                         0.667                   0.333                   0.625                   0.750                   0.208                   0.875                   0.708                   0.917                   0.375                   0.500                   0.417                   0.667                   0.500                   0.500                   0.542                   0.417
meta-abyss-midrange                      0.500                   0.375                   0.542                   0.625                   0.625                   0.833                   0.458                   0.958                   0.625                   0.708                   0.333                   0.667                   0.792                   0.792                   0.667                   0.375
meta-dragon-aggro                        0.583                   0.167                   0.375                   0.667                   0.542                   0.875                   0.500                   0.792                   0.250                   0.375                   0.333                   0.708                   0.583                   0.375                   0.542                   0.417
meta-dragon-ramp                         0.417                   0.333                   0.375                   0.500                   0.250                   0.708                   0.542                   0.917                   0.458                   0.500                   0.375                   0.625                   0.500                   0.750                   0.292                   0.417
meta-forest-combo                        0.542                   0.333                   0.750                   0.625                   0.417                   0.708                   0.250                   0.792                   0.208                   0.708                   0.292                   0.750                   0.750                   0.667                   0.417                   0.125
meta-haven-amulet                        0.333                   0.167                   0.333                   0.042                   0.583                   0.542                   0.083                   0.875                   0.042                   0.167                   0.083                   0.417                   0.833                   0.458                   0.292                   0.208
meta-haven-evo                           0.292                   0.583                   0.333                   0.667                   0.625                   0.750                   0.375                   0.833                   0.500                   0.750                   0.167                   0.833                   0.458                   0.917                   0.375                   0.333
meta-haven-kukishiro                     0.208                   0.042                   0.208                   0.042                   0.292                   0.083                   0.042                   0.667                   0.000                   0.083                   0.083                   0.375                   0.250                   0.083                   0.083                   0.042
meta-portal-af                           0.625                   0.500                   0.750                   0.542                   0.917                   0.917                   0.542                   0.917                   0.542                   0.542                   0.500                   0.875                   0.625                   0.833                   0.625                   0.625
meta-portal-cutthroat                    0.542                   0.250                   0.417                   0.667                   0.500                   0.792                   0.458                   0.833                   0.250                   0.583                   0.208                   0.750                   0.792                   0.542                   0.542                   0.167
meta-portal-evo                          0.542                   0.667                   0.417                   0.667                   0.625                   0.875                   0.250                   0.958                   0.458                   0.750                   0.500                   0.792                   0.917                   0.792                   0.750                   0.625
meta-rune-crystal                        0.500                   0.042                   0.375                   0.542                   0.167                   0.500                   0.167                   0.625                   0.125                   0.250                   0.208                   0.542                   0.333                   0.500                   0.375                   0.083
meta-rune-spell                          0.375                   0.333                   0.500                   0.458                   0.250                   0.417                   0.250                   0.750                   0.167                   0.417                   0.250                   0.583                   0.333                   0.500                   0.292                   0.167
meta-rune-test-subject                   0.250                   0.250                   0.542                   0.458                   0.667                   0.792                   0.292                   0.958                   0.208                   0.375                   0.333                   0.583                   0.625                   0.625                   0.500                   0.208
meta-sword-loot                          0.542                   0.375                   0.500                   0.625                   0.417                   0.833                   0.458                   1.000                   0.208                   0.500                   0.208                   0.625                   0.542                   0.667                   0.583                   0.458
meta-sword-rally                         0.583                   0.458                   0.583                   0.750                   0.500                   0.917                   0.500                   1.000                   0.625                   0.542                   0.375                   0.917                   0.792                   0.875                   0.833                   0.333

First-player win rate / mean turns
                              meta-abyss-aggro     meta-abyss-midrange       meta-dragon-aggro        meta-dragon-ramp       meta-forest-combo       meta-haven-amulet          meta-haven-evo    meta-haven-kukishiro          meta-portal-af   meta-portal-cutthroat         meta-portal-evo       meta-rune-crystal         meta-rune-spell  meta-rune-test-subject         meta-sword-loot        meta-sword-rally
meta-abyss-aggro                 0.500 /   6.3           0.667 /   7.1           0.542 /   6.7           0.583 /   7.0           0.625 /   7.4           0.542 /   7.3           0.458 /   6.9           0.500 /   7.3           0.542 /   7.4           0.417 /   6.8           0.583 /   7.0           0.500 /   6.8           0.583 /   7.2           0.417 /   7.3           0.542 /   7.1           0.500 /   7.0
meta-abyss-midrange              0.500 /   7.0           0.542 /   7.8           0.542 /   7.5           0.625 /   8.5           0.792 /   8.6           0.500 /   9.2           0.625 /   8.4           0.542 /   8.4           0.542 /   8.5           0.458 /   8.5           0.667 /   8.9           0.500 /   8.0           0.542 /   8.3           0.542 /   8.4           0.417 /   7.3           0.542 /   8.1
meta-dragon-aggro                0.417 /   6.9           0.417 /   7.4           0.542 /   7.3           0.583 /   7.6           0.708 /   7.9           0.458 /   8.0           0.667 /   7.8           0.458 /   8.3           0.417 /   7.5           0.542 /   7.5           0.417 /   7.7           0.542 /   7.1           0.417 /   7.7           0.375 /   7.5           0.542 /   7.4           0.667 /   7.0
meta-dragon-ramp                 0.500 /   6.9           0.417 /   7.8           0.625 /   7.9           0.500 /   9.4           0.500 /   8.0           0.458 /  11.2           0.625 /  10.2           0.583 /  10.9           0.458 /   8.4           0.583 /   8.1           0.542 /   8.1           0.625 /   8.5           0.583 /   8.0           0.583 /   8.6           0.708 /   8.2           0.500 /   7.2
meta-forest-combo                0.458 /   7.3           0.500 /   8.4           0.667 /   8.2           0.375 /   7.9           0.500 /   8.7           0.708 /  10.0           0.500 /   9.2           0.625 /  10.2           0.625 /   9.3           0.542 /   8.8           0.542 /   8.5           0.583 /   8.8           0.500 /   7.7           0.500 /   8.3           0.583 /   8.5           0.625 /   9.0
meta-haven-amulet                0.500 /   7.5           0.417 /   9.4           0.417 /   8.5           0.458 /   9.4           0.583 /  11.5           0.375 /  14.8           0.500 /  12.6           0.542 /  14.0           0.542 /   9.3           0.500 /  10.8           0.583 /   8.9           0.417 /   9.1           0.583 /  12.1           0.542 /  10.0           0.458 /   8.5           0.708 /   9.1
meta-haven-evo                   0.458 /   7.1           0.500 /   8.8           0.667 /   7.7           0.583 /   9.6           0.542 /   9.4           0.500 /  12.9           0.625 /   9.9           0.500 /  10.8           0.583 /   9.3           0.500 /   8.9           0.667 /   8.8           0.500 /   8.7           0.625 /   8.5           0.500 /   8.9           0.542 /   8.5           0.500 /   8.1
meta-haven-kukishiro             0.708 /   7.4           0.542 /   8.8           0.542 /   7.7           0.542 /  10.1           0.625 /  10.5           0.500 /  14.2           0.542 /  10.8           0.500 /  14.3           0.500 /   8.8           0.500 /   9.5           0.583 /   8.8           0.625 /  10.9           0.417 /  10.2           0.500 /   9.3           0.417 /   9.0           0.542 /   9.0
meta-portal-af                   0.542 /   6.8           0.417 /   8.5           0.333 /   7.4           0.458 /   8.5           0.417 /   8.4           0.500 /   9.5           0.708 /   8.7           0.500 /   8.7           0.625 /   8.5           0.542 /   8.8           0.417 /   8.8           0.458 /   7.9           0.542 /   8.3           0.583 /   8.2           0.458 /   8.1           0.708 /   8.1
meta-portal-cutthroat            0.625 /   7.6           0.583 /   8.1           0.583 /   7.8           0.750 /   9.2           0.583 /   9.2           0.542 /  10.5           0.625 /   8.3           0.667 /  10.9           0.417 /   8.1           0.417 /   9.0           0.458 /   7.8           0.500 /   7.8           0.542 /   8.0           0.542 /   8.5           0.458 /   8.3           0.583 /   8.0
meta-portal-evo                  0.458 /   7.1           0.583 /   9.1           0.583 /   7.4           0.667 /   7.8           0.542 /   8.8           0.542 /   9.3           0.500 /   9.9           0.458 /   8.8           0.458 /   8.5           0.500 /   8.5           0.500 /   8.8           0.542 /   8.3           0.583 /   8.0           0.458 /   7.6           0.417 /   7.8           0.458 /   8.0
meta-rune-crystal                0.500 /   7.5           0.458 /   7.9           0.542 /   7.5           0.542 /   8.8           0.583 /   8.7           0.417 /  10.2           0.500 /   9.1           0.375 /  11.1           0.542 /   7.8           0.500 /   8.4           0.542 /   8.0           0.542 /   7.8           0.583 /   8.4           0.333 /   8.2           0.375 /   8.2           0.500 /   7.8
meta-rune-spell                  0.542 /   6.4           0.417 /   8.2           0.583 /   7.1           0.708 /   8.8           0.667 /   8.6           0.583 /  11.7           0.500 /   9.0           0.417 /  10.4           0.583 /   8.2           0.417 /   8.4           0.333 /   8.4           0.500 /   8.4           0.500 /   7.7           0.417 /   7.8           0.458 /   7.6           0.500 /   7.8
meta-rune-test-subject           0.417 /   6.9           0.417 /   8.3           0.375 /   7.3           0.458 /   8.0           0.417 /   8.3           0.458 /  10.8           0.458 /   8.9           0.542 /   9.2           0.458 /   8.5           0.542 /   8.5           0.667 /   8.5           0.500 /   8.2           0.375 /   8.2           0.458 /   9.1           0.500 /   8.1           0.458 /   7.6
meta-sword-loot                  0.542 /   7.3           0.708 /   8.2           0.417 /   7.3           0.542 /   8.0           0.583 /   8.6           0.500 /   8.8           0.708 /   8.1           0.500 /   8.4           0.458 /   8.2           0.500 /   8.1           0.458 /   8.4           0.792 /   8.5           0.292 /   7.8           0.583 /   8.1           0.583 /   8.0           0.542 /   7.7
meta-sword-rally                 0.250 /   6.8           0.375 /   8.4           0.583 /   7.4           0.500 /   7.7           0.583 /   8.5           0.417 /   8.2           0.583 /   8.3           0.500 /   8.8           0.625 /   8.3           0.458 /   7.9           0.542 /   8.8           0.500 /   7.6           0.458 /   7.5           0.458 /   7.6           0.583 /   7.5           0.417 /   7.9

A win rate over decisive games, Wilson 95% [lo, hi]
                              meta-abyss-aggro     meta-abyss-midrange       meta-dragon-aggro        meta-dragon-ramp       meta-forest-combo       meta-haven-amulet          meta-haven-evo    meta-haven-kukishiro          meta-portal-af   meta-portal-cutthroat         meta-portal-evo       meta-rune-crystal         meta-rune-spell  meta-rune-test-subject         meta-sword-loot        meta-sword-rally
meta-abyss-aggro          0.667 [0.467, 0.820]    0.333 [0.180, 0.533]    0.625 [0.427, 0.788]    0.750 [0.551, 0.880]    0.208 [0.092, 0.405]    0.875 [0.690, 0.957]    0.708 [0.508, 0.851]    0.917 [0.742, 0.977]    0.375 [0.212, 0.573]    0.500 [0.314, 0.686]    0.417 [0.245, 0.612]    0.667 [0.467, 0.820]    0.500 [0.314, 0.686]    0.500 [0.314, 0.686]    0.542 [0.351, 0.721]    0.417 [0.245, 0.612]
meta-abyss-midrange       0.500 [0.314, 0.686]    0.375 [0.212, 0.573]    0.542 [0.351, 0.721]    0.625 [0.427, 0.788]    0.625 [0.427, 0.788]    0.833 [0.641, 0.933]    0.458 [0.279, 0.649]    0.958 [0.798, 0.993]    0.625 [0.427, 0.788]    0.708 [0.508, 0.851]    0.333 [0.180, 0.533]    0.667 [0.467, 0.820]    0.792 [0.595, 0.908]    0.792 [0.595, 0.908]    0.667 [0.467, 0.820]    0.375 [0.212, 0.573]
meta-dragon-aggro         0.583 [0.388, 0.755]    0.167 [0.067, 0.359]    0.375 [0.212, 0.573]    0.667 [0.467, 0.820]    0.542 [0.351, 0.721]    0.875 [0.690, 0.957]    0.500 [0.314, 0.686]    0.792 [0.595, 0.908]    0.250 [0.120, 0.449]    0.375 [0.212, 0.573]    0.333 [0.180, 0.533]    0.708 [0.508, 0.851]    0.583 [0.388, 0.755]    0.375 [0.212, 0.573]    0.542 [0.351, 0.721]    0.417 [0.245, 0.612]
meta-dragon-ramp          0.417 [0.245, 0.612]    0.333 [0.180, 0.533]    0.375 [0.212, 0.573]    0.500 [0.314, 0.686]    0.250 [0.120, 0.449]    0.708 [0.508, 0.851]    0.542 [0.351, 0.721]    0.917 [0.742, 0.977]    0.458 [0.279, 0.649]    0.500 [0.314, 0.686]    0.375 [0.212, 0.573]    0.625 [0.427, 0.788]    0.500 [0.314, 0.686]    0.750 [0.551, 0.880]    0.292 [0.149, 0.492]    0.417 [0.245, 0.612]
meta-forest-combo         0.542 [0.351, 0.721]    0.333 [0.180, 0.533]    0.750 [0.551, 0.880]    0.625 [0.427, 0.788]    0.417 [0.245, 0.612]    0.708 [0.508, 0.851]    0.250 [0.120, 0.449]    0.792 [0.595, 0.908]    0.208 [0.092, 0.405]    0.708 [0.508, 0.851]    0.292 [0.149, 0.492]    0.750 [0.551, 0.880]    0.750 [0.551, 0.880]    0.667 [0.467, 0.820]    0.417 [0.245, 0.612]    0.125 [0.043, 0.310]
meta-haven-amulet         0.333 [0.180, 0.533]    0.167 [0.067, 0.359]    0.333 [0.180, 0.533]    0.042 [0.007, 0.202]    0.583 [0.388, 0.755]    0.542 [0.351, 0.721]    0.083 [0.023, 0.258]    0.875 [0.690, 0.957]    0.042 [0.007, 0.202]    0.167 [0.067, 0.359]    0.083 [0.023, 0.258]    0.417 [0.245, 0.612]    0.833 [0.641, 0.933]    0.458 [0.279, 0.649]    0.292 [0.149, 0.492]    0.208 [0.092, 0.405]
meta-haven-evo            0.292 [0.149, 0.492]    0.583 [0.388, 0.755]    0.333 [0.180, 0.533]    0.667 [0.467, 0.820]    0.625 [0.427, 0.788]    0.750 [0.551, 0.880]    0.375 [0.212, 0.573]    0.833 [0.641, 0.933]    0.500 [0.314, 0.686]    0.750 [0.551, 0.880]    0.167 [0.067, 0.359]    0.833 [0.641, 0.933]    0.458 [0.279, 0.649]    0.917 [0.742, 0.977]    0.375 [0.212, 0.573]    0.333 [0.180, 0.533]
meta-haven-kukishiro      0.208 [0.092, 0.405]    0.042 [0.007, 0.202]    0.208 [0.092, 0.405]    0.042 [0.007, 0.202]    0.292 [0.149, 0.492]    0.083 [0.023, 0.258]    0.042 [0.007, 0.202]    0.667 [0.467, 0.820]    0.000 [0.000, 0.138]    0.083 [0.023, 0.258]    0.083 [0.023, 0.258]    0.375 [0.212, 0.573]    0.250 [0.120, 0.449]    0.083 [0.023, 0.258]    0.083 [0.023, 0.258]    0.042 [0.007, 0.202]
meta-portal-af            0.625 [0.427, 0.788]    0.500 [0.314, 0.686]    0.750 [0.551, 0.880]    0.542 [0.351, 0.721]    0.917 [0.742, 0.977]    0.917 [0.742, 0.977]    0.542 [0.351, 0.721]    0.917 [0.742, 0.977]    0.542 [0.351, 0.721]    0.542 [0.351, 0.721]    0.500 [0.314, 0.686]    0.875 [0.690, 0.957]    0.625 [0.427, 0.788]    0.833 [0.641, 0.933]    0.625 [0.427, 0.788]    0.625 [0.427, 0.788]
meta-portal-cutthroat     0.542 [0.351, 0.721]    0.250 [0.120, 0.449]    0.417 [0.245, 0.612]    0.667 [0.467, 0.820]    0.500 [0.314, 0.686]    0.792 [0.595, 0.908]    0.458 [0.279, 0.649]    0.833 [0.641, 0.933]    0.250 [0.120, 0.449]    0.583 [0.388, 0.755]    0.208 [0.092, 0.405]    0.750 [0.551, 0.880]    0.792 [0.595, 0.908]    0.542 [0.351, 0.721]    0.542 [0.351, 0.721]    0.167 [0.067, 0.359]
meta-portal-evo           0.542 [0.351, 0.721]    0.667 [0.467, 0.820]    0.417 [0.245, 0.612]    0.667 [0.467, 0.820]    0.625 [0.427, 0.788]    0.875 [0.690, 0.957]    0.250 [0.120, 0.449]    0.958 [0.798, 0.993]    0.458 [0.279, 0.649]    0.750 [0.551, 0.880]    0.500 [0.314, 0.686]    0.792 [0.595, 0.908]    0.917 [0.742, 0.977]    0.792 [0.595, 0.908]    0.750 [0.551, 0.880]    0.625 [0.427, 0.788]
meta-rune-crystal         0.500 [0.314, 0.686]    0.042 [0.007, 0.202]    0.375 [0.212, 0.573]    0.542 [0.351, 0.721]    0.167 [0.067, 0.359]    0.500 [0.314, 0.686]    0.167 [0.067, 0.359]    0.625 [0.427, 0.788]    0.125 [0.043, 0.310]    0.250 [0.120, 0.449]    0.208 [0.092, 0.405]    0.542 [0.351, 0.721]    0.333 [0.180, 0.533]    0.500 [0.314, 0.686]    0.375 [0.212, 0.573]    0.083 [0.023, 0.258]
meta-rune-spell           0.375 [0.212, 0.573]    0.333 [0.180, 0.533]    0.500 [0.314, 0.686]    0.458 [0.279, 0.649]    0.250 [0.120, 0.449]    0.417 [0.245, 0.612]    0.250 [0.120, 0.449]    0.750 [0.551, 0.880]    0.167 [0.067, 0.359]    0.417 [0.245, 0.612]    0.250 [0.120, 0.449]    0.583 [0.388, 0.755]    0.333 [0.180, 0.533]    0.500 [0.314, 0.686]    0.292 [0.149, 0.492]    0.167 [0.067, 0.359]
meta-rune-test-subject    0.250 [0.120, 0.449]    0.250 [0.120, 0.449]    0.542 [0.351, 0.721]    0.458 [0.279, 0.649]    0.667 [0.467, 0.820]    0.792 [0.595, 0.908]    0.292 [0.149, 0.492]    0.958 [0.798, 0.993]    0.208 [0.092, 0.405]    0.375 [0.212, 0.573]    0.333 [0.180, 0.533]    0.583 [0.388, 0.755]    0.625 [0.427, 0.788]    0.625 [0.427, 0.788]    0.500 [0.314, 0.686]    0.208 [0.092, 0.405]
meta-sword-loot           0.542 [0.351, 0.721]    0.375 [0.212, 0.573]    0.500 [0.314, 0.686]    0.625 [0.427, 0.788]    0.417 [0.245, 0.612]    0.833 [0.641, 0.933]    0.458 [0.279, 0.649]    1.000 [0.862, 1.000]    0.208 [0.092, 0.405]    0.500 [0.314, 0.686]    0.208 [0.092, 0.405]    0.625 [0.427, 0.788]    0.542 [0.351, 0.721]    0.667 [0.467, 0.820]    0.583 [0.388, 0.755]    0.458 [0.279, 0.649]
meta-sword-rally          0.583 [0.388, 0.755]    0.458 [0.279, 0.649]    0.583 [0.388, 0.755]    0.750 [0.551, 0.880]    0.500 [0.314, 0.686]    0.917 [0.742, 0.977]    0.500 [0.314, 0.686]    1.000 [0.862, 1.000]    0.625 [0.427, 0.788]    0.542 [0.351, 0.721]    0.375 [0.212, 0.573]    0.917 [0.742, 0.977]    0.792 [0.595, 0.908]    0.875 [0.690, 0.957]    0.833 [0.641, 0.933]    0.333 [0.180, 0.533]

=== summary ===
h0 vs h0
games: 6144  decisive: 6144  draws: 0
policy_a win rate: 0.500 [0.488, 0.512]
first-player win rate: 0.523
mean turns: 8.50  mean actions: 82.61
end: lethal=6086 deckout=58 turn_cap=0 action_cap=0 no_legal=0 illegal=0
3492.584s  1.76 games/s  cpus=28
samples: 507559 (82.6 per game)
per deck:
  meta-abyss-aggro: policy_a (row) 0.562  policy_b (col) 0.531
  meta-abyss-midrange: policy_a (row) 0.617  policy_b (col) 0.674
  meta-dragon-aggro: policy_a (row) 0.505  policy_b (col) 0.523
  meta-dragon-ramp: policy_a (row) 0.497  policy_b (col) 0.461
  meta-forest-combo: policy_a (row) 0.521  policy_b (col) 0.526
  meta-haven-amulet: policy_a (row) 0.341  policy_b (col) 0.286
  meta-haven-evo: policy_a (row) 0.549  policy_b (col) 0.633
  meta-haven-kukishiro: policy_a (row) 0.161  policy_b (col) 0.138
  meta-portal-af: policy_a (row) 0.680  policy_b (col) 0.685
  meta-portal-cutthroat: policy_a (row) 0.518  policy_b (col) 0.516
  meta-portal-evo: policy_a (row) 0.661  policy_b (col) 0.708
  meta-rune-crystal: policy_a (row) 0.333  policy_b (col) 0.331
  meta-rune-spell: policy_a (row) 0.378  policy_b (col) 0.398
  meta-rune-test-subject: policy_a (row) 0.479  policy_b (col) 0.383
  meta-sword-loot: policy_a (row) 0.534  policy_b (col) 0.518
  meta-sword-rally: policy_a (row) 0.661  policy_b (col) 0.688

6144 games in 3492.584s (1.8 games/s)
wrote C:\Users\agban\projects\arena\results\net5-v2\data-e10.json
