pool: meta
decks: 16 (meta-abyss-aggro, meta-abyss-midrange, meta-dragon-aggro, meta-dragon-ramp, meta-forest-combo, meta-haven-amulet, meta-haven-evo, meta-haven-kukishiro, meta-portal-af, meta-portal-cutthroat, meta-portal-evo, meta-rune-crystal, meta-rune-spell, meta-rune-test-subject, meta-sword-loot, meta-sword-rally)
pairs: 256 (16 x 16, mirrors included)
games    24 games/pair x 256 =  6144
matchup: 16 decks × 24 games = 6144 games (seed=12, policy_a=h0, policy_b=h0, first=alternate, threads=None)
Win rate (row = A, col = B; cell = A's win rate)
                              meta-abyss-aggro     meta-abyss-midrange       meta-dragon-aggro        meta-dragon-ramp       meta-forest-combo       meta-haven-amulet          meta-haven-evo    meta-haven-kukishiro          meta-portal-af   meta-portal-cutthroat         meta-portal-evo       meta-rune-crystal         meta-rune-spell  meta-rune-test-subject         meta-sword-loot        meta-sword-rally
meta-abyss-aggro                         0.542                   0.417                   0.417                   0.875                   0.542                   0.750                   0.667                   0.750                   0.250                   0.708                   0.292                   0.625                   0.458                   0.500                   0.625                   0.417
meta-abyss-midrange                      0.667                   0.542                   0.667                   0.625                   0.792                   0.875                   0.458                   1.000                   0.542                   0.750                   0.667                   0.833                   0.792                   0.792                   0.583                   0.417
meta-dragon-aggro                        0.583                   0.417                   0.583                   0.625                   0.417                   0.875                   0.583                   0.792                   0.333                   0.583                   0.333                   0.750                   0.542                   0.375                   0.542                   0.583
meta-dragon-ramp                         0.417                   0.333                   0.208                   0.458                   0.375                   0.917                   0.500                   0.958                   0.292                   0.333                   0.333                   0.458                   0.500                   0.417                   0.417                   0.333
meta-forest-combo                        0.625                   0.292                   0.500                   0.667                   0.667                   0.625                   0.292                   0.833                   0.208                   0.583                   0.250                   0.667                   0.583                   0.542                   0.333                   0.333
meta-haven-amulet                        0.208                   0.208                   0.333                   0.167                   0.458                   0.500                   0.208                   0.875                   0.125                   0.333                   0.042                   0.625                   0.458                   0.417                   0.167                   0.167
meta-haven-evo                           0.292                   0.750                   0.333                   0.375                   0.750                   0.958                   0.500                   1.000                   0.375                   0.625                   0.708                   0.833                   0.750                   0.708                   0.458                   0.500
meta-haven-kukishiro                     0.208                   0.000                   0.250                   0.000                   0.125                   0.292                   0.000                   0.458                   0.042                   0.208                   0.000                   0.250                   0.333                   0.042                   0.208                   0.000
meta-portal-af                           0.708                   0.500                   0.417                   0.792                   0.917                   0.875                   0.333                   0.958                   0.458                   0.792                   0.375                   0.792                   0.833                   0.875                   0.750                   0.667
meta-portal-cutthroat                    0.375                   0.125                   0.417                   0.500                   0.417                   0.833                   0.167                   0.833                   0.292                   0.583                   0.208                   0.750                   0.542                   0.542                   0.417                   0.375
meta-portal-evo                          0.417                   0.417                   0.625                   0.750                   0.792                   1.000                   0.417                   1.000                   0.583                   0.708                   0.542                   0.958                   0.625                   0.750                   0.792                   0.667
meta-rune-crystal                        0.417                   0.083                   0.125                   0.250                   0.417                   0.667                   0.167                   0.667                   0.083                   0.333                   0.125                   0.292                   0.333                   0.250                   0.292                   0.083
meta-rune-spell                          0.333                   0.125                   0.333                   0.333                   0.250                   0.667                   0.250                   0.667                   0.083                   0.375                   0.042                   0.625                   0.667                   0.500                   0.375                   0.208
meta-rune-test-subject                   0.500                   0.167                   0.333                   0.583                   0.500                   0.583                   0.208                   0.875                   0.083                   0.458                   0.208                   0.667                   0.667                   0.500                   0.417                   0.208
meta-sword-loot                          0.500                   0.458                   0.333                   0.750                   0.625                   0.833                   0.458                   0.958                   0.167                   0.708                   0.083                   0.750                   0.625                   0.458                   0.458                   0.375
meta-sword-rally                         0.542                   0.625                   0.583                   0.625                   0.833                   0.958                   0.417                   0.958                   0.458                   0.750                   0.417                   0.875                   0.667                   0.625                   0.625                   0.500

First-player win rate / mean turns
                              meta-abyss-aggro     meta-abyss-midrange       meta-dragon-aggro        meta-dragon-ramp       meta-forest-combo       meta-haven-amulet          meta-haven-evo    meta-haven-kukishiro          meta-portal-af   meta-portal-cutthroat         meta-portal-evo       meta-rune-crystal         meta-rune-spell  meta-rune-test-subject         meta-sword-loot        meta-sword-rally
meta-abyss-aggro                 0.542 /   6.6           0.500 /   7.0           0.583 /   6.5           0.542 /   6.1           0.458 /   7.8           0.583 /   7.2           0.583 /   7.0           0.417 /   7.7           0.500 /   7.0           0.542 /   6.8           0.458 /   7.2           0.542 /   6.8           0.458 /   7.2           0.583 /   7.5           0.542 /   6.8           0.583 /   7.3
meta-abyss-midrange              0.417 /   7.0           0.375 /   8.4           0.417 /   7.5           0.458 /   8.1           0.542 /   8.0           0.458 /   8.8           0.542 /   7.8           0.500 /   8.4           0.375 /   8.5           0.583 /   8.2           0.500 /   8.7           0.583 /   7.9           0.625 /   8.0           0.375 /   7.9           0.667 /   7.5           0.667 /   8.1
meta-dragon-aggro                0.500 /   6.7           0.250 /   7.0           0.583 /   7.3           0.458 /   7.5           0.667 /   7.5           0.542 /   7.2           0.333 /   7.5           0.625 /   8.2           0.333 /   7.3           0.250 /   7.4           0.667 /   7.6           0.583 /   7.2           0.375 /   7.5           0.542 /   7.8           0.542 /   7.6           0.500 /   7.2
meta-dragon-ramp                 0.667 /   6.9           0.667 /   8.0           0.708 /   7.4           0.542 /  11.4           0.625 /   8.3           0.500 /  11.0           0.750 /  10.9           0.542 /  11.2           0.375 /   8.2           0.750 /   9.1           0.417 /   7.9           0.542 /   8.1           0.583 /   8.1           0.583 /   8.5           0.500 /   7.6           0.750 /   7.9
meta-forest-combo                0.792 /   7.5           0.542 /   8.9           0.667 /   7.2           0.667 /   7.6           0.500 /   9.2           0.375 /   9.9           0.375 /   9.6           0.583 /   9.3           0.625 /   8.6           0.583 /   8.8           0.667 /   9.1           0.500 /   9.2           0.500 /   7.8           0.458 /   8.2           0.583 /   8.2           0.583 /   8.3
meta-haven-amulet                0.625 /   7.3           0.542 /   9.3           0.583 /   8.0           0.583 /  11.8           0.542 /  10.5           0.417 /  14.2           0.542 /  11.4           0.542 /  14.2           0.458 /   8.8           0.583 /  10.2           0.542 /   8.3           0.708 /  11.1           0.708 /  10.3           0.500 /  11.5           0.583 /   9.2           0.583 /   8.7
meta-haven-evo                   0.542 /   7.2           0.417 /   8.6           0.750 /   7.8           0.458 /  10.5           0.583 /   8.9           0.542 /  12.0           0.750 /  11.3           0.500 /  10.0           0.625 /   9.2           0.458 /   9.5           0.458 /   9.0           0.583 /   8.9           0.583 /   8.8           0.625 /   8.8           0.542 /   8.2           0.583 /   8.8
meta-haven-kukishiro             0.458 /   7.5           0.500 /   8.2           0.500 /   8.2           0.500 /   9.6           0.625 /  10.3           0.542 /  15.8           0.500 /  10.4           0.458 /  16.9           0.542 /   8.5           0.458 /  10.9           0.500 /   8.8           0.667 /  11.0           0.583 /  10.0           0.542 /   9.5           0.542 /  10.3           0.500 /   8.1
meta-portal-af                   0.458 /   7.3           0.583 /   8.5           0.333 /   7.1           0.458 /   8.0           0.583 /   8.8           0.542 /   9.2           0.583 /   8.8           0.542 /   7.7           0.625 /   9.1           0.625 /   9.0           0.625 /   9.0           0.458 /   8.0           0.667 /   7.9           0.542 /   8.7           0.500 /   8.0           0.583 /   8.4
meta-portal-cutthroat            0.458 /   6.9           0.542 /   8.5           0.583 /   7.8           0.417 /   9.0           0.500 /   9.0           0.583 /   9.0           0.583 /   9.5           0.667 /  10.2           0.458 /   9.2           0.500 /   8.8           0.458 /   8.6           0.500 /   8.2           0.542 /   7.9           0.542 /   8.9           0.500 /   8.3           0.708 /   8.1
meta-portal-evo                  0.500 /   7.1           0.417 /   8.2           0.458 /   7.1           0.667 /   8.2           0.542 /   8.7           0.500 /   9.0           0.417 /   8.4           0.500 /   8.4           0.667 /   8.9           0.625 /   8.5           0.542 /   9.0           0.458 /   8.1           0.375 /   7.2           0.333 /   8.5           0.458 /   7.6           0.583 /   8.4
meta-rune-crystal                0.583 /   7.5           0.500 /   7.9           0.542 /   7.4           0.500 /   7.9           0.500 /   8.8           0.500 /   8.3           0.417 /   8.9           0.667 /  10.6           0.500 /   7.8           0.500 /   8.3           0.625 /   8.0           0.625 /   8.4           0.333 /   8.1           0.417 /   7.7           0.625 /   7.9           0.417 /   7.2
meta-rune-spell                  0.583 /   6.5           0.542 /   8.0           0.417 /   6.7           0.417 /   8.4           0.417 /   7.8           0.667 /  10.2           0.583 /   9.5           0.750 /  10.8           0.417 /   7.5           0.542 /   8.0           0.458 /   8.2           0.625 /   8.0           0.500 /   8.5           0.333 /   7.8           0.625 /   8.1           0.542 /   7.7
meta-rune-test-subject           0.417 /   7.7           0.500 /   8.1           0.417 /   7.3           0.333 /   8.3           0.583 /   8.8           0.500 /  10.7           0.542 /   9.1           0.458 /   8.5           0.417 /   8.4           0.625 /   8.2           0.542 /   8.3           0.500 /   8.0           0.500 /   8.2           0.583 /   8.3           0.667 /   8.0           0.625 /   8.4
meta-sword-loot                  0.583 /   7.0           0.542 /   7.8           0.583 /   7.5           0.583 /   7.8           0.708 /   8.6           0.500 /   7.9           0.708 /   8.8           0.458 /   9.9           0.583 /   8.2           0.458 /   7.8           0.417 /   8.4           0.667 /   7.7           0.458 /   8.2           0.542 /   7.8           0.542 /   7.7           0.625 /   7.5
meta-sword-rally                 0.625 /   7.4           0.458 /   8.2           0.583 /   7.0           0.625 /   8.0           0.500 /   8.9           0.542 /   9.0           0.667 /   9.0           0.542 /   8.3           0.542 /   9.0           0.583 /   7.9           0.500 /   7.7           0.458 /   7.6           0.500 /   7.1           0.542 /   8.5           0.625 /   7.8           0.500 /   7.7

A win rate over decisive games, Wilson 95% [lo, hi]
                              meta-abyss-aggro     meta-abyss-midrange       meta-dragon-aggro        meta-dragon-ramp       meta-forest-combo       meta-haven-amulet          meta-haven-evo    meta-haven-kukishiro          meta-portal-af   meta-portal-cutthroat         meta-portal-evo       meta-rune-crystal         meta-rune-spell  meta-rune-test-subject         meta-sword-loot        meta-sword-rally
meta-abyss-aggro          0.542 [0.351, 0.721]    0.417 [0.245, 0.612]    0.417 [0.245, 0.612]    0.875 [0.690, 0.957]    0.542 [0.351, 0.721]    0.750 [0.551, 0.880]    0.667 [0.467, 0.820]    0.750 [0.551, 0.880]    0.250 [0.120, 0.449]    0.708 [0.508, 0.851]    0.292 [0.149, 0.492]    0.625 [0.427, 0.788]    0.458 [0.279, 0.649]    0.500 [0.314, 0.686]    0.625 [0.427, 0.788]    0.417 [0.245, 0.612]
meta-abyss-midrange       0.667 [0.467, 0.820]    0.542 [0.351, 0.721]    0.667 [0.467, 0.820]    0.625 [0.427, 0.788]    0.792 [0.595, 0.908]    0.875 [0.690, 0.957]    0.458 [0.279, 0.649]    1.000 [0.862, 1.000]    0.542 [0.351, 0.721]    0.750 [0.551, 0.880]    0.667 [0.467, 0.820]    0.833 [0.641, 0.933]    0.792 [0.595, 0.908]    0.792 [0.595, 0.908]    0.583 [0.388, 0.755]    0.417 [0.245, 0.612]
meta-dragon-aggro         0.583 [0.388, 0.755]    0.417 [0.245, 0.612]    0.583 [0.388, 0.755]    0.625 [0.427, 0.788]    0.417 [0.245, 0.612]    0.875 [0.690, 0.957]    0.583 [0.388, 0.755]    0.792 [0.595, 0.908]    0.333 [0.180, 0.533]    0.583 [0.388, 0.755]    0.333 [0.180, 0.533]    0.750 [0.551, 0.880]    0.542 [0.351, 0.721]    0.375 [0.212, 0.573]    0.542 [0.351, 0.721]    0.583 [0.388, 0.755]
meta-dragon-ramp          0.417 [0.245, 0.612]    0.333 [0.180, 0.533]    0.208 [0.092, 0.405]    0.458 [0.279, 0.649]    0.375 [0.212, 0.573]    0.917 [0.742, 0.977]    0.500 [0.314, 0.686]    0.958 [0.798, 0.993]    0.292 [0.149, 0.492]    0.333 [0.180, 0.533]    0.333 [0.180, 0.533]    0.458 [0.279, 0.649]    0.500 [0.314, 0.686]    0.417 [0.245, 0.612]    0.417 [0.245, 0.612]    0.333 [0.180, 0.533]
meta-forest-combo         0.625 [0.427, 0.788]    0.292 [0.149, 0.492]    0.500 [0.314, 0.686]    0.667 [0.467, 0.820]    0.667 [0.467, 0.820]    0.625 [0.427, 0.788]    0.292 [0.149, 0.492]    0.833 [0.641, 0.933]    0.208 [0.092, 0.405]    0.583 [0.388, 0.755]    0.250 [0.120, 0.449]    0.667 [0.467, 0.820]    0.583 [0.388, 0.755]    0.542 [0.351, 0.721]    0.333 [0.180, 0.533]    0.333 [0.180, 0.533]
meta-haven-amulet         0.208 [0.092, 0.405]    0.208 [0.092, 0.405]    0.333 [0.180, 0.533]    0.167 [0.067, 0.359]    0.458 [0.279, 0.649]    0.500 [0.314, 0.686]    0.208 [0.092, 0.405]    0.875 [0.690, 0.957]    0.125 [0.043, 0.310]    0.333 [0.180, 0.533]    0.042 [0.007, 0.202]    0.625 [0.427, 0.788]    0.458 [0.279, 0.649]    0.417 [0.245, 0.612]    0.167 [0.067, 0.359]    0.167 [0.067, 0.359]
meta-haven-evo            0.292 [0.149, 0.492]    0.750 [0.551, 0.880]    0.333 [0.180, 0.533]    0.375 [0.212, 0.573]    0.750 [0.551, 0.880]    0.958 [0.798, 0.993]    0.500 [0.314, 0.686]    1.000 [0.862, 1.000]    0.375 [0.212, 0.573]    0.625 [0.427, 0.788]    0.708 [0.508, 0.851]    0.833 [0.641, 0.933]    0.750 [0.551, 0.880]    0.708 [0.508, 0.851]    0.458 [0.279, 0.649]    0.500 [0.314, 0.686]
meta-haven-kukishiro      0.208 [0.092, 0.405]    0.000 [0.000, 0.138]    0.250 [0.120, 0.449]    0.000 [0.000, 0.138]    0.125 [0.043, 0.310]    0.292 [0.149, 0.492]    0.000 [0.000, 0.138]    0.458 [0.279, 0.649]    0.042 [0.007, 0.202]    0.208 [0.092, 0.405]    0.000 [0.000, 0.138]    0.250 [0.120, 0.449]    0.333 [0.180, 0.533]    0.042 [0.007, 0.202]    0.208 [0.092, 0.405]    0.000 [0.000, 0.138]
meta-portal-af            0.708 [0.508, 0.851]    0.500 [0.314, 0.686]    0.417 [0.245, 0.612]    0.792 [0.595, 0.908]    0.917 [0.742, 0.977]    0.875 [0.690, 0.957]    0.333 [0.180, 0.533]    0.958 [0.798, 0.993]    0.458 [0.279, 0.649]    0.792 [0.595, 0.908]    0.375 [0.212, 0.573]    0.792 [0.595, 0.908]    0.833 [0.641, 0.933]    0.875 [0.690, 0.957]    0.750 [0.551, 0.880]    0.667 [0.467, 0.820]
meta-portal-cutthroat     0.375 [0.212, 0.573]    0.125 [0.043, 0.310]    0.417 [0.245, 0.612]    0.500 [0.314, 0.686]    0.417 [0.245, 0.612]    0.833 [0.641, 0.933]    0.167 [0.067, 0.359]    0.833 [0.641, 0.933]    0.292 [0.149, 0.492]    0.583 [0.388, 0.755]    0.208 [0.092, 0.405]    0.750 [0.551, 0.880]    0.542 [0.351, 0.721]    0.542 [0.351, 0.721]    0.417 [0.245, 0.612]    0.375 [0.212, 0.573]
meta-portal-evo           0.417 [0.245, 0.612]    0.417 [0.245, 0.612]    0.625 [0.427, 0.788]    0.750 [0.551, 0.880]    0.792 [0.595, 0.908]    1.000 [0.862, 1.000]    0.417 [0.245, 0.612]    1.000 [0.862, 1.000]    0.583 [0.388, 0.755]    0.708 [0.508, 0.851]    0.542 [0.351, 0.721]    0.958 [0.798, 0.993]    0.625 [0.427, 0.788]    0.750 [0.551, 0.880]    0.792 [0.595, 0.908]    0.667 [0.467, 0.820]
meta-rune-crystal         0.417 [0.245, 0.612]    0.083 [0.023, 0.258]    0.125 [0.043, 0.310]    0.250 [0.120, 0.449]    0.417 [0.245, 0.612]    0.667 [0.467, 0.820]    0.167 [0.067, 0.359]    0.667 [0.467, 0.820]    0.083 [0.023, 0.258]    0.333 [0.180, 0.533]    0.125 [0.043, 0.310]    0.292 [0.149, 0.492]    0.333 [0.180, 0.533]    0.250 [0.120, 0.449]    0.292 [0.149, 0.492]    0.083 [0.023, 0.258]
meta-rune-spell           0.333 [0.180, 0.533]    0.125 [0.043, 0.310]    0.333 [0.180, 0.533]    0.333 [0.180, 0.533]    0.250 [0.120, 0.449]    0.667 [0.467, 0.820]    0.250 [0.120, 0.449]    0.667 [0.467, 0.820]    0.083 [0.023, 0.258]    0.375 [0.212, 0.573]    0.042 [0.007, 0.202]    0.625 [0.427, 0.788]    0.667 [0.467, 0.820]    0.500 [0.314, 0.686]    0.375 [0.212, 0.573]    0.208 [0.092, 0.405]
meta-rune-test-subject    0.500 [0.314, 0.686]    0.167 [0.067, 0.359]    0.333 [0.180, 0.533]    0.583 [0.388, 0.755]    0.500 [0.314, 0.686]    0.583 [0.388, 0.755]    0.208 [0.092, 0.405]    0.875 [0.690, 0.957]    0.083 [0.023, 0.258]    0.458 [0.279, 0.649]    0.208 [0.092, 0.405]    0.667 [0.467, 0.820]    0.667 [0.467, 0.820]    0.500 [0.314, 0.686]    0.417 [0.245, 0.612]    0.208 [0.092, 0.405]
meta-sword-loot           0.500 [0.314, 0.686]    0.458 [0.279, 0.649]    0.333 [0.180, 0.533]    0.750 [0.551, 0.880]    0.625 [0.427, 0.788]    0.833 [0.641, 0.933]    0.458 [0.279, 0.649]    0.958 [0.798, 0.993]    0.167 [0.067, 0.359]    0.708 [0.508, 0.851]    0.083 [0.023, 0.258]    0.750 [0.551, 0.880]    0.625 [0.427, 0.788]    0.458 [0.279, 0.649]    0.458 [0.279, 0.649]    0.375 [0.212, 0.573]
meta-sword-rally          0.542 [0.351, 0.721]    0.625 [0.427, 0.788]    0.583 [0.388, 0.755]    0.625 [0.427, 0.788]    0.833 [0.641, 0.933]    0.958 [0.798, 0.993]    0.417 [0.245, 0.612]    0.958 [0.798, 0.993]    0.458 [0.279, 0.649]    0.750 [0.551, 0.880]    0.417 [0.245, 0.612]    0.875 [0.690, 0.957]    0.667 [0.467, 0.820]    0.625 [0.427, 0.788]    0.625 [0.427, 0.788]    0.500 [0.314, 0.686]

=== summary ===
h0 vs h0
games: 6144  decisive: 6144  draws: 0
policy_a win rate: 0.498 [0.485, 0.510]
first-player win rate: 0.536
mean turns: 8.48  mean actions: 83.97
end: lethal=6082 deckout=62 turn_cap=0 action_cap=0 no_legal=0 illegal=0
3554.029s  1.73 games/s  cpus=28
samples: 515889 (84.0 per game)
per deck:
  meta-abyss-aggro: policy_a (row) 0.552  policy_b (col) 0.542
  meta-abyss-midrange: policy_a (row) 0.688  policy_b (col) 0.659
  meta-dragon-aggro: policy_a (row) 0.557  policy_b (col) 0.596
  meta-dragon-ramp: policy_a (row) 0.453  policy_b (col) 0.477
  meta-forest-combo: policy_a (row) 0.500  policy_b (col) 0.445
  meta-haven-amulet: policy_a (row) 0.331  policy_b (col) 0.237
  meta-haven-evo: policy_a (row) 0.620  policy_b (col) 0.648
  meta-haven-kukishiro: policy_a (row) 0.151  policy_b (col) 0.151
  meta-portal-af: policy_a (row) 0.690  policy_b (col) 0.727
  meta-portal-cutthroat: policy_a (row) 0.461  policy_b (col) 0.448
  meta-portal-evo: policy_a (row) 0.690  policy_b (col) 0.711
  meta-rune-crystal: policy_a (row) 0.286  policy_b (col) 0.328
  meta-rune-spell: policy_a (row) 0.365  policy_b (col) 0.414
  meta-rune-test-subject: policy_a (row) 0.435  policy_b (col) 0.482
  meta-sword-loot: policy_a (row) 0.534  policy_b (col) 0.534
  meta-sword-rally: policy_a (row) 0.654  policy_b (col) 0.635

6144 games in 3554.029s (1.7 games/s)
wrote C:\Users\agban\projects\arena\results\net5-v2\data-e0.json
