pool: meta
decks: 16 (meta-abyss-aggro, meta-abyss-midrange, meta-dragon-aggro, meta-dragon-ramp, meta-forest-combo, meta-haven-amulet, meta-haven-evo, meta-haven-kukishiro, meta-portal-af, meta-portal-cutthroat, meta-portal-evo, meta-rune-crystal, meta-rune-spell, meta-rune-test-subject, meta-sword-loot, meta-sword-rally)
pairs: 256 (16 x 16, mirrors included)
games    16 games/pair x 256 =  4096
matchup: 16 decks × 16 games = 4096 games (seed=1, policy_a=h0:value=net,net=C:\Users\agban\projects\arena\results\net5-v2\linear.json, policy_b=h0, first=alternate, threads=None)
Win rate (row = A, col = B; cell = A's win rate)
                              meta-abyss-aggro     meta-abyss-midrange       meta-dragon-aggro        meta-dragon-ramp       meta-forest-combo       meta-haven-amulet          meta-haven-evo    meta-haven-kukishiro          meta-portal-af   meta-portal-cutthroat         meta-portal-evo       meta-rune-crystal         meta-rune-spell  meta-rune-test-subject         meta-sword-loot        meta-sword-rally
meta-abyss-aggro                         0.750                   0.250                   0.438                   0.688                   0.250                   0.750                   0.625                   0.875                   0.312                   0.500                   0.562                   0.438                   0.562                   0.625                   0.562                   0.562
meta-abyss-midrange                      0.750                   0.750                   0.562                   0.875                   0.625                   0.875                   0.438                   1.000                   0.500                   0.812                   0.625                   0.875                   0.750                   0.875                   0.688                   0.562
meta-dragon-aggro                        0.688                   0.312                   0.438                   0.938                   0.500                   0.938                   0.875                   0.875                   0.625                   0.625                   0.375                   0.938                   0.625                   0.625                   0.562                   0.438
meta-dragon-ramp                         0.250                   0.500                   0.312                   0.500                   0.312                   0.938                   0.500                   0.938                   0.438                   0.688                   0.312                   0.688                   0.688                   0.812                   0.688                   0.375
meta-forest-combo                        0.625                   0.375                   0.562                   0.562                   0.688                   0.625                   0.250                   0.750                   0.312                   0.500                   0.312                   0.875                   0.500                   0.375                   0.375                   0.250
meta-haven-amulet                        0.250                   0.250                   0.312                   0.250                   0.625                   0.562                   0.188                   0.750                   0.438                   0.250                   0.125                   0.438                   0.812                   0.438                   0.438                   0.312
meta-haven-evo                           0.312                   0.688                   0.500                   0.562                   0.875                   1.000                   0.438                   1.000                   0.625                   0.688                   0.625                   0.688                   0.750                   0.625                   0.625                   0.688
meta-haven-kukishiro                     0.250                   0.000                   0.250                   0.062                   0.438                   0.188                   0.000                   0.625                   0.062                   0.188                   0.000                   0.562                   0.312                   0.062                   0.250                   0.000
meta-portal-af                           0.625                   0.312                   0.688                   0.562                   0.812                   0.938                   0.375                   1.000                   0.562                   0.750                   0.500                   1.000                   1.000                   0.750                   0.812                   0.625
meta-portal-cutthroat                    0.438                   0.500                   0.312                   0.562                   0.562                   0.938                   0.375                   0.938                   0.438                   0.625                   0.250                   0.688                   0.750                   0.750                   0.500                   0.500
meta-portal-evo                          0.625                   0.438                   0.750                   0.625                   0.875                   1.000                   0.125                   1.000                   0.562                   0.688                   0.625                   0.750                   0.875                   0.812                   0.750                   0.562
meta-rune-crystal                        0.312                   0.125                   0.625                   0.500                   0.438                   0.812                   0.375                   0.875                   0.125                   0.438                   0.062                   0.625                   0.500                   0.500                   0.562                   0.125
meta-rune-spell                          0.188                   0.250                   0.500                   0.438                   0.500                   0.750                   0.312                   0.750                   0.312                   0.625                   0.250                   0.875                   0.625                   0.688                   0.438                   0.562
meta-rune-test-subject                   0.375                   0.312                   0.625                   0.438                   0.812                   0.938                   0.250                   0.875                   0.500                   0.500                   0.375                   0.812                   0.750                   0.688                   0.688                   0.312
meta-sword-loot                          0.688                   0.562                   0.312                   0.688                   0.375                   0.688                   0.688                   1.000                   0.500                   0.500                   0.250                   0.875                   0.625                   0.500                   0.688                   0.312
meta-sword-rally                         0.688                   0.250                   0.562                   0.750                   0.688                   0.750                   0.438                   1.000                   0.438                   0.875                   0.625                   1.000                   0.938                   0.812                   0.688                   0.500

First-player win rate / mean turns
                              meta-abyss-aggro     meta-abyss-midrange       meta-dragon-aggro        meta-dragon-ramp       meta-forest-combo       meta-haven-amulet          meta-haven-evo    meta-haven-kukishiro          meta-portal-af   meta-portal-cutthroat         meta-portal-evo       meta-rune-crystal         meta-rune-spell  meta-rune-test-subject         meta-sword-loot        meta-sword-rally
meta-abyss-aggro                 0.750 /   6.7           0.625 /   7.1           0.438 /   6.7           0.562 /   6.7           0.625 /   6.4           0.500 /   7.2           0.500 /   6.9           0.375 /   7.2           0.438 /   7.2           0.750 /   7.3           0.688 /   7.2           0.562 /   7.4           0.562 /   6.6           0.500 /   6.6           0.562 /   7.1           0.312 /   7.2
meta-abyss-midrange              0.375 /   7.1           0.625 /   8.3           0.438 /   7.1           0.625 /   7.3           0.625 /   8.4           0.625 /   7.8           0.562 /   8.7           0.500 /   8.8           0.500 /   8.8           0.438 /   7.9           0.750 /   8.6           0.625 /   7.4           0.500 /   8.2           0.500 /   8.3           0.312 /   7.6           0.438 /   8.6
meta-dragon-aggro                0.688 /   7.2           0.562 /   7.8           0.562 /   7.2           0.562 /   6.4           0.500 /   7.5           0.562 /   6.9           0.625 /   6.5           0.625 /   8.2           0.500 /   7.1           0.500 /   7.2           0.375 /   6.9           0.438 /   7.1           0.500 /   6.9           0.375 /   7.4           0.312 /   7.4           0.438 /   7.1
meta-dragon-ramp                 0.500 /   6.4           0.750 /   8.2           0.438 /   7.2           0.750 /   9.5           0.562 /   7.8           0.562 /  10.6           0.625 /  10.3           0.562 /  12.0           0.688 /   9.0           0.562 /   9.4           0.562 /   8.1           0.562 /   7.8           0.562 /   8.7           0.688 /   9.8           0.438 /   8.8           0.375 /   8.1
meta-forest-combo                0.500 /   7.8           0.375 /   8.2           0.438 /   7.9           0.562 /   7.5           0.438 /   8.3           0.500 /  10.8           0.500 /   9.6           0.750 /  11.2           0.688 /   8.9           0.625 /   8.3           0.562 /   8.9           0.625 /   8.8           0.625 /   8.0           0.375 /   8.6           0.625 /   9.2           0.625 /   8.9
meta-haven-amulet                0.625 /   6.9           0.750 /   9.9           0.438 /   7.9           0.375 /  10.8           0.500 /  11.2           0.438 /  13.9           0.438 /  11.8           0.375 /  13.9           0.562 /  11.6           0.500 /  11.3           0.500 /  10.3           0.438 /   9.0           0.562 /  11.6           0.812 /  10.0           0.562 /   9.8           0.438 /  10.9
meta-haven-evo                   0.562 /   7.3           0.688 /   8.9           0.500 /   8.1           0.562 /  11.8           0.500 /   9.1           0.500 /  12.8           0.688 /  11.3           0.500 /  11.5           0.750 /  10.4           0.688 /   9.6           0.750 /   9.9           0.438 /   9.3           0.500 /   9.9           0.625 /   9.6           0.625 /   9.1           0.812 /   9.1
meta-haven-kukishiro             0.500 /   8.6           0.500 /   8.6           0.625 /   8.2           0.562 /  12.1           0.688 /  12.6           0.688 /  14.2           0.500 /  10.2           0.375 /  16.9           0.438 /  10.1           0.562 /  11.6           0.500 /   9.2           0.438 /  11.8           0.688 /  13.1           0.562 /   9.6           0.625 /   9.5           0.500 /   8.3
meta-portal-af                   0.375 /   7.1           0.438 /   9.4           0.438 /   7.4           0.812 /   9.6           0.562 /   8.3           0.562 /   9.4           0.875 /   9.4           0.500 /   9.1           0.562 /   9.1           0.625 /   8.9           0.500 /   8.9           0.500 /   8.4           0.500 /   7.7           0.375 /   8.1           0.438 /   7.9           0.500 /   8.6
meta-portal-cutthroat            0.562 /   6.9           0.375 /   9.8           0.562 /   7.9           0.562 /   9.3           0.688 /   9.1           0.438 /  10.8           0.625 /   9.1           0.438 /   9.4           0.562 /   9.1           0.625 /   9.1           0.500 /   9.6           0.688 /   9.3           0.625 /   8.8           0.500 /   9.1           0.625 /   8.8           0.500 /   9.5
meta-portal-evo                  0.500 /   7.2           0.688 /   9.1           0.625 /   7.5           0.625 /   8.5           0.500 /   8.1           0.500 /   9.6           0.625 /   9.4           0.500 /   8.2           0.688 /   9.8           0.688 /   8.4           0.500 /   9.3           0.500 /   8.1           0.500 /   7.6           0.438 /   8.6           0.500 /   8.4           0.562 /   8.5
meta-rune-crystal                0.688 /   7.4           0.625 /   8.7           0.500 /   7.6           0.625 /   8.9           0.688 /   8.7           0.438 /   9.0           0.375 /   8.1           0.625 /  10.2           0.500 /   8.3           0.562 /   8.2           0.562 /   8.1           0.750 /   9.0           0.625 /   8.0           0.375 /   8.4           0.562 /   9.5           0.625 /   8.0
meta-rune-spell                  0.312 /   6.2           0.375 /   7.6           0.500 /   7.2           0.312 /   8.4           0.375 /   7.8           0.625 /   8.6           0.688 /   8.4           0.625 /   9.7           0.562 /   8.4           0.500 /   7.8           0.625 /   8.2           0.500 /   7.8           0.125 /   8.7           0.562 /   8.4           0.562 /   7.6           0.562 /   7.7
meta-rune-test-subject           0.500 /   7.5           0.312 /   8.2           0.500 /   8.1           0.562 /   8.4           0.562 /   8.4           0.562 /   9.2           0.625 /   8.6           0.625 /   8.9           0.875 /   9.2           0.500 /   8.0           0.625 /   8.7           0.438 /   7.7           0.625 /   8.7           0.438 /   8.2           0.562 /   8.2           0.688 /   8.4
meta-sword-loot                  0.438 /   7.3           0.438 /   8.0           0.688 /   7.4           0.688 /   7.8           0.875 /   8.6           0.812 /   9.4           0.688 /   8.3           0.500 /   8.9           0.750 /   8.3           0.625 /   8.1           0.750 /   8.4           0.500 /   8.3           0.375 /   7.6           0.625 /   8.2           0.688 /   8.0           0.562 /   7.5
meta-sword-rally                 0.312 /   7.3           0.625 /   8.5           0.312 /   7.3           0.625 /   8.0           0.812 /   8.6           0.625 /   9.1           0.812 /   8.1           0.500 /   7.8           0.688 /   8.8           0.500 /   8.2           0.500 /   7.8           0.500 /   7.4           0.562 /   7.6           0.438 /   7.6           0.562 /   7.5           0.500 /   7.6

A win rate over decisive games, Wilson 95% [lo, hi]
                              meta-abyss-aggro     meta-abyss-midrange       meta-dragon-aggro        meta-dragon-ramp       meta-forest-combo       meta-haven-amulet          meta-haven-evo    meta-haven-kukishiro          meta-portal-af   meta-portal-cutthroat         meta-portal-evo       meta-rune-crystal         meta-rune-spell  meta-rune-test-subject         meta-sword-loot        meta-sword-rally
meta-abyss-aggro          0.750 [0.505, 0.898]    0.250 [0.102, 0.495]    0.438 [0.231, 0.668]    0.688 [0.444, 0.858]    0.250 [0.102, 0.495]    0.750 [0.505, 0.898]    0.625 [0.386, 0.815]    0.875 [0.640, 0.965]    0.312 [0.142, 0.556]    0.500 [0.280, 0.720]    0.562 [0.332, 0.769]    0.438 [0.231, 0.668]    0.562 [0.332, 0.769]    0.625 [0.386, 0.815]    0.562 [0.332, 0.769]    0.562 [0.332, 0.769]
meta-abyss-midrange       0.750 [0.505, 0.898]    0.750 [0.505, 0.898]    0.562 [0.332, 0.769]    0.875 [0.640, 0.965]    0.625 [0.386, 0.815]    0.875 [0.640, 0.965]    0.438 [0.231, 0.668]    1.000 [0.806, 1.000]    0.500 [0.280, 0.720]    0.812 [0.570, 0.934]    0.625 [0.386, 0.815]    0.875 [0.640, 0.965]    0.750 [0.505, 0.898]    0.875 [0.640, 0.965]    0.688 [0.444, 0.858]    0.562 [0.332, 0.769]
meta-dragon-aggro         0.688 [0.444, 0.858]    0.312 [0.142, 0.556]    0.438 [0.231, 0.668]    0.938 [0.717, 0.989]    0.500 [0.280, 0.720]    0.938 [0.717, 0.989]    0.875 [0.640, 0.965]    0.875 [0.640, 0.965]    0.625 [0.386, 0.815]    0.625 [0.386, 0.815]    0.375 [0.185, 0.614]    0.938 [0.717, 0.989]    0.625 [0.386, 0.815]    0.625 [0.386, 0.815]    0.562 [0.332, 0.769]    0.438 [0.231, 0.668]
meta-dragon-ramp          0.250 [0.102, 0.495]    0.500 [0.280, 0.720]    0.312 [0.142, 0.556]    0.500 [0.280, 0.720]    0.312 [0.142, 0.556]    0.938 [0.717, 0.989]    0.500 [0.280, 0.720]    0.938 [0.717, 0.989]    0.438 [0.231, 0.668]    0.688 [0.444, 0.858]    0.312 [0.142, 0.556]    0.688 [0.444, 0.858]    0.688 [0.444, 0.858]    0.812 [0.570, 0.934]    0.688 [0.444, 0.858]    0.375 [0.185, 0.614]
meta-forest-combo         0.625 [0.386, 0.815]    0.375 [0.185, 0.614]    0.562 [0.332, 0.769]    0.562 [0.332, 0.769]    0.688 [0.444, 0.858]    0.625 [0.386, 0.815]    0.250 [0.102, 0.495]    0.750 [0.505, 0.898]    0.312 [0.142, 0.556]    0.500 [0.280, 0.720]    0.312 [0.142, 0.556]    0.875 [0.640, 0.965]    0.500 [0.280, 0.720]    0.375 [0.185, 0.614]    0.375 [0.185, 0.614]    0.250 [0.102, 0.495]
meta-haven-amulet         0.250 [0.102, 0.495]    0.250 [0.102, 0.495]    0.312 [0.142, 0.556]    0.250 [0.102, 0.495]    0.625 [0.386, 0.815]    0.562 [0.332, 0.769]    0.188 [0.066, 0.430]    0.750 [0.505, 0.898]    0.438 [0.231, 0.668]    0.250 [0.102, 0.495]    0.125 [0.035, 0.360]    0.438 [0.231, 0.668]    0.812 [0.570, 0.934]    0.438 [0.231, 0.668]    0.438 [0.231, 0.668]    0.312 [0.142, 0.556]
meta-haven-evo            0.312 [0.142, 0.556]    0.688 [0.444, 0.858]    0.500 [0.280, 0.720]    0.562 [0.332, 0.769]    0.875 [0.640, 0.965]    1.000 [0.806, 1.000]    0.438 [0.231, 0.668]    1.000 [0.806, 1.000]    0.625 [0.386, 0.815]    0.688 [0.444, 0.858]    0.625 [0.386, 0.815]    0.688 [0.444, 0.858]    0.750 [0.505, 0.898]    0.625 [0.386, 0.815]    0.625 [0.386, 0.815]    0.688 [0.444, 0.858]
meta-haven-kukishiro      0.250 [0.102, 0.495]    0.000 [0.000, 0.194]    0.250 [0.102, 0.495]    0.062 [0.011, 0.283]    0.438 [0.231, 0.668]    0.188 [0.066, 0.430]    0.000 [0.000, 0.194]    0.625 [0.386, 0.815]    0.062 [0.011, 0.283]    0.188 [0.066, 0.430]    0.000 [0.000, 0.194]    0.562 [0.332, 0.769]    0.312 [0.142, 0.556]    0.062 [0.011, 0.283]    0.250 [0.102, 0.495]    0.000 [0.000, 0.194]
meta-portal-af            0.625 [0.386, 0.815]    0.312 [0.142, 0.556]    0.688 [0.444, 0.858]    0.562 [0.332, 0.769]    0.812 [0.570, 0.934]    0.938 [0.717, 0.989]    0.375 [0.185, 0.614]    1.000 [0.806, 1.000]    0.562 [0.332, 0.769]    0.750 [0.505, 0.898]    0.500 [0.280, 0.720]    1.000 [0.806, 1.000]    1.000 [0.806, 1.000]    0.750 [0.505, 0.898]    0.812 [0.570, 0.934]    0.625 [0.386, 0.815]
meta-portal-cutthroat     0.438 [0.231, 0.668]    0.500 [0.280, 0.720]    0.312 [0.142, 0.556]    0.562 [0.332, 0.769]    0.562 [0.332, 0.769]    0.938 [0.717, 0.989]    0.375 [0.185, 0.614]    0.938 [0.717, 0.989]    0.438 [0.231, 0.668]    0.625 [0.386, 0.815]    0.250 [0.102, 0.495]    0.688 [0.444, 0.858]    0.750 [0.505, 0.898]    0.750 [0.505, 0.898]    0.500 [0.280, 0.720]    0.500 [0.280, 0.720]
meta-portal-evo           0.625 [0.386, 0.815]    0.438 [0.231, 0.668]    0.750 [0.505, 0.898]    0.625 [0.386, 0.815]    0.875 [0.640, 0.965]    1.000 [0.806, 1.000]    0.125 [0.035, 0.360]    1.000 [0.806, 1.000]    0.562 [0.332, 0.769]    0.688 [0.444, 0.858]    0.625 [0.386, 0.815]    0.750 [0.505, 0.898]    0.875 [0.640, 0.965]    0.812 [0.570, 0.934]    0.750 [0.505, 0.898]    0.562 [0.332, 0.769]
meta-rune-crystal         0.312 [0.142, 0.556]    0.125 [0.035, 0.360]    0.625 [0.386, 0.815]    0.500 [0.280, 0.720]    0.438 [0.231, 0.668]    0.812 [0.570, 0.934]    0.375 [0.185, 0.614]    0.875 [0.640, 0.965]    0.125 [0.035, 0.360]    0.438 [0.231, 0.668]    0.062 [0.011, 0.283]    0.625 [0.386, 0.815]    0.500 [0.280, 0.720]    0.500 [0.280, 0.720]    0.562 [0.332, 0.769]    0.125 [0.035, 0.360]
meta-rune-spell           0.188 [0.066, 0.430]    0.250 [0.102, 0.495]    0.500 [0.280, 0.720]    0.438 [0.231, 0.668]    0.500 [0.280, 0.720]    0.750 [0.505, 0.898]    0.312 [0.142, 0.556]    0.750 [0.505, 0.898]    0.312 [0.142, 0.556]    0.625 [0.386, 0.815]    0.250 [0.102, 0.495]    0.875 [0.640, 0.965]    0.625 [0.386, 0.815]    0.688 [0.444, 0.858]    0.438 [0.231, 0.668]    0.562 [0.332, 0.769]
meta-rune-test-subject    0.375 [0.185, 0.614]    0.312 [0.142, 0.556]    0.625 [0.386, 0.815]    0.438 [0.231, 0.668]    0.812 [0.570, 0.934]    0.938 [0.717, 0.989]    0.250 [0.102, 0.495]    0.875 [0.640, 0.965]    0.500 [0.280, 0.720]    0.500 [0.280, 0.720]    0.375 [0.185, 0.614]    0.812 [0.570, 0.934]    0.750 [0.505, 0.898]    0.688 [0.444, 0.858]    0.688 [0.444, 0.858]    0.312 [0.142, 0.556]
meta-sword-loot           0.688 [0.444, 0.858]    0.562 [0.332, 0.769]    0.312 [0.142, 0.556]    0.688 [0.444, 0.858]    0.375 [0.185, 0.614]    0.688 [0.444, 0.858]    0.688 [0.444, 0.858]    1.000 [0.806, 1.000]    0.500 [0.280, 0.720]    0.500 [0.280, 0.720]    0.250 [0.102, 0.495]    0.875 [0.640, 0.965]    0.625 [0.386, 0.815]    0.500 [0.280, 0.720]    0.688 [0.444, 0.858]    0.312 [0.142, 0.556]
meta-sword-rally          0.688 [0.444, 0.858]    0.250 [0.102, 0.495]    0.562 [0.332, 0.769]    0.750 [0.505, 0.898]    0.688 [0.444, 0.858]    0.750 [0.505, 0.898]    0.438 [0.231, 0.668]    1.000 [0.806, 1.000]    0.438 [0.231, 0.668]    0.875 [0.640, 0.965]    0.625 [0.386, 0.815]    1.000 [0.806, 1.000]    0.938 [0.717, 0.989]    0.812 [0.570, 0.934]    0.688 [0.444, 0.858]    0.500 [0.280, 0.720]

=== summary ===
h0:value=net,net=C:\Users\agban\projects\arena\results\net5-v2\linear.json vs h0
games: 4096  decisive: 4096  draws: 0
policy_a win rate: 0.562 [0.547, 0.578]
first-player win rate: 0.552
mean turns: 8.66  mean actions: 85.84
end: lethal=4044 deckout=52 turn_cap=0 action_cap=0 no_legal=0 illegal=0
2205.092s  1.86 games/s  cpus=28
per deck:
  meta-abyss-aggro: policy_a (row) 0.547  policy_b (col) 0.512
  meta-abyss-midrange: policy_a (row) 0.723  policy_b (col) 0.633
  meta-dragon-aggro: policy_a (row) 0.648  policy_b (col) 0.516
  meta-dragon-ramp: policy_a (row) 0.559  policy_b (col) 0.438
  meta-forest-combo: policy_a (row) 0.496  policy_b (col) 0.414
  meta-haven-amulet: policy_a (row) 0.402  policy_b (col) 0.207
  meta-haven-evo: policy_a (row) 0.668  policy_b (col) 0.609
  meta-haven-kukishiro: policy_a (row) 0.203  policy_b (col) 0.109
  meta-portal-af: policy_a (row) 0.707  policy_b (col) 0.578
  meta-portal-cutthroat: policy_a (row) 0.570  policy_b (col) 0.422
  meta-portal-evo: policy_a (row) 0.691  policy_b (col) 0.633
  meta-rune-crystal: policy_a (row) 0.438  policy_b (col) 0.242
  meta-rune-spell: policy_a (row) 0.504  policy_b (col) 0.309
  meta-rune-test-subject: policy_a (row) 0.578  policy_b (col) 0.379
  meta-sword-loot: policy_a (row) 0.578  policy_b (col) 0.418
  meta-sword-rally: policy_a (row) 0.688  policy_b (col) 0.582

4096 games in 2205.092s (1.9 games/s)
wrote C:\Users\agban\projects\arena\results\net5-v2\main-linear.json
