pool: meta
decks: 16 (meta-abyss-aggro, meta-abyss-midrange, meta-dragon-aggro, meta-dragon-ramp, meta-forest-combo, meta-haven-amulet, meta-haven-evo, meta-haven-kukishiro, meta-portal-af, meta-portal-cutthroat, meta-portal-evo, meta-rune-crystal, meta-rune-spell, meta-rune-test-subject, meta-sword-loot, meta-sword-rally)
pairs: 256 (16 x 16, mirrors included)
games     2 games/pair x 256 =   512
matchup: 16 decks × 2 games = 512 games (seed=2, policy_a=h0:nodes=64000,horizon=3,k=16,tkill=10000,tkroll=8,hbcheck=2000, policy_b=h0:nodes=32000,horizon=3,k=8,tkill=10000,tkroll=8,hbcheck=2000, first=alternate, threads=None)
Win rate (row = A, col = B; cell = A's win rate)
                              meta-abyss-aggro     meta-abyss-midrange       meta-dragon-aggro        meta-dragon-ramp       meta-forest-combo       meta-haven-amulet          meta-haven-evo    meta-haven-kukishiro          meta-portal-af   meta-portal-cutthroat         meta-portal-evo       meta-rune-crystal         meta-rune-spell  meta-rune-test-subject         meta-sword-loot        meta-sword-rally
meta-abyss-aggro                         1.000                   0.000                   0.500                   1.000                   0.000                   1.000                   0.500                   0.500                   0.500                   0.500                   0.000                   1.000                   1.000                   0.500                   0.500                   0.500
meta-abyss-midrange                      1.000                   0.000                   0.500                   1.000                   0.500                   0.500                   0.500                   1.000                   0.500                   1.000                   1.000                   1.000                   0.500                   0.000                   1.000                   0.500
meta-dragon-aggro                        1.000                   0.000                   0.500                   1.000                   0.500                   1.000                   1.000                   0.500                   0.000                   0.000                   0.000                   1.000                   0.000                   0.000                   0.000                   0.000
meta-dragon-ramp                         1.000                   0.500                   0.500                   1.000                   0.000                   0.500                   0.500                   1.000                   0.500                   0.500                   0.000                   0.500                   1.000                   1.000                   0.500                   0.000
meta-forest-combo                        1.000                   0.500                   0.500                   0.500                   0.000                   0.500                   0.500                   0.500                   0.000                   1.000                   1.000                   1.000                   1.000                   0.000                   0.000                   0.000
meta-haven-amulet                        0.000                   0.500                   0.500                   0.500                   0.500                   0.500                   0.000                   1.000                   0.000                   0.000                   0.500                   1.000                   0.500                   0.000                   1.000                   0.500
meta-haven-evo                           0.500                   0.500                   1.000                   0.000                   1.000                   0.500                   0.500                   1.000                   1.000                   1.000                   0.500                   1.000                   0.500                   0.000                   0.000                   1.000
meta-haven-kukishiro                     0.500                   0.000                   0.000                   0.000                   0.000                   0.500                   0.000                   0.000                   0.000                   0.000                   0.000                   0.500                   0.000                   0.000                   0.000                   0.000
meta-portal-af                           1.000                   0.000                   1.000                   1.000                   0.000                   1.000                   0.500                   1.000                   1.000                   0.500                   0.000                   1.000                   0.000                   1.000                   0.000                   0.500
meta-portal-cutthroat                    0.500                   0.000                   1.000                   0.500                   0.500                   0.500                   0.500                   1.000                   0.000                   1.000                   0.000                   1.000                   1.000                   1.000                   1.000                   0.500
meta-portal-evo                          0.500                   0.000                   0.500                   0.500                   0.500                   1.000                   1.000                   1.000                   1.000                   0.500                   0.500                   1.000                   1.000                   0.000                   1.000                   0.500
meta-rune-crystal                        0.000                   0.500                   1.000                   0.000                   0.500                   1.000                   1.000                   1.000                   0.500                   0.500                   0.000                   1.000                   0.500                   0.000                   1.000                   0.000
meta-rune-spell                          0.000                   0.500                   1.000                   0.500                   0.000                   0.000                   0.000                   0.500                   1.000                   0.500                   0.500                   0.500                   0.000                   0.500                   1.000                   0.000
meta-rune-test-subject                   1.000                   0.000                   1.000                   0.500                   1.000                   1.000                   0.500                   1.000                   0.000                   1.000                   0.500                   0.500                   1.000                   0.000                   1.000                   0.000
meta-sword-loot                          0.000                   0.000                   0.500                   1.000                   0.000                   1.000                   1.000                   1.000                   0.000                   0.500                   0.000                   0.000                   1.000                   1.000                   0.000                   0.500
meta-sword-rally                         0.500                   1.000                   0.500                   0.500                   0.500                   1.000                   0.500                   1.000                   0.500                   0.500                   0.500                   1.000                   1.000                   0.000                   1.000                   0.500

First-player win rate / mean turns
                              meta-abyss-aggro     meta-abyss-midrange       meta-dragon-aggro        meta-dragon-ramp       meta-forest-combo       meta-haven-amulet          meta-haven-evo    meta-haven-kukishiro          meta-portal-af   meta-portal-cutthroat         meta-portal-evo       meta-rune-crystal         meta-rune-spell  meta-rune-test-subject         meta-sword-loot        meta-sword-rally
meta-abyss-aggro                 0.500 /   7.0           0.500 /   6.5           0.000 /   6.5           0.500 /   6.0           0.500 /   8.0           0.500 /   8.0           1.000 /   8.0           0.000 /   8.5           1.000 /   7.0           0.000 /   8.5           0.500 /   7.0           0.500 /   7.0           0.500 /   8.5           0.000 /   7.0           1.000 /   6.5           1.000 /   7.0
meta-abyss-midrange              0.500 /   7.0           0.500 /   7.0           1.000 /   8.0           0.500 /   7.5           1.000 /   9.0           1.000 /   9.5           0.000 /   7.0           0.500 /   7.0           1.000 /   7.5           0.500 /   7.0           0.500 /   8.0           0.500 /   8.0           1.000 /   7.5           0.500 /   7.0           0.500 /   9.0           0.000 /   6.5
meta-dragon-aggro                0.500 /   7.5           0.500 /   7.0           1.000 /   8.0           0.500 /   6.0           1.000 /   7.5           0.500 /   6.5           0.500 /   6.0           1.000 /   9.5           0.500 /   7.0           0.500 /   8.0           0.500 /   7.0           0.500 /   7.0           0.500 /   8.0           0.500 /   7.0           0.500 /   7.5           0.500 /   7.0
meta-dragon-ramp                 0.500 /   8.5           0.000 /  11.0           0.000 /  11.0           0.500 /   7.5           0.500 /   7.0           1.000 /   9.0           0.000 /  11.0           0.500 /  12.0           0.000 /   7.0           1.000 /   7.5           0.500 /   8.0           1.000 /  10.0           0.500 /  11.5           0.500 /  10.5           0.000 /   9.0           0.500 /   7.0
meta-forest-combo                0.500 /   8.0           0.000 /  10.0           0.000 /   8.0           1.000 /   7.0           0.500 /   7.5           1.000 /  10.0           0.000 /   9.0           1.000 /  11.0           0.500 /   9.5           0.500 /  11.5           0.500 /  10.5           0.500 /   8.5           0.500 /   7.0           0.500 /   7.0           0.500 /  10.0           0.500 /   7.5
meta-haven-amulet                0.500 /   5.5           1.000 /  12.5           1.000 /   9.0           1.000 /  11.0           1.000 /  16.0           0.000 /  12.5           0.500 /  14.5           0.500 /  15.5           0.500 /  10.0           0.500 /  10.0           0.000 /   9.0           0.500 /  12.0           1.000 /  10.0           0.500 /   7.0           0.500 /   9.5           1.000 /   8.0
meta-haven-evo                   1.000 /   7.0           1.000 /   7.5           0.500 /  10.5           0.500 /   8.5           0.500 /  10.0           1.000 /  11.5           1.000 /  12.5           0.500 /  10.0           0.500 /   9.5           0.500 /   8.5           1.000 /   9.0           0.500 /   8.5           1.000 /   7.5           0.500 /   9.0           0.500 /   9.5           0.500 /   8.5
meta-haven-kukishiro             0.000 /   9.0           0.500 /   8.5           0.500 /   8.5           0.500 /  15.0           0.500 /   8.5           1.000 /  12.5           0.500 /  10.5           0.500 /  18.0           0.500 /  13.5           0.500 /   9.0           0.500 /   9.5           1.000 /  13.0           0.500 /  11.0           0.500 /   7.5           0.500 /  14.0           0.500 /   8.5
meta-portal-af                   0.500 /   9.5           0.500 /   9.5           0.500 /   7.0           0.500 /   6.5           0.500 /   9.0           0.500 /   9.5           0.000 /  10.5           0.500 /   8.5           0.500 /   9.5           1.000 /   9.0           0.500 /   8.5           0.500 /   9.0           0.500 /   8.0           0.500 /   8.0           0.500 /   9.5           0.000 /   8.5
meta-portal-cutthroat            0.000 /   7.0           0.500 /   8.5           0.500 /   7.5           0.000 /  10.5           1.000 /   9.0           1.000 /   9.5           1.000 /   8.5           0.500 /  11.0           0.500 /   9.0           0.500 /   9.0           0.500 /   9.5           0.500 /  10.0           0.500 /   6.5           0.500 /  11.0           0.500 /  11.5           0.000 /   9.5
meta-portal-evo                  0.000 /   6.5           0.500 /   8.5           1.000 /   6.5           0.000 /  11.5           1.000 /  10.5           0.500 /   8.5           0.500 /   9.0           0.500 /  10.0           0.500 /   9.0           0.000 /   9.5           1.000 /   9.5           0.500 /   8.5           0.500 /   5.5           0.500 /   7.5           0.500 /   9.5           1.000 /   8.0
meta-rune-crystal                0.500 /   6.0           0.000 /   6.5           0.500 /   8.5           0.500 /   9.0           1.000 /  10.0           0.500 /   7.0           0.500 /   8.0           0.500 /  12.0           0.000 /   6.0           0.000 /  11.0           0.500 /   8.5           0.500 /   9.0           1.000 /   9.0           0.500 /  10.0           0.500 /  10.0           0.500 /   7.0
meta-rune-spell                  0.500 /   6.0           0.000 /   6.5           0.500 /   6.5           1.000 /  12.0           0.500 /   6.5           0.500 /  12.0           0.500 /  11.5           0.000 /  13.0           0.500 /   8.0           1.000 /   9.5           1.000 /   8.5           1.000 /   7.5           0.500 /   9.5           1.000 /   9.5           0.500 /   6.5           0.500 /   7.0
meta-rune-test-subject           0.500 /   9.0           0.500 /   9.0           0.500 /   8.0           1.000 /   9.0           0.500 /   8.5           0.500 /   6.5           1.000 /  10.0           0.500 /   8.5           0.500 /   8.0           0.500 /   7.5           1.000 /   9.0           0.000 /   9.0           0.500 /   7.5           0.500 /  10.0           0.500 /   8.0           0.500 /   8.0
meta-sword-loot                  0.500 /   7.0           0.500 /   8.0           0.000 /   6.5           0.500 /   7.0           0.500 /   8.5           0.500 /   9.5           0.500 /   8.0           0.500 /   8.5           0.500 /   8.5           1.000 /   9.0           0.500 /   8.5           0.500 /   8.5           0.500 /   6.0           0.500 /   7.5           0.500 /   7.5           1.000 /   8.5
meta-sword-rally                 0.000 /   5.5           0.500 /   9.0           0.000 /   7.0           1.000 /   7.0           1.000 /   8.5           0.500 /   7.0           0.000 /   7.5           0.500 /   8.0           0.000 /   8.5           1.000 /  10.0           0.000 /   8.5           0.500 /   8.0           0.500 /   6.5           0.500 /   7.5           0.500 /   7.5           1.000 /   7.5

A win rate over decisive games, Wilson 95% [lo, hi]
                              meta-abyss-aggro     meta-abyss-midrange       meta-dragon-aggro        meta-dragon-ramp       meta-forest-combo       meta-haven-amulet          meta-haven-evo    meta-haven-kukishiro          meta-portal-af   meta-portal-cutthroat         meta-portal-evo       meta-rune-crystal         meta-rune-spell  meta-rune-test-subject         meta-sword-loot        meta-sword-rally
meta-abyss-aggro          1.000 [0.342, 1.000]    0.000 [0.000, 0.658]    0.500 [0.095, 0.905]    1.000 [0.342, 1.000]    0.000 [0.000, 0.658]    1.000 [0.342, 1.000]    0.500 [0.095, 0.905]    0.500 [0.095, 0.905]    0.500 [0.095, 0.905]    0.500 [0.095, 0.905]    0.000 [0.000, 0.658]    1.000 [0.342, 1.000]    1.000 [0.342, 1.000]    0.500 [0.095, 0.905]    0.500 [0.095, 0.905]    0.500 [0.095, 0.905]
meta-abyss-midrange       1.000 [0.342, 1.000]    0.000 [0.000, 0.658]    0.500 [0.095, 0.905]    1.000 [0.342, 1.000]    0.500 [0.095, 0.905]    0.500 [0.095, 0.905]    0.500 [0.095, 0.905]    1.000 [0.342, 1.000]    0.500 [0.095, 0.905]    1.000 [0.342, 1.000]    1.000 [0.342, 1.000]    1.000 [0.342, 1.000]    0.500 [0.095, 0.905]    0.000 [0.000, 0.658]    1.000 [0.342, 1.000]    0.500 [0.095, 0.905]
meta-dragon-aggro         1.000 [0.342, 1.000]    0.000 [0.000, 0.658]    0.500 [0.095, 0.905]    1.000 [0.342, 1.000]    0.500 [0.095, 0.905]    1.000 [0.342, 1.000]    1.000 [0.342, 1.000]    0.500 [0.095, 0.905]    0.000 [0.000, 0.658]    0.000 [0.000, 0.658]    0.000 [0.000, 0.658]    1.000 [0.342, 1.000]    0.000 [0.000, 0.658]    0.000 [0.000, 0.658]    0.000 [0.000, 0.658]    0.000 [0.000, 0.658]
meta-dragon-ramp          1.000 [0.342, 1.000]    0.500 [0.095, 0.905]    0.500 [0.095, 0.905]    1.000 [0.342, 1.000]    0.000 [0.000, 0.658]    0.500 [0.095, 0.905]    0.500 [0.095, 0.905]    1.000 [0.342, 1.000]    0.500 [0.095, 0.905]    0.500 [0.095, 0.905]    0.000 [0.000, 0.658]    0.500 [0.095, 0.905]    1.000 [0.342, 1.000]    1.000 [0.342, 1.000]    0.500 [0.095, 0.905]    0.000 [0.000, 0.658]
meta-forest-combo         1.000 [0.342, 1.000]    0.500 [0.095, 0.905]    0.500 [0.095, 0.905]    0.500 [0.095, 0.905]    0.000 [0.000, 0.658]    0.500 [0.095, 0.905]    0.500 [0.095, 0.905]    0.500 [0.095, 0.905]    0.000 [0.000, 0.658]    1.000 [0.342, 1.000]    1.000 [0.342, 1.000]    1.000 [0.342, 1.000]    1.000 [0.342, 1.000]    0.000 [0.000, 0.658]    0.000 [0.000, 0.658]    0.000 [0.000, 0.658]
meta-haven-amulet         0.000 [0.000, 0.658]    0.500 [0.095, 0.905]    0.500 [0.095, 0.905]    0.500 [0.095, 0.905]    0.500 [0.095, 0.905]    0.500 [0.095, 0.905]    0.000 [0.000, 0.658]    1.000 [0.342, 1.000]    0.000 [0.000, 0.658]    0.000 [0.000, 0.658]    0.500 [0.095, 0.905]    1.000 [0.342, 1.000]    0.500 [0.095, 0.905]    0.000 [0.000, 0.658]    1.000 [0.342, 1.000]    0.500 [0.095, 0.905]
meta-haven-evo            0.500 [0.095, 0.905]    0.500 [0.095, 0.905]    1.000 [0.342, 1.000]    0.000 [0.000, 0.658]    1.000 [0.342, 1.000]    0.500 [0.095, 0.905]    0.500 [0.095, 0.905]    1.000 [0.342, 1.000]    1.000 [0.342, 1.000]    1.000 [0.342, 1.000]    0.500 [0.095, 0.905]    1.000 [0.342, 1.000]    0.500 [0.095, 0.905]    0.000 [0.000, 0.658]    0.000 [0.000, 0.658]    1.000 [0.342, 1.000]
meta-haven-kukishiro      0.500 [0.095, 0.905]    0.000 [0.000, 0.658]    0.000 [0.000, 0.658]    0.000 [0.000, 0.658]    0.000 [0.000, 0.658]    0.500 [0.095, 0.905]    0.000 [0.000, 0.658]    0.000 [0.000, 0.658]    0.000 [0.000, 0.658]    0.000 [0.000, 0.658]    0.000 [0.000, 0.658]    0.500 [0.095, 0.905]    0.000 [0.000, 0.658]    0.000 [0.000, 0.658]    0.000 [0.000, 0.658]    0.000 [0.000, 0.658]
meta-portal-af            1.000 [0.342, 1.000]    0.000 [0.000, 0.658]    1.000 [0.342, 1.000]    1.000 [0.342, 1.000]    0.000 [0.000, 0.658]    1.000 [0.342, 1.000]    0.500 [0.095, 0.905]    1.000 [0.342, 1.000]    1.000 [0.342, 1.000]    0.500 [0.095, 0.905]    0.000 [0.000, 0.658]    1.000 [0.342, 1.000]    0.000 [0.000, 0.658]    1.000 [0.342, 1.000]    0.000 [0.000, 0.658]    0.500 [0.095, 0.905]
meta-portal-cutthroat     0.500 [0.095, 0.905]    0.000 [0.000, 0.658]    1.000 [0.342, 1.000]    0.500 [0.095, 0.905]    0.500 [0.095, 0.905]    0.500 [0.095, 0.905]    0.500 [0.095, 0.905]    1.000 [0.342, 1.000]    0.000 [0.000, 0.658]    1.000 [0.342, 1.000]    0.000 [0.000, 0.658]    1.000 [0.342, 1.000]    1.000 [0.342, 1.000]    1.000 [0.342, 1.000]    1.000 [0.342, 1.000]    0.500 [0.095, 0.905]
meta-portal-evo           0.500 [0.095, 0.905]    0.000 [0.000, 0.658]    0.500 [0.095, 0.905]    0.500 [0.095, 0.905]    0.500 [0.095, 0.905]    1.000 [0.342, 1.000]    1.000 [0.342, 1.000]    1.000 [0.342, 1.000]    1.000 [0.342, 1.000]    0.500 [0.095, 0.905]    0.500 [0.095, 0.905]    1.000 [0.342, 1.000]    1.000 [0.342, 1.000]    0.000 [0.000, 0.658]    1.000 [0.342, 1.000]    0.500 [0.095, 0.905]
meta-rune-crystal         0.000 [0.000, 0.658]    0.500 [0.095, 0.905]    1.000 [0.342, 1.000]    0.000 [0.000, 0.658]    0.500 [0.095, 0.905]    1.000 [0.342, 1.000]    1.000 [0.342, 1.000]    1.000 [0.342, 1.000]    0.500 [0.095, 0.905]    0.500 [0.095, 0.905]    0.000 [0.000, 0.658]    1.000 [0.342, 1.000]    0.500 [0.095, 0.905]    0.000 [0.000, 0.658]    1.000 [0.342, 1.000]    0.000 [0.000, 0.658]
meta-rune-spell           0.000 [0.000, 0.658]    0.500 [0.095, 0.905]    1.000 [0.342, 1.000]    0.500 [0.095, 0.905]    0.000 [0.000, 0.658]    0.000 [0.000, 0.658]    0.000 [0.000, 0.658]    0.500 [0.095, 0.905]    1.000 [0.342, 1.000]    0.500 [0.095, 0.905]    0.500 [0.095, 0.905]    0.500 [0.095, 0.905]    0.000 [0.000, 0.658]    0.500 [0.095, 0.905]    1.000 [0.342, 1.000]    0.000 [0.000, 0.658]
meta-rune-test-subject    1.000 [0.342, 1.000]    0.000 [0.000, 0.658]    1.000 [0.342, 1.000]    0.500 [0.095, 0.905]    1.000 [0.342, 1.000]    1.000 [0.342, 1.000]    0.500 [0.095, 0.905]    1.000 [0.342, 1.000]    0.000 [0.000, 0.658]    1.000 [0.342, 1.000]    0.500 [0.095, 0.905]    0.500 [0.095, 0.905]    1.000 [0.342, 1.000]    0.000 [0.000, 0.658]    1.000 [0.342, 1.000]    0.000 [0.000, 0.658]
meta-sword-loot           0.000 [0.000, 0.658]    0.000 [0.000, 0.658]    0.500 [0.095, 0.905]    1.000 [0.342, 1.000]    0.000 [0.000, 0.658]    1.000 [0.342, 1.000]    1.000 [0.342, 1.000]    1.000 [0.342, 1.000]    0.000 [0.000, 0.658]    0.500 [0.095, 0.905]    0.000 [0.000, 0.658]    0.000 [0.000, 0.658]    1.000 [0.342, 1.000]    1.000 [0.342, 1.000]    0.000 [0.000, 0.658]    0.500 [0.095, 0.905]
meta-sword-rally          0.500 [0.095, 0.905]    1.000 [0.342, 1.000]    0.500 [0.095, 0.905]    0.500 [0.095, 0.905]    0.500 [0.095, 0.905]    1.000 [0.342, 1.000]    0.500 [0.095, 0.905]    1.000 [0.342, 1.000]    0.500 [0.095, 0.905]    0.500 [0.095, 0.905]    0.500 [0.095, 0.905]    1.000 [0.342, 1.000]    1.000 [0.342, 1.000]    0.000 [0.000, 0.658]    1.000 [0.342, 1.000]    0.500 [0.095, 0.905]

=== summary ===
h0:nodes=64000,horizon=3,k=16,tkill=10000,tkroll=8,hbcheck=2000 vs h0:nodes=32000,horizon=3,k=8,tkill=10000,tkroll=8,hbcheck=2000
games: 512  decisive: 512  draws: 0
policy_a win rate: 0.525 [0.482, 0.568]
first-player win rate: 0.537
mean turns: 8.71  mean actions: 87.61
end: lethal=506 deckout=6 turn_cap=0 action_cap=0 no_legal=0 illegal=0
7309.675s  0.07 games/s  cpus=28
per deck:
  meta-abyss-aggro: policy_a (row) 0.562  policy_b (col) 0.406
  meta-abyss-midrange: policy_a (row) 0.656  policy_b (col) 0.750
  meta-dragon-aggro: policy_a (row) 0.406  policy_b (col) 0.344
  meta-dragon-ramp: policy_a (row) 0.562  policy_b (col) 0.406
  meta-forest-combo: policy_a (row) 0.500  policy_b (col) 0.656
  meta-haven-amulet: policy_a (row) 0.438  policy_b (col) 0.281
  meta-haven-evo: policy_a (row) 0.625  policy_b (col) 0.469
  meta-haven-kukishiro: policy_a (row) 0.094  policy_b (col) 0.188
  meta-portal-af: policy_a (row) 0.594  policy_b (col) 0.594
  meta-portal-cutthroat: policy_a (row) 0.625  policy_b (col) 0.438
  meta-portal-evo: policy_a (row) 0.656  policy_b (col) 0.688
  meta-rune-crystal: policy_a (row) 0.531  policy_b (col) 0.188
  meta-rune-spell: policy_a (row) 0.406  policy_b (col) 0.375
  meta-rune-test-subject: policy_a (row) 0.625  policy_b (col) 0.688
  meta-sword-loot: policy_a (row) 0.469  policy_b (col) 0.438
  meta-sword-rally: policy_a (row) 0.656  policy_b (col) 0.688

512 games in 7309.675s (0.1 games/s)
wrote C:\Users\agban\projects\arena\results\sweep39b\c01-screen.json
