matchup: 16 decks × 8 games = 2048 games (seed=4, policy_a=h0, policy_b=h0:alloc=fair, first=alternate, threads=None)
Win rate (row = A, col = B; cell = A's win rate)
                           abyss-p8rfn              abyss-pool          afnm-minatodao            basic-forest            basic-portal              basic-rune             dragon-pool            elf-neanisu2             forest-pool             portal-pool              ramp-37772           ramp-claywies            royal-nattui             rune-mach15               rune-pool              sword-pool
abyss-p8rfn                      0.000                   1.000                   0.125                   1.000                   1.000                   1.000                   0.750                   0.500                   0.750                   1.000                   0.875                   0.500                   0.500                   0.625                   1.000                   0.875
abyss-pool                       0.000                   0.625                   0.000                   0.625                   1.000                   1.000                   0.375                   0.250                   0.250                   0.875                   0.125                   0.125                   0.000                   0.375                   0.750                   0.375
afnm-minatodao                   0.250                   1.000                   0.250                   1.000                   1.000                   1.000                   0.750                   0.375                   1.000                   1.000                   0.375                   0.750                   0.625                   0.625                   0.750                   0.625
basic-forest                     0.000                   0.250                   0.125                   0.500                   0.375                   0.375                   0.125                   0.000                   0.250                   0.375                   0.000                   0.125                   0.000                   0.000                   0.375                   0.125
basic-portal                     0.000                   0.000                   0.000                   0.750                   0.500                   0.875                   0.250                   0.125                   0.250                   0.375                   0.000                   0.000                   0.000                   0.125                   0.875                   0.125
basic-rune                       0.000                   0.000                   0.000                   0.375                   0.250                   0.250                   0.125                   0.000                   0.000                   0.375                   0.000                   0.125                   0.000                   0.000                   0.125                   0.000
dragon-pool                      0.250                   0.375                   0.000                   0.750                   0.750                   1.000                   0.250                   0.125                   0.375                   0.250                   0.500                   0.125                   0.000                   0.625                   1.000                   0.500
elf-neanisu2                     0.000                   0.875                   0.125                   1.000                   0.875                   1.000                   0.625                   0.250                   0.750                   1.000                   0.375                   0.625                   0.500                   0.625                   1.000                   0.750
forest-pool                      0.000                   0.625                   0.125                   0.750                   0.875                   1.000                   0.500                   0.000                   0.375                   0.750                   0.250                   0.500                   0.125                   0.125                   0.875                   0.625
portal-pool                      0.000                   0.250                   0.000                   0.750                   0.375                   0.750                   0.125                   0.000                   0.375                   0.250                   0.000                   0.125                   0.125                   0.125                   0.375                   0.000
ramp-37772                       0.125                   0.750                   0.250                   0.875                   1.000                   1.000                   0.750                   0.250                   0.625                   1.000                   0.500                   0.375                   0.125                   0.375                   0.875                   1.000
ramp-claywies                    0.000                   0.500                   0.250                   0.875                   1.000                   0.875                   0.875                   0.375                   0.500                   0.625                   0.625                   0.125                   0.125                   0.750                   1.000                   0.750
royal-nattui                     0.250                   0.875                   0.125                   1.000                   1.000                   1.000                   0.875                   0.375                   0.500                   1.000                   0.625                   0.875                   0.875                   0.625                   1.000                   0.750
rune-mach15                      0.000                   0.875                   0.125                   0.875                   1.000                   1.000                   0.500                   0.250                   0.750                   0.625                   0.500                   0.250                   0.250                   0.375                   1.000                   0.750
rune-pool                        0.000                   0.125                   0.000                   0.500                   0.375                   0.625                   0.125                   0.000                   0.000                   0.500                   0.000                   0.250                   0.000                   0.000                   0.500                   0.000
sword-pool                       0.125                   0.250                   0.375                   0.875                   1.000                   0.875                   0.625                   0.250                   0.625                   0.875                   0.250                   0.250                   0.250                   0.250                   1.000                   0.625

First-player win rate / mean turns
                           abyss-p8rfn              abyss-pool          afnm-minatodao            basic-forest            basic-portal              basic-rune             dragon-pool            elf-neanisu2             forest-pool             portal-pool              ramp-37772           ramp-claywies            royal-nattui             rune-mach15               rune-pool              sword-pool
abyss-p8rfn              0.500 /   8.4           0.500 /   7.2           0.625 /   9.1           0.500 /   7.1           0.500 /   8.1           0.500 /   7.0           0.750 /   8.8           0.500 /   9.2           0.750 /   8.5           0.500 /   7.5           0.625 /   8.2           0.750 /   9.8           0.500 /   8.0           0.375 /   7.2           0.500 /   7.5           0.625 /   8.0
abyss-pool               0.500 /   7.8           0.625 /   8.6           0.500 /   7.4           0.625 /   8.5           0.500 /   8.6           0.500 /   6.6           0.625 /   8.6           0.500 /   6.9           0.250 /   9.5           0.625 /   7.4           0.375 /   8.0           0.625 /   8.2           0.500 /   8.1           0.375 /   8.5           0.500 /   8.6           0.625 /   8.8
afnm-minatodao           0.250 /   8.0           0.500 /   8.2           0.500 /   8.0           0.500 /   7.4           0.500 /   7.1           0.500 /   6.2           0.500 /   7.9           0.875 /   8.6           0.500 /   8.4           0.500 /   7.4           0.875 /   9.2           0.750 /   7.4           0.875 /   8.1           0.375 /   8.9           0.500 /   7.4           0.625 /   8.9
basic-forest             0.500 /   7.1           0.500 /   9.0           0.625 /   6.6           0.500 /   8.5           0.625 /   9.0           0.625 /   7.9           0.625 /   7.4           0.500 /   6.8           0.750 /   7.6           0.375 /   8.5           0.500 /   8.1           0.625 /   7.9           0.500 /   7.8           0.500 /   7.1           0.625 /   9.1           0.375 /   7.9
basic-portal             0.500 /   7.5           0.500 /   7.2           0.500 /   6.8           0.500 /   8.8           0.750 /   8.6           0.375 /   8.1           0.500 /   8.0           0.625 /   6.9           0.500 /   9.1           0.625 /   9.0           0.500 /   8.0           0.500 /   8.4           0.500 /   8.2           0.625 /   8.5           0.375 /   8.2           0.625 /   6.9
basic-rune               0.500 /   6.8           0.500 /   6.9           0.500 /   5.8           0.125 /   6.9           0.250 /   7.2           0.250 /   7.1           0.375 /   7.1           0.500 /   6.8           0.500 /   7.0           0.875 /   7.5           0.500 /   8.2           0.375 /   7.0           0.500 /   6.9           0.500 /   7.1           0.375 /   8.4           0.500 /   7.2
dragon-pool              0.750 /   8.4           0.375 /   7.4           0.500 /   6.8           0.500 /   7.5           0.750 /   8.2           0.500 /   7.2           0.750 /   7.9           0.375 /   7.5           0.625 /   8.2           0.750 /   7.6           0.500 /   8.0           0.625 /   9.0           0.500 /   7.0           0.625 /   9.4           0.500 /   8.5           0.500 /   8.8
elf-neanisu2             0.500 /   8.0           0.625 /   8.4           0.625 /   8.1           0.500 /   7.8           0.375 /   8.8           0.500 /   7.1           0.375 /   9.2           0.500 /   8.2           0.500 /   7.6           0.500 /   7.9           0.625 /   9.6           0.875 /   9.0           0.750 /   8.4           0.625 /   8.6           0.500 /   8.5           0.500 /   7.9
forest-pool              0.500 /   7.5           0.625 /   8.9           0.375 /   7.2           0.500 /   7.1           0.625 /   9.0           0.500 /   7.2           0.500 /   8.1           0.500 /   7.8           0.625 /   9.2           0.750 /   8.8           0.750 /   9.6           0.500 /   8.6           0.625 /   8.5           0.625 /   9.4           0.625 /   8.5           0.875 /   8.4
portal-pool              0.500 /   7.1           0.750 /   7.2           0.500 /   6.8           0.250 /   8.5           0.625 /   8.1           0.500 /   7.4           0.625 /   8.0           0.500 /   6.9           0.625 /   8.9           0.250 /   7.5           0.500 /   7.9           0.375 /   8.2           0.375 /   7.2           0.625 /   8.1           0.375 /   8.2           0.500 /  10.2
ramp-37772               0.625 /   7.9           0.500 /   8.4           0.500 /   7.5           0.625 /   8.4           0.500 /   8.9           0.500 /   7.4           0.500 /   8.0           0.500 /   9.5           0.625 /   8.9           0.500 /   8.1           0.500 /   8.8           0.875 /   9.5           0.375 /   7.4           0.875 /   8.5           0.625 /   8.4           0.500 /   8.2
ramp-claywies            0.500 /   7.5           0.500 /   7.9           0.500 /   7.8           0.625 /   8.2           0.500 /   8.0           0.625 /   7.2           0.375 /   9.5           0.375 /   8.0           0.750 /   8.4           0.375 /   8.2           0.125 /   9.5           0.625 /   8.6           0.625 /   7.0           0.500 /   8.5           0.500 /   8.2           0.500 /   7.5
royal-nattui             0.500 /   7.6           0.625 /   8.6           0.375 /   7.8           0.500 /   7.1           0.500 /   7.1           0.500 /   6.8           0.625 /   7.1           0.625 /   7.9           0.750 /  10.6           0.500 /   7.2           0.375 /   8.4           0.625 /   7.6           0.625 /   8.5           0.625 /   7.6           0.500 /   7.5           0.250 /   8.8
rune-mach15              0.500 /   7.8           0.625 /  10.1           0.625 /   7.5           0.625 /   7.5           0.500 /   9.0           0.500 /   8.1           0.500 /   8.9           0.250 /   7.9           0.500 /   9.6           0.625 /   8.5           0.750 /   9.9           0.500 /   9.2           0.500 /   8.2           0.625 /   9.2           0.500 /   8.9           0.500 /   9.5
rune-pool                0.500 /   7.1           0.625 /   7.6           0.500 /   7.0           0.750 /   8.6           0.625 /  10.0           0.375 /   8.6           0.375 /   8.1           0.500 /   6.9           0.500 /   9.4           0.500 /   8.5           0.500 /   7.9           0.500 /   7.4           0.500 /   6.9           0.500 /   8.2           0.750 /  15.6           0.500 /  10.4
sword-pool               0.625 /   7.2           0.750 /   7.6           0.625 /  10.5           0.625 /   8.2           0.500 /   9.5           0.375 /   7.8           0.875 /   8.2           0.500 /   7.1           0.625 /  10.4           0.375 /   8.6           0.500 /   7.0           0.750 /  10.6           0.500 /   7.9           0.500 /   8.9           0.500 /  11.4           0.875 /  11.0

A win rate over decisive games, Wilson 95% [lo, hi]
                           abyss-p8rfn              abyss-pool          afnm-minatodao            basic-forest            basic-portal              basic-rune             dragon-pool            elf-neanisu2             forest-pool             portal-pool              ramp-37772           ramp-claywies            royal-nattui             rune-mach15               rune-pool              sword-pool
abyss-p8rfn       0.000 [0.000, 0.324]    1.000 [0.676, 1.000]    0.125 [0.022, 0.471]    1.000 [0.676, 1.000]    1.000 [0.676, 1.000]    1.000 [0.676, 1.000]    0.750 [0.409, 0.929]    0.500 [0.215, 0.785]    0.750 [0.409, 0.929]    1.000 [0.676, 1.000]    0.875 [0.529, 0.978]    0.500 [0.215, 0.785]    0.500 [0.215, 0.785]    0.625 [0.306, 0.863]    1.000 [0.676, 1.000]    0.875 [0.529, 0.978]
abyss-pool        0.000 [0.000, 0.324]    0.625 [0.306, 0.863]    0.000 [0.000, 0.324]    0.625 [0.306, 0.863]    1.000 [0.676, 1.000]    1.000 [0.676, 1.000]    0.375 [0.137, 0.694]    0.250 [0.071, 0.591]    0.250 [0.071, 0.591]    0.875 [0.529, 0.978]    0.125 [0.022, 0.471]    0.125 [0.022, 0.471]    0.000 [0.000, 0.324]    0.375 [0.137, 0.694]    0.750 [0.409, 0.929]    0.375 [0.137, 0.694]
afnm-minatodao    0.250 [0.071, 0.591]    1.000 [0.676, 1.000]    0.250 [0.071, 0.591]    1.000 [0.676, 1.000]    1.000 [0.676, 1.000]    1.000 [0.676, 1.000]    0.750 [0.409, 0.929]    0.375 [0.137, 0.694]    1.000 [0.676, 1.000]    1.000 [0.676, 1.000]    0.375 [0.137, 0.694]    0.750 [0.409, 0.929]    0.625 [0.306, 0.863]    0.625 [0.306, 0.863]    0.750 [0.409, 0.929]    0.625 [0.306, 0.863]
basic-forest      0.000 [0.000, 0.324]    0.250 [0.071, 0.591]    0.125 [0.022, 0.471]    0.500 [0.215, 0.785]    0.375 [0.137, 0.694]    0.375 [0.137, 0.694]    0.125 [0.022, 0.471]    0.000 [0.000, 0.324]    0.250 [0.071, 0.591]    0.375 [0.137, 0.694]    0.000 [0.000, 0.324]    0.125 [0.022, 0.471]    0.000 [0.000, 0.324]    0.000 [0.000, 0.324]    0.375 [0.137, 0.694]    0.125 [0.022, 0.471]
basic-portal      0.000 [0.000, 0.324]    0.000 [0.000, 0.324]    0.000 [0.000, 0.324]    0.750 [0.409, 0.929]    0.500 [0.215, 0.785]    0.875 [0.529, 0.978]    0.250 [0.071, 0.591]    0.125 [0.022, 0.471]    0.250 [0.071, 0.591]    0.375 [0.137, 0.694]    0.000 [0.000, 0.324]    0.000 [0.000, 0.324]    0.000 [0.000, 0.324]    0.125 [0.022, 0.471]    0.875 [0.529, 0.978]    0.125 [0.022, 0.471]
basic-rune        0.000 [0.000, 0.324]    0.000 [0.000, 0.324]    0.000 [0.000, 0.324]    0.375 [0.137, 0.694]    0.250 [0.071, 0.591]    0.250 [0.071, 0.591]    0.125 [0.022, 0.471]    0.000 [0.000, 0.324]    0.000 [0.000, 0.324]    0.375 [0.137, 0.694]    0.000 [0.000, 0.324]    0.125 [0.022, 0.471]    0.000 [0.000, 0.324]    0.000 [0.000, 0.324]    0.125 [0.022, 0.471]    0.000 [0.000, 0.324]
dragon-pool       0.250 [0.071, 0.591]    0.375 [0.137, 0.694]    0.000 [0.000, 0.324]    0.750 [0.409, 0.929]    0.750 [0.409, 0.929]    1.000 [0.676, 1.000]    0.250 [0.071, 0.591]    0.125 [0.022, 0.471]    0.375 [0.137, 0.694]    0.250 [0.071, 0.591]    0.500 [0.215, 0.785]    0.125 [0.022, 0.471]    0.000 [0.000, 0.324]    0.625 [0.306, 0.863]    1.000 [0.676, 1.000]    0.500 [0.215, 0.785]
elf-neanisu2      0.000 [0.000, 0.324]    0.875 [0.529, 0.978]    0.125 [0.022, 0.471]    1.000 [0.676, 1.000]    0.875 [0.529, 0.978]    1.000 [0.676, 1.000]    0.625 [0.306, 0.863]    0.250 [0.071, 0.591]    0.750 [0.409, 0.929]    1.000 [0.676, 1.000]    0.375 [0.137, 0.694]    0.625 [0.306, 0.863]    0.500 [0.215, 0.785]    0.625 [0.306, 0.863]    1.000 [0.676, 1.000]    0.750 [0.409, 0.929]
forest-pool       0.000 [0.000, 0.324]    0.625 [0.306, 0.863]    0.125 [0.022, 0.471]    0.750 [0.409, 0.929]    0.875 [0.529, 0.978]    1.000 [0.676, 1.000]    0.500 [0.215, 0.785]    0.000 [0.000, 0.324]    0.375 [0.137, 0.694]    0.750 [0.409, 0.929]    0.250 [0.071, 0.591]    0.500 [0.215, 0.785]    0.125 [0.022, 0.471]    0.125 [0.022, 0.471]    0.875 [0.529, 0.978]    0.625 [0.306, 0.863]
portal-pool       0.000 [0.000, 0.324]    0.250 [0.071, 0.591]    0.000 [0.000, 0.324]    0.750 [0.409, 0.929]    0.375 [0.137, 0.694]    0.750 [0.409, 0.929]    0.125 [0.022, 0.471]    0.000 [0.000, 0.324]    0.375 [0.137, 0.694]    0.250 [0.071, 0.591]    0.000 [0.000, 0.324]    0.125 [0.022, 0.471]    0.125 [0.022, 0.471]    0.125 [0.022, 0.471]    0.375 [0.137, 0.694]    0.000 [0.000, 0.324]
ramp-37772        0.125 [0.022, 0.471]    0.750 [0.409, 0.929]    0.250 [0.071, 0.591]    0.875 [0.529, 0.978]    1.000 [0.676, 1.000]    1.000 [0.676, 1.000]    0.750 [0.409, 0.929]    0.250 [0.071, 0.591]    0.625 [0.306, 0.863]    1.000 [0.676, 1.000]    0.500 [0.215, 0.785]    0.375 [0.137, 0.694]    0.125 [0.022, 0.471]    0.375 [0.137, 0.694]    0.875 [0.529, 0.978]    1.000 [0.676, 1.000]
ramp-claywies     0.000 [0.000, 0.324]    0.500 [0.215, 0.785]    0.250 [0.071, 0.591]    0.875 [0.529, 0.978]    1.000 [0.676, 1.000]    0.875 [0.529, 0.978]    0.875 [0.529, 0.978]    0.375 [0.137, 0.694]    0.500 [0.215, 0.785]    0.625 [0.306, 0.863]    0.625 [0.306, 0.863]    0.125 [0.022, 0.471]    0.125 [0.022, 0.471]    0.750 [0.409, 0.929]    1.000 [0.676, 1.000]    0.750 [0.409, 0.929]
royal-nattui      0.250 [0.071, 0.591]    0.875 [0.529, 0.978]    0.125 [0.022, 0.471]    1.000 [0.676, 1.000]    1.000 [0.676, 1.000]    1.000 [0.676, 1.000]    0.875 [0.529, 0.978]    0.375 [0.137, 0.694]    0.500 [0.215, 0.785]    1.000 [0.676, 1.000]    0.625 [0.306, 0.863]    0.875 [0.529, 0.978]    0.875 [0.529, 0.978]    0.625 [0.306, 0.863]    1.000 [0.676, 1.000]    0.750 [0.409, 0.929]
rune-mach15       0.000 [0.000, 0.324]    0.875 [0.529, 0.978]    0.125 [0.022, 0.471]    0.875 [0.529, 0.978]    1.000 [0.676, 1.000]    1.000 [0.676, 1.000]    0.500 [0.215, 0.785]    0.250 [0.071, 0.591]    0.750 [0.409, 0.929]    0.625 [0.306, 0.863]    0.500 [0.215, 0.785]    0.250 [0.071, 0.591]    0.250 [0.071, 0.591]    0.375 [0.137, 0.694]    1.000 [0.676, 1.000]    0.750 [0.409, 0.929]
rune-pool         0.000 [0.000, 0.324]    0.125 [0.022, 0.471]    0.000 [0.000, 0.324]    0.500 [0.215, 0.785]    0.375 [0.137, 0.694]    0.625 [0.306, 0.863]    0.125 [0.022, 0.471]    0.000 [0.000, 0.324]    0.000 [0.000, 0.324]    0.500 [0.215, 0.785]    0.000 [0.000, 0.324]    0.250 [0.071, 0.591]    0.000 [0.000, 0.324]    0.000 [0.000, 0.324]    0.500 [0.215, 0.785]    0.000 [0.000, 0.324]
sword-pool        0.125 [0.022, 0.471]    0.250 [0.071, 0.591]    0.375 [0.137, 0.694]    0.875 [0.529, 0.978]    1.000 [0.676, 1.000]    0.875 [0.529, 0.978]    0.625 [0.306, 0.863]    0.250 [0.071, 0.591]    0.625 [0.306, 0.863]    0.875 [0.529, 0.978]    0.250 [0.071, 0.591]    0.250 [0.071, 0.591]    0.250 [0.071, 0.591]    0.250 [0.071, 0.591]    1.000 [0.676, 1.000]    0.625 [0.306, 0.863]
2048 games in 672.860s (3.0 games/s)
wrote C:\Users\agban\projects\arena\results\sweep4\c01-reverse.json


=== summary ===
h0 vs h0:alloc=fair
games: 2048  decisive: 2048  draws: 0
policy_a win rate: 0.462 [0.441, 0.484]
first-player win rate: 0.541
mean turns: 8.15  mean actions: 75.29
end: lethal=2047 deckout=1 turn_cap=0 action_cap=0 no_legal=0 illegal=0
672.860s  3.04 games/s  cpus=28
per deck:
  abyss-p8rfn: policy_a (row) 0.719  policy_b (col) 0.938
  abyss-pool: policy_a (row) 0.422  policy_b (col) 0.477
  afnm-minatodao: policy_a (row) 0.711  policy_b (col) 0.883
  basic-forest: policy_a (row) 0.188  policy_b (col) 0.219
  basic-portal: policy_a (row) 0.266  policy_b (col) 0.227
  basic-rune: policy_a (row) 0.102  policy_b (col) 0.148
  dragon-pool: policy_a (row) 0.430  policy_b (col) 0.523
  elf-neanisu2: policy_a (row) 0.648  policy_b (col) 0.805
  forest-pool: policy_a (row) 0.469  policy_b (col) 0.539
  portal-pool: policy_a (row) 0.227  policy_b (col) 0.320
  ramp-37772: policy_a (row) 0.617  policy_b (col) 0.688
  ramp-claywies: policy_a (row) 0.578  policy_b (col) 0.680
  royal-nattui: policy_a (row) 0.734  policy_b (col) 0.781
  rune-mach15: policy_a (row) 0.570  policy_b (col) 0.648
  rune-pool: policy_a (row) 0.188  policy_b (col) 0.219
  sword-pool: policy_a (row) 0.531  policy_b (col) 0.508
