matchup: 16 decks × 16 games = 4096 games (seed=4, policy_a=h0:alloc=fair, policy_b=h0, first=alternate, threads=None)
Win rate (row = A, col = B; cell = A's win rate)
                           abyss-p8rfn              abyss-pool          afnm-minatodao            basic-forest            basic-portal              basic-rune             dragon-pool            elf-neanisu2             forest-pool             portal-pool              ramp-37772           ramp-claywies            royal-nattui             rune-mach15               rune-pool              sword-pool
abyss-p8rfn                      0.812                   1.000                   0.938                   1.000                   1.000                   1.000                   0.938                   0.750                   0.938                   1.000                   0.875                   0.938                   0.938                   0.938                   1.000                   0.938
abyss-pool                       0.125                   0.562                   0.062                   0.938                   0.938                   1.000                   0.625                   0.125                   0.438                   0.812                   0.250                   0.312                   0.125                   0.500                   0.938                   0.625
afnm-minatodao                   0.812                   1.000                   0.750                   1.000                   1.000                   1.000                   0.812                   0.938                   1.000                   1.000                   0.938                   0.938                   1.000                   1.000                   1.000                   1.000
basic-forest                     0.000                   0.125                   0.000                   0.625                   0.562                   1.000                   0.438                   0.188                   0.250                   0.375                   0.125                   0.250                   0.062                   0.000                   0.625                   0.125
basic-portal                     0.000                   0.312                   0.062                   0.688                   0.688                   0.875                   0.125                   0.000                   0.125                   0.562                   0.062                   0.375                   0.125                   0.125                   0.875                   0.062
basic-rune                       0.000                   0.125                   0.000                   0.688                   0.312                   0.625                   0.250                   0.000                   0.062                   0.062                   0.062                   0.000                   0.000                   0.188                   0.125                   0.062
dragon-pool                      0.062                   0.375                   0.062                   0.812                   0.875                   0.875                   0.562                   0.375                   0.500                   0.875                   0.188                   0.438                   0.188                   0.312                   0.875                   0.312
elf-neanisu2                     0.375                   1.000                   0.562                   1.000                   0.938                   1.000                   0.750                   0.438                   0.875                   0.875                   0.750                   0.625                   0.688                   1.000                   1.000                   0.750
forest-pool                      0.062                   0.625                   0.250                   0.875                   0.812                   1.000                   0.562                   0.500                   0.562                   0.875                   0.438                   0.625                   0.375                   0.438                   1.000                   0.500
portal-pool                      0.000                   0.375                   0.062                   0.562                   0.688                   1.000                   0.188                   0.062                   0.250                   0.500                   0.188                   0.250                   0.188                   0.250                   0.625                   0.312
ramp-37772                       0.375                   0.750                   0.375                   1.000                   1.000                   1.000                   0.875                   0.500                   0.625                   0.938                   0.625                   0.688                   0.375                   0.500                   0.938                   0.938
ramp-claywies                    0.188                   0.812                   0.250                   0.875                   1.000                   0.938                   0.938                   0.375                   0.812                   0.812                   0.562                   0.688                   0.250                   0.750                   0.938                   0.938
royal-nattui                     0.500                   0.750                   0.500                   1.000                   1.000                   1.000                   0.938                   0.688                   0.688                   1.000                   0.812                   0.812                   0.438                   0.625                   0.938                   0.875
rune-mach15                      0.375                   0.688                   0.188                   0.938                   0.875                   0.938                   0.562                   0.562                   0.875                   0.875                   0.438                   0.312                   0.500                   0.625                   0.938                   0.562
rune-pool                        0.000                   0.250                   0.000                   0.688                   0.500                   0.812                   0.125                   0.062                   0.125                   0.312                   0.125                   0.125                   0.000                   0.125                   0.688                   0.000
sword-pool                       0.000                   0.500                   0.250                   0.938                   1.000                   1.000                   0.688                   0.188                   0.875                   0.812                   0.250                   0.250                   0.062                   0.500                   0.875                   0.438

First-player win rate / mean turns
                           abyss-p8rfn              abyss-pool          afnm-minatodao            basic-forest            basic-portal              basic-rune             dragon-pool            elf-neanisu2             forest-pool             portal-pool              ramp-37772           ramp-claywies            royal-nattui             rune-mach15               rune-pool              sword-pool
abyss-p8rfn              0.562 /   8.6           0.500 /   7.6           0.562 /   8.6           0.500 /   6.8           0.500 /   7.1           0.500 /   6.7           0.562 /   8.2           0.375 /   7.9           0.562 /   7.9           0.500 /   7.4           0.625 /   7.2           0.562 /   7.8           0.438 /   7.6           0.562 /   8.3           0.500 /   6.8           0.562 /   7.7
abyss-pool               0.500 /   7.5           0.438 /   8.3           0.438 /   8.2           0.562 /   8.8           0.438 /   8.1           0.500 /   6.4           0.750 /   8.4           0.500 /   8.6           0.562 /   8.7           0.562 /   8.0           0.500 /   8.2           0.438 /   8.3           0.500 /   8.3           0.375 /   8.2           0.562 /   7.2           0.625 /   8.3
afnm-minatodao           0.438 /   8.2           0.500 /   7.3           0.375 /   7.9           0.500 /   6.9           0.500 /   6.8           0.500 /   6.1           0.562 /   7.8           0.438 /   7.4           0.500 /   7.2           0.500 /   7.0           0.438 /   7.2           0.562 /   8.0           0.500 /   8.7           0.500 /   7.6           0.500 /   6.6           0.500 /   7.4
basic-forest             0.500 /   7.4           0.625 /   8.5           0.500 /   7.3           0.375 /   8.1           0.562 /   9.2           0.500 /   7.6           0.438 /   7.4           0.438 /   7.5           0.500 /   7.7           0.500 /   8.4           0.625 /   8.7           0.375 /   7.9           0.562 /   8.1           0.500 /   7.9           0.500 /   8.2           0.375 /   8.4
basic-portal             0.500 /   7.7           0.438 /   8.1           0.562 /   7.7           0.562 /   8.3           0.562 /   9.5           0.375 /   7.4           0.500 /   9.5           0.500 /   8.3           0.375 /   9.1           0.438 /   7.8           0.562 /   8.9           0.500 /   8.6           0.500 /   8.0           0.625 /   8.8           0.625 /   9.1           0.562 /   7.5
basic-rune               0.500 /   7.5           0.625 /   6.9           0.500 /   6.1           0.562 /   8.5           0.312 /   7.4           0.125 /   7.4           0.500 /   7.7           0.500 /   7.1           0.438 /   7.4           0.438 /   7.0           0.438 /   7.9           0.500 /   8.2           0.500 /   6.8           0.562 /   8.0           0.375 /   8.9           0.562 /   7.1
dragon-pool              0.562 /   8.2           0.625 /   7.4           0.562 /   8.4           0.562 /   7.9           0.625 /   8.0           0.500 /   6.9           0.562 /   8.1           0.500 /   8.0           0.625 /   7.9           0.625 /   7.8           0.438 /   8.8           0.562 /   8.7           0.688 /   8.0           0.688 /   8.7           0.375 /   9.9           0.562 /   9.8
elf-neanisu2             0.250 /   8.4           0.500 /   7.5           0.562 /   8.1           0.500 /   7.1           0.562 /   7.5           0.500 /   6.4           0.625 /   8.8           0.562 /   8.2           0.500 /   7.9           0.375 /   7.5           0.375 /   8.5           0.750 /   7.7           0.438 /   7.7           0.500 /   8.2           0.500 /   7.3           0.625 /   7.4
forest-pool              0.562 /   8.9           0.500 /   8.9           0.500 /   8.7           0.500 /   7.6           0.688 /   7.9           0.500 /   6.9           0.688 /   8.9           0.750 /   8.4           0.688 /   8.8           0.625 /   8.2           0.688 /   8.9           0.500 /   8.5           0.875 /   9.8           0.562 /   9.6           0.500 /   8.6           0.500 /  11.1
portal-pool              0.500 /   7.7           0.625 /   8.4           0.438 /   6.9           0.312 /   7.5           0.688 /   8.6           0.500 /   7.3           0.562 /   8.8           0.562 /   7.8           0.750 /   9.3           0.250 /   7.9           0.312 /   8.2           0.500 /   8.8           0.688 /   7.4           0.500 /   8.4           0.250 /   8.4           0.562 /   9.2
ramp-37772               0.625 /   7.8           0.500 /   8.4           0.750 /   8.1           0.500 /   8.2           0.500 /   7.9           0.500 /   7.2           0.625 /   8.9           0.625 /   9.4           0.375 /   7.8           0.438 /   8.4           0.500 /   9.6           0.562 /   8.5           0.625 /   8.1           0.750 /   8.6           0.562 /   7.9           0.562 /  10.9
ramp-claywies            0.562 /   7.7           0.438 /   8.4           0.500 /   8.4           0.500 /   8.2           0.500 /   8.6           0.562 /   6.9           0.438 /   8.6           0.625 /   8.8           0.438 /   8.1           0.312 /   7.9           0.438 /   9.0           0.562 /  10.5           0.625 /   8.8           0.750 /   8.3           0.562 /   7.2           0.562 /   8.2
royal-nattui             0.500 /   7.8           0.500 /   8.8           0.500 /   8.1           0.500 /   7.5           0.500 /   6.9           0.500 /   6.4           0.438 /   7.2           0.562 /   8.6           0.688 /   8.7           0.500 /   7.1           0.438 /   7.6           0.562 /   7.3           0.688 /   8.4           0.500 /   8.8           0.562 /   7.3           0.625 /   9.1
rune-mach15              0.375 /   8.7           0.562 /   8.1           0.688 /   7.6           0.438 /   7.4           0.375 /   8.0           0.562 /   7.5           0.438 /   8.1           0.562 /   8.4           0.500 /   8.6           0.500 /   8.5           0.562 /   9.6           0.562 /   8.6           0.375 /   8.6           0.625 /   8.8           0.562 /   8.4           0.562 /   8.4
rune-pool                0.500 /   7.4           0.625 /   8.6           0.500 /   7.3           0.812 /   8.8           0.750 /   9.9           0.562 /   8.2           0.500 /   7.9           0.562 /   7.8           0.500 /   9.2           0.562 /   9.1           0.375 /   8.2           0.625 /   8.3           0.500 /   7.9           0.625 /   8.2           0.312 /  11.6           0.500 /  10.4
sword-pool               0.500 /   7.8           0.625 /   8.9           0.625 /   8.7           0.562 /   7.6           0.500 /   8.8           0.500 /   7.5           0.688 /   9.0           0.438 /   7.7           0.500 /  10.2           0.688 /   8.9           0.625 /   8.1           0.625 /   9.6           0.562 /   9.3           0.875 /   9.8           0.625 /   9.4           0.688 /  10.4

A win rate over decisive games, Wilson 95% [lo, hi]
                           abyss-p8rfn              abyss-pool          afnm-minatodao            basic-forest            basic-portal              basic-rune             dragon-pool            elf-neanisu2             forest-pool             portal-pool              ramp-37772           ramp-claywies            royal-nattui             rune-mach15               rune-pool              sword-pool
abyss-p8rfn       0.812 [0.570, 0.934]    1.000 [0.806, 1.000]    0.938 [0.717, 0.989]    1.000 [0.806, 1.000]    1.000 [0.806, 1.000]    1.000 [0.806, 1.000]    0.938 [0.717, 0.989]    0.750 [0.505, 0.898]    0.938 [0.717, 0.989]    1.000 [0.806, 1.000]    0.875 [0.640, 0.965]    0.938 [0.717, 0.989]    0.938 [0.717, 0.989]    0.938 [0.717, 0.989]    1.000 [0.806, 1.000]    0.938 [0.717, 0.989]
abyss-pool        0.125 [0.035, 0.360]    0.562 [0.332, 0.769]    0.062 [0.011, 0.283]    0.938 [0.717, 0.989]    0.938 [0.717, 0.989]    1.000 [0.806, 1.000]    0.625 [0.386, 0.815]    0.125 [0.035, 0.360]    0.438 [0.231, 0.668]    0.812 [0.570, 0.934]    0.250 [0.102, 0.495]    0.312 [0.142, 0.556]    0.125 [0.035, 0.360]    0.500 [0.280, 0.720]    0.938 [0.717, 0.989]    0.625 [0.386, 0.815]
afnm-minatodao    0.812 [0.570, 0.934]    1.000 [0.806, 1.000]    0.750 [0.505, 0.898]    1.000 [0.806, 1.000]    1.000 [0.806, 1.000]    1.000 [0.806, 1.000]    0.812 [0.570, 0.934]    0.938 [0.717, 0.989]    1.000 [0.806, 1.000]    1.000 [0.806, 1.000]    0.938 [0.717, 0.989]    0.938 [0.717, 0.989]    1.000 [0.806, 1.000]    1.000 [0.806, 1.000]    1.000 [0.806, 1.000]    1.000 [0.806, 1.000]
basic-forest      0.000 [0.000, 0.194]    0.125 [0.035, 0.360]    0.000 [0.000, 0.194]    0.625 [0.386, 0.815]    0.562 [0.332, 0.769]    1.000 [0.806, 1.000]    0.438 [0.231, 0.668]    0.188 [0.066, 0.430]    0.250 [0.102, 0.495]    0.375 [0.185, 0.614]    0.125 [0.035, 0.360]    0.250 [0.102, 0.495]    0.062 [0.011, 0.283]    0.000 [0.000, 0.194]    0.625 [0.386, 0.815]    0.125 [0.035, 0.360]
basic-portal      0.000 [0.000, 0.194]    0.312 [0.142, 0.556]    0.062 [0.011, 0.283]    0.688 [0.444, 0.858]    0.688 [0.444, 0.858]    0.875 [0.640, 0.965]    0.125 [0.035, 0.360]    0.000 [0.000, 0.194]    0.125 [0.035, 0.360]    0.562 [0.332, 0.769]    0.062 [0.011, 0.283]    0.375 [0.185, 0.614]    0.125 [0.035, 0.360]    0.125 [0.035, 0.360]    0.875 [0.640, 0.965]    0.062 [0.011, 0.283]
basic-rune        0.000 [0.000, 0.194]    0.125 [0.035, 0.360]    0.000 [0.000, 0.194]    0.688 [0.444, 0.858]    0.312 [0.142, 0.556]    0.625 [0.386, 0.815]    0.250 [0.102, 0.495]    0.000 [0.000, 0.194]    0.062 [0.011, 0.283]    0.062 [0.011, 0.283]    0.062 [0.011, 0.283]    0.000 [0.000, 0.194]    0.000 [0.000, 0.194]    0.188 [0.066, 0.430]    0.125 [0.035, 0.360]    0.062 [0.011, 0.283]
dragon-pool       0.062 [0.011, 0.283]    0.375 [0.185, 0.614]    0.062 [0.011, 0.283]    0.812 [0.570, 0.934]    0.875 [0.640, 0.965]    0.875 [0.640, 0.965]    0.562 [0.332, 0.769]    0.375 [0.185, 0.614]    0.500 [0.280, 0.720]    0.875 [0.640, 0.965]    0.188 [0.066, 0.430]    0.438 [0.231, 0.668]    0.188 [0.066, 0.430]    0.312 [0.142, 0.556]    0.875 [0.640, 0.965]    0.312 [0.142, 0.556]
elf-neanisu2      0.375 [0.185, 0.614]    1.000 [0.806, 1.000]    0.562 [0.332, 0.769]    1.000 [0.806, 1.000]    0.938 [0.717, 0.989]    1.000 [0.806, 1.000]    0.750 [0.505, 0.898]    0.438 [0.231, 0.668]    0.875 [0.640, 0.965]    0.875 [0.640, 0.965]    0.750 [0.505, 0.898]    0.625 [0.386, 0.815]    0.688 [0.444, 0.858]    1.000 [0.806, 1.000]    1.000 [0.806, 1.000]    0.750 [0.505, 0.898]
forest-pool       0.062 [0.011, 0.283]    0.625 [0.386, 0.815]    0.250 [0.102, 0.495]    0.875 [0.640, 0.965]    0.812 [0.570, 0.934]    1.000 [0.806, 1.000]    0.562 [0.332, 0.769]    0.500 [0.280, 0.720]    0.562 [0.332, 0.769]    0.875 [0.640, 0.965]    0.438 [0.231, 0.668]    0.625 [0.386, 0.815]    0.375 [0.185, 0.614]    0.438 [0.231, 0.668]    1.000 [0.806, 1.000]    0.500 [0.280, 0.720]
portal-pool       0.000 [0.000, 0.194]    0.375 [0.185, 0.614]    0.062 [0.011, 0.283]    0.562 [0.332, 0.769]    0.688 [0.444, 0.858]    1.000 [0.806, 1.000]    0.188 [0.066, 0.430]    0.062 [0.011, 0.283]    0.250 [0.102, 0.495]    0.500 [0.280, 0.720]    0.188 [0.066, 0.430]    0.250 [0.102, 0.495]    0.188 [0.066, 0.430]    0.250 [0.102, 0.495]    0.625 [0.386, 0.815]    0.312 [0.142, 0.556]
ramp-37772        0.375 [0.185, 0.614]    0.750 [0.505, 0.898]    0.375 [0.185, 0.614]    1.000 [0.806, 1.000]    1.000 [0.806, 1.000]    1.000 [0.806, 1.000]    0.875 [0.640, 0.965]    0.500 [0.280, 0.720]    0.625 [0.386, 0.815]    0.938 [0.717, 0.989]    0.625 [0.386, 0.815]    0.688 [0.444, 0.858]    0.375 [0.185, 0.614]    0.500 [0.280, 0.720]    0.938 [0.717, 0.989]    0.938 [0.717, 0.989]
ramp-claywies     0.188 [0.066, 0.430]    0.812 [0.570, 0.934]    0.250 [0.102, 0.495]    0.875 [0.640, 0.965]    1.000 [0.806, 1.000]    0.938 [0.717, 0.989]    0.938 [0.717, 0.989]    0.375 [0.185, 0.614]    0.812 [0.570, 0.934]    0.812 [0.570, 0.934]    0.562 [0.332, 0.769]    0.688 [0.444, 0.858]    0.250 [0.102, 0.495]    0.750 [0.505, 0.898]    0.938 [0.717, 0.989]    0.938 [0.717, 0.989]
royal-nattui      0.500 [0.280, 0.720]    0.750 [0.505, 0.898]    0.500 [0.280, 0.720]    1.000 [0.806, 1.000]    1.000 [0.806, 1.000]    1.000 [0.806, 1.000]    0.938 [0.717, 0.989]    0.688 [0.444, 0.858]    0.688 [0.444, 0.858]    1.000 [0.806, 1.000]    0.812 [0.570, 0.934]    0.812 [0.570, 0.934]    0.438 [0.231, 0.668]    0.625 [0.386, 0.815]    0.938 [0.717, 0.989]    0.875 [0.640, 0.965]
rune-mach15       0.375 [0.185, 0.614]    0.688 [0.444, 0.858]    0.188 [0.066, 0.430]    0.938 [0.717, 0.989]    0.875 [0.640, 0.965]    0.938 [0.717, 0.989]    0.562 [0.332, 0.769]    0.562 [0.332, 0.769]    0.875 [0.640, 0.965]    0.875 [0.640, 0.965]    0.438 [0.231, 0.668]    0.312 [0.142, 0.556]    0.500 [0.280, 0.720]    0.625 [0.386, 0.815]    0.938 [0.717, 0.989]    0.562 [0.332, 0.769]
rune-pool         0.000 [0.000, 0.194]    0.250 [0.102, 0.495]    0.000 [0.000, 0.194]    0.688 [0.444, 0.858]    0.500 [0.280, 0.720]    0.812 [0.570, 0.934]    0.125 [0.035, 0.360]    0.062 [0.011, 0.283]    0.125 [0.035, 0.360]    0.312 [0.142, 0.556]    0.125 [0.035, 0.360]    0.125 [0.035, 0.360]    0.000 [0.000, 0.194]    0.125 [0.035, 0.360]    0.688 [0.444, 0.858]    0.000 [0.000, 0.194]
sword-pool        0.000 [0.000, 0.194]    0.500 [0.280, 0.720]    0.250 [0.102, 0.495]    0.938 [0.717, 0.989]    1.000 [0.806, 1.000]    1.000 [0.806, 1.000]    0.688 [0.444, 0.858]    0.188 [0.066, 0.430]    0.875 [0.640, 0.965]    0.812 [0.570, 0.934]    0.250 [0.102, 0.495]    0.250 [0.102, 0.495]    0.062 [0.011, 0.283]    0.500 [0.280, 0.720]    0.875 [0.640, 0.965]    0.438 [0.231, 0.668]
4096 games in 1316.821s (3.1 games/s)
wrote C:\Users\agban\projects\arena\results\sweep4\c01-final.json


=== summary ===
h0:alloc=fair vs h0
games: 4096  decisive: 4096  draws: 0
policy_a win rate: 0.563 [0.548, 0.579]
first-player win rate: 0.529
mean turns: 8.16  mean actions: 75.14
end: lethal=4096 deckout=0 turn_cap=0 action_cap=0 no_legal=0 illegal=0
1316.821s  3.11 games/s  cpus=28
per deck:
  abyss-p8rfn: policy_a (row) 0.938  policy_b (col) 0.770
  abyss-pool: policy_a (row) 0.523  policy_b (col) 0.422
  afnm-minatodao: policy_a (row) 0.949  policy_b (col) 0.730
  basic-forest: policy_a (row) 0.297  policy_b (col) 0.148
  basic-portal: policy_a (row) 0.316  policy_b (col) 0.176
  basic-rune: policy_a (row) 0.160  policy_b (col) 0.059
  dragon-pool: policy_a (row) 0.480  policy_b (col) 0.414
  elf-neanisu2: policy_a (row) 0.789  policy_b (col) 0.641
  forest-pool: policy_a (row) 0.594  policy_b (col) 0.438
  portal-pool: policy_a (row) 0.344  policy_b (col) 0.270
  ramp-37772: policy_a (row) 0.719  policy_b (col) 0.582
  ramp-claywies: policy_a (row) 0.695  policy_b (col) 0.523
  royal-nattui: policy_a (row) 0.785  policy_b (col) 0.668
  rune-mach15: policy_a (row) 0.641  policy_b (col) 0.508
  rune-pool: policy_a (row) 0.246  policy_b (col) 0.164
  sword-pool: policy_a (row) 0.539  policy_b (col) 0.473
