matchup: 16 decks × 8 games = 2048 games (seed=4, policy_a=h0, policy_b=h0:alloc=fair,nodes=6000, first=alternate, threads=None)
Win rate (row = A, col = B; cell = A's win rate)
                           abyss-p8rfn              abyss-pool          afnm-minatodao            basic-forest            basic-portal              basic-rune             dragon-pool            elf-neanisu2             forest-pool             portal-pool              ramp-37772           ramp-claywies            royal-nattui             rune-mach15               rune-pool              sword-pool
abyss-p8rfn                      0.250                   1.000                   0.250                   1.000                   1.000                   1.000                   0.875                   0.375                   0.750                   1.000                   0.875                   0.625                   0.500                   0.875                   1.000                   1.000
abyss-pool                       0.000                   0.625                   0.125                   0.875                   0.875                   1.000                   0.250                   0.125                   0.125                   0.750                   0.125                   0.125                   0.000                   0.375                   0.750                   0.500
afnm-minatodao                   0.125                   1.000                   0.125                   0.875                   1.000                   1.000                   0.625                   0.250                   0.875                   1.000                   0.500                   0.875                   0.500                   0.250                   0.875                   0.875
basic-forest                     0.000                   0.250                   0.000                   0.000                   0.250                   0.625                   0.250                   0.000                   0.250                   0.250                   0.000                   0.250                   0.000                   0.000                   0.250                   0.000
basic-portal                     0.000                   0.000                   0.000                   0.625                   0.750                   0.750                   0.125                   0.000                   0.375                   0.375                   0.000                   0.000                   0.000                   0.000                   0.750                   0.125
basic-rune                       0.000                   0.000                   0.000                   0.250                   0.125                   0.375                   0.125                   0.000                   0.000                   0.250                   0.000                   0.000                   0.000                   0.000                   0.250                   0.000
dragon-pool                      0.000                   0.250                   0.000                   0.875                   0.875                   1.000                   0.375                   0.125                   0.625                   0.375                   0.375                   0.000                   0.125                   0.375                   0.875                   0.625
elf-neanisu2                     0.000                   0.750                   0.250                   1.000                   0.875                   1.000                   0.625                   0.125                   0.875                   1.000                   0.375                   0.625                   0.375                   0.250                   0.875                   0.625
forest-pool                      0.125                   0.500                   0.000                   0.750                   0.750                   0.875                   0.500                   0.000                   0.500                   1.000                   0.375                   0.375                   0.250                   0.125                   0.875                   0.500
portal-pool                      0.000                   0.250                   0.000                   0.500                   0.500                   0.750                   0.125                   0.125                   0.250                   0.250                   0.000                   0.000                   0.000                   0.250                   0.375                   0.125
ramp-37772                       0.000                   0.750                   0.250                   0.875                   1.000                   1.000                   1.000                   0.125                   0.500                   1.000                   0.625                   0.125                   0.125                   0.500                   0.875                   1.000
ramp-claywies                    0.000                   0.500                   0.125                   0.875                   1.000                   0.875                   0.375                   0.125                   0.500                   0.750                   0.500                   0.125                   0.000                   0.375                   1.000                   0.750
royal-nattui                     0.250                   0.750                   0.000                   1.000                   1.000                   1.000                   1.000                   0.500                   0.750                   1.000                   0.875                   0.750                   0.750                   0.750                   1.000                   1.000
rune-mach15                      0.000                   0.875                   0.125                   1.000                   1.000                   1.000                   0.500                   0.375                   0.625                   0.750                   0.500                   0.375                   0.125                   0.250                   0.875                   0.750
rune-pool                        0.000                   0.375                   0.000                   0.250                   0.500                   0.375                   0.125                   0.000                   0.000                   0.375                   0.000                   0.125                   0.000                   0.000                   0.375                   0.000
sword-pool                       0.125                   0.375                   0.250                   0.875                   0.875                   0.875                   0.750                   0.125                   0.625                   0.875                   0.250                   0.125                   0.000                   0.250                   1.000                   0.750

First-player win rate / mean turns
                           abyss-p8rfn              abyss-pool          afnm-minatodao            basic-forest            basic-portal              basic-rune             dragon-pool            elf-neanisu2             forest-pool             portal-pool              ramp-37772           ramp-claywies            royal-nattui             rune-mach15               rune-pool              sword-pool
abyss-p8rfn              0.500 /   7.5           0.500 /   7.9           0.750 /   8.4           0.500 /   7.1           0.500 /   8.6           0.500 /   7.0           0.625 /   8.2           0.375 /   7.8           0.500 /   7.2           0.500 /   7.5           0.375 /   7.4           0.875 /   8.9           0.250 /   7.6           0.625 /   8.1           0.500 /   7.0           0.500 /   7.5
abyss-pool               0.500 /   7.4           0.625 /   8.0           0.375 /   7.2           0.625 /   9.0           0.375 /   8.9           0.500 /   6.5           0.500 /   8.5           0.375 /   7.1           0.625 /   9.4           0.750 /   7.8           0.625 /   7.8           0.625 /   8.6           0.500 /   8.1           0.625 /   7.9           0.500 /   8.6           0.500 /   8.2
afnm-minatodao           0.375 /   7.9           0.500 /   8.4           0.375 /   7.4           0.625 /   7.4           0.500 /   7.0           0.500 /   6.4           0.625 /   8.5           0.500 /   7.8           0.625 /   8.6           0.500 /   7.5           0.750 /  10.1           0.625 /   7.2           0.750 /   8.5           0.750 /   8.4           0.375 /   7.4           0.375 /   7.9
basic-forest             0.500 /   7.1           0.500 /   9.1           0.500 /   6.2           0.500 /   8.2           0.500 /   9.2           0.375 /   7.1           0.500 /   7.6           0.500 /   6.9           0.750 /   7.1           0.750 /   8.6           0.500 /   7.9           0.500 /   7.5           0.500 /   7.9           0.500 /   7.2           0.750 /   8.8           0.500 /   7.8
basic-portal             0.500 /   6.9           0.500 /   7.1           0.500 /   6.5           0.375 /   8.1           0.750 /  10.8           0.500 /   8.5           0.375 /   7.5           0.500 /   7.6           0.375 /   8.6           0.625 /   9.4           0.500 /   8.1           0.500 /   8.4           0.500 /   8.4           0.500 /   7.6           0.500 /   9.2           0.625 /   7.0
basic-rune               0.500 /   6.6           0.500 /   6.0           0.500 /   5.6           0.500 /   7.0           0.375 /   7.4           0.375 /   7.4           0.375 /   6.9           0.500 /   6.9           0.500 /   7.0           0.750 /   7.2           0.500 /   8.2           0.500 /   6.9           0.500 /   6.6           0.500 /   7.4           0.250 /   9.0           0.500 /   7.2
dragon-pool              0.500 /   7.5           0.500 /   7.6           0.500 /   6.6           0.625 /   7.6           0.625 /   8.5           0.500 /   7.8           0.625 /   7.4           0.375 /   7.4           0.625 /   8.4           0.625 /   7.9           0.375 /   8.2           0.500 /   8.2           0.625 /   7.8           0.375 /   8.6           0.375 /   9.4           0.625 /   9.0
elf-neanisu2             0.500 /   7.4           0.500 /   8.9           0.500 /   8.0           0.500 /   7.6           0.375 /   8.0           0.500 /   6.9           0.375 /   8.8           0.375 /   8.6           0.375 /   7.2           0.500 /   8.0           0.375 /   9.0           0.875 /   8.2           0.375 /   8.0           0.750 /   8.5           0.375 /   7.0           0.625 /   8.1
forest-pool              0.625 /   7.8           0.750 /   8.4           0.500 /   7.2           0.500 /   6.9           0.500 /   9.5           0.375 /   7.0           0.500 /   9.4           0.500 /   7.4           1.000 /  10.2           0.500 /   9.1           0.625 /   9.8           0.375 /   8.6           0.750 /   9.0           0.625 /   9.0           0.625 /   8.6           1.000 /   8.8
portal-pool              0.500 /   7.4           0.750 /   7.4           0.500 /   6.8           0.500 /   8.5           0.750 /   8.4           0.500 /   7.1           0.625 /   7.9           0.375 /   6.5           0.500 /  10.4           0.500 /   8.0           0.500 /   7.9           0.500 /   8.5           0.500 /   7.0           0.500 /   7.9           0.375 /   8.4           0.625 /  10.6
ramp-37772               0.500 /   7.8           0.500 /   8.8           0.750 /   7.1           0.625 /   8.4           0.500 /   9.4           0.500 /   7.5           0.500 /   8.5           0.375 /   7.9           0.500 /   8.0           0.500 /   8.6           0.625 /   9.4           0.625 /   8.5           0.375 /   7.9           1.000 /  10.6           0.625 /   8.5           0.500 /   8.4
ramp-claywies            0.500 /   8.0           0.250 /   7.6           0.375 /   7.2           0.625 /   8.2           0.500 /   8.8           0.625 /   7.1           0.375 /   9.6           0.625 /   8.0           0.500 /   8.4           0.500 /   8.5           0.000 /   9.4           0.625 /   7.8           0.500 /   6.6           0.375 /   8.1           0.500 /   7.8           0.500 /   8.1
royal-nattui             0.500 /   7.0           0.750 /   8.6           0.500 /   7.9           0.500 /   7.4           0.500 /   8.1           0.500 /   7.5           0.500 /   6.8           0.250 /   7.9           0.500 /   8.8           0.500 /   7.2           0.625 /   7.9           0.750 /   8.4           0.750 /   9.0           0.500 /   7.5           0.500 /   7.6           0.500 /   8.8
rune-mach15              0.500 /   7.1           0.625 /   9.9           0.625 /   7.4           0.500 /   8.1           0.500 /   9.0           0.500 /   8.2           0.500 /   8.6           0.375 /   8.0           0.625 /  10.6           0.750 /   8.4           0.750 /   9.2           0.625 /   9.8           0.625 /   8.9           0.500 /   9.2           0.625 /   9.5           0.250 /   9.2
rune-pool                0.500 /   7.0           0.875 /   7.6           0.500 /   6.8           0.500 /   7.5           0.500 /  10.2           0.375 /   7.9           0.375 /   8.1           0.500 /   6.5           0.500 /   8.0           0.625 /   9.0           0.500 /   7.4           0.625 /   7.5           0.500 /   7.4           0.500 /   8.8           0.875 /  12.2           0.500 /  10.6
sword-pool               0.625 /   7.8           0.875 /   7.9           0.750 /   8.8           0.625 /   8.4           0.625 /  10.0           0.375 /   8.5           0.750 /   8.2           0.625 /   7.2           0.875 /  11.9           0.625 /   8.6           0.500 /   7.2           0.375 /  10.4           0.500 /   7.8           0.750 /  10.1           0.500 /  10.8           0.750 /  11.2

A win rate over decisive games, Wilson 95% [lo, hi]
                           abyss-p8rfn              abyss-pool          afnm-minatodao            basic-forest            basic-portal              basic-rune             dragon-pool            elf-neanisu2             forest-pool             portal-pool              ramp-37772           ramp-claywies            royal-nattui             rune-mach15               rune-pool              sword-pool
abyss-p8rfn       0.250 [0.071, 0.591]    1.000 [0.676, 1.000]    0.250 [0.071, 0.591]    1.000 [0.676, 1.000]    1.000 [0.676, 1.000]    1.000 [0.676, 1.000]    0.875 [0.529, 0.978]    0.375 [0.137, 0.694]    0.750 [0.409, 0.929]    1.000 [0.676, 1.000]    0.875 [0.529, 0.978]    0.625 [0.306, 0.863]    0.500 [0.215, 0.785]    0.875 [0.529, 0.978]    1.000 [0.676, 1.000]    1.000 [0.676, 1.000]
abyss-pool        0.000 [0.000, 0.324]    0.625 [0.306, 0.863]    0.125 [0.022, 0.471]    0.875 [0.529, 0.978]    0.875 [0.529, 0.978]    1.000 [0.676, 1.000]    0.250 [0.071, 0.591]    0.125 [0.022, 0.471]    0.125 [0.022, 0.471]    0.750 [0.409, 0.929]    0.125 [0.022, 0.471]    0.125 [0.022, 0.471]    0.000 [0.000, 0.324]    0.375 [0.137, 0.694]    0.750 [0.409, 0.929]    0.500 [0.215, 0.785]
afnm-minatodao    0.125 [0.022, 0.471]    1.000 [0.676, 1.000]    0.125 [0.022, 0.471]    0.875 [0.529, 0.978]    1.000 [0.676, 1.000]    1.000 [0.676, 1.000]    0.625 [0.306, 0.863]    0.250 [0.071, 0.591]    0.875 [0.529, 0.978]    1.000 [0.676, 1.000]    0.500 [0.215, 0.785]    0.875 [0.529, 0.978]    0.500 [0.215, 0.785]    0.250 [0.071, 0.591]    0.875 [0.529, 0.978]    0.875 [0.529, 0.978]
basic-forest      0.000 [0.000, 0.324]    0.250 [0.071, 0.591]    0.000 [0.000, 0.324]    0.000 [0.000, 0.324]    0.250 [0.071, 0.591]    0.625 [0.306, 0.863]    0.250 [0.071, 0.591]    0.000 [0.000, 0.324]    0.250 [0.071, 0.591]    0.250 [0.071, 0.591]    0.000 [0.000, 0.324]    0.250 [0.071, 0.591]    0.000 [0.000, 0.324]    0.000 [0.000, 0.324]    0.250 [0.071, 0.591]    0.000 [0.000, 0.324]
basic-portal      0.000 [0.000, 0.324]    0.000 [0.000, 0.324]    0.000 [0.000, 0.324]    0.625 [0.306, 0.863]    0.750 [0.409, 0.929]    0.750 [0.409, 0.929]    0.125 [0.022, 0.471]    0.000 [0.000, 0.324]    0.375 [0.137, 0.694]    0.375 [0.137, 0.694]    0.000 [0.000, 0.324]    0.000 [0.000, 0.324]    0.000 [0.000, 0.324]    0.000 [0.000, 0.324]    0.750 [0.409, 0.929]    0.125 [0.022, 0.471]
basic-rune        0.000 [0.000, 0.324]    0.000 [0.000, 0.324]    0.000 [0.000, 0.324]    0.250 [0.071, 0.591]    0.125 [0.022, 0.471]    0.375 [0.137, 0.694]    0.125 [0.022, 0.471]    0.000 [0.000, 0.324]    0.000 [0.000, 0.324]    0.250 [0.071, 0.591]    0.000 [0.000, 0.324]    0.000 [0.000, 0.324]    0.000 [0.000, 0.324]    0.000 [0.000, 0.324]    0.250 [0.071, 0.591]    0.000 [0.000, 0.324]
dragon-pool       0.000 [0.000, 0.324]    0.250 [0.071, 0.591]    0.000 [0.000, 0.324]    0.875 [0.529, 0.978]    0.875 [0.529, 0.978]    1.000 [0.676, 1.000]    0.375 [0.137, 0.694]    0.125 [0.022, 0.471]    0.625 [0.306, 0.863]    0.375 [0.137, 0.694]    0.375 [0.137, 0.694]    0.000 [0.000, 0.324]    0.125 [0.022, 0.471]    0.375 [0.137, 0.694]    0.875 [0.529, 0.978]    0.625 [0.306, 0.863]
elf-neanisu2      0.000 [0.000, 0.324]    0.750 [0.409, 0.929]    0.250 [0.071, 0.591]    1.000 [0.676, 1.000]    0.875 [0.529, 0.978]    1.000 [0.676, 1.000]    0.625 [0.306, 0.863]    0.125 [0.022, 0.471]    0.875 [0.529, 0.978]    1.000 [0.676, 1.000]    0.375 [0.137, 0.694]    0.625 [0.306, 0.863]    0.375 [0.137, 0.694]    0.250 [0.071, 0.591]    0.875 [0.529, 0.978]    0.625 [0.306, 0.863]
forest-pool       0.125 [0.022, 0.471]    0.500 [0.215, 0.785]    0.000 [0.000, 0.324]    0.750 [0.409, 0.929]    0.750 [0.409, 0.929]    0.875 [0.529, 0.978]    0.500 [0.215, 0.785]    0.000 [0.000, 0.324]    0.500 [0.215, 0.785]    1.000 [0.676, 1.000]    0.375 [0.137, 0.694]    0.375 [0.137, 0.694]    0.250 [0.071, 0.591]    0.125 [0.022, 0.471]    0.875 [0.529, 0.978]    0.500 [0.215, 0.785]
portal-pool       0.000 [0.000, 0.324]    0.250 [0.071, 0.591]    0.000 [0.000, 0.324]    0.500 [0.215, 0.785]    0.500 [0.215, 0.785]    0.750 [0.409, 0.929]    0.125 [0.022, 0.471]    0.125 [0.022, 0.471]    0.250 [0.071, 0.591]    0.250 [0.071, 0.591]    0.000 [0.000, 0.324]    0.000 [0.000, 0.324]    0.000 [0.000, 0.324]    0.250 [0.071, 0.591]    0.375 [0.137, 0.694]    0.125 [0.022, 0.471]
ramp-37772        0.000 [0.000, 0.324]    0.750 [0.409, 0.929]    0.250 [0.071, 0.591]    0.875 [0.529, 0.978]    1.000 [0.676, 1.000]    1.000 [0.676, 1.000]    1.000 [0.676, 1.000]    0.125 [0.022, 0.471]    0.500 [0.215, 0.785]    1.000 [0.676, 1.000]    0.625 [0.306, 0.863]    0.125 [0.022, 0.471]    0.125 [0.022, 0.471]    0.500 [0.215, 0.785]    0.875 [0.529, 0.978]    1.000 [0.676, 1.000]
ramp-claywies     0.000 [0.000, 0.324]    0.500 [0.215, 0.785]    0.125 [0.022, 0.471]    0.875 [0.529, 0.978]    1.000 [0.676, 1.000]    0.875 [0.529, 0.978]    0.375 [0.137, 0.694]    0.125 [0.022, 0.471]    0.500 [0.215, 0.785]    0.750 [0.409, 0.929]    0.500 [0.215, 0.785]    0.125 [0.022, 0.471]    0.000 [0.000, 0.324]    0.375 [0.137, 0.694]    1.000 [0.676, 1.000]    0.750 [0.409, 0.929]
royal-nattui      0.250 [0.071, 0.591]    0.750 [0.409, 0.929]    0.000 [0.000, 0.324]    1.000 [0.676, 1.000]    1.000 [0.676, 1.000]    1.000 [0.676, 1.000]    1.000 [0.676, 1.000]    0.500 [0.215, 0.785]    0.750 [0.409, 0.929]    1.000 [0.676, 1.000]    0.875 [0.529, 0.978]    0.750 [0.409, 0.929]    0.750 [0.409, 0.929]    0.750 [0.409, 0.929]    1.000 [0.676, 1.000]    1.000 [0.676, 1.000]
rune-mach15       0.000 [0.000, 0.324]    0.875 [0.529, 0.978]    0.125 [0.022, 0.471]    1.000 [0.676, 1.000]    1.000 [0.676, 1.000]    1.000 [0.676, 1.000]    0.500 [0.215, 0.785]    0.375 [0.137, 0.694]    0.625 [0.306, 0.863]    0.750 [0.409, 0.929]    0.500 [0.215, 0.785]    0.375 [0.137, 0.694]    0.125 [0.022, 0.471]    0.250 [0.071, 0.591]    0.875 [0.529, 0.978]    0.750 [0.409, 0.929]
rune-pool         0.000 [0.000, 0.324]    0.375 [0.137, 0.694]    0.000 [0.000, 0.324]    0.250 [0.071, 0.591]    0.500 [0.215, 0.785]    0.375 [0.137, 0.694]    0.125 [0.022, 0.471]    0.000 [0.000, 0.324]    0.000 [0.000, 0.324]    0.375 [0.137, 0.694]    0.000 [0.000, 0.324]    0.125 [0.022, 0.471]    0.000 [0.000, 0.324]    0.000 [0.000, 0.324]    0.375 [0.137, 0.694]    0.000 [0.000, 0.324]
sword-pool        0.125 [0.022, 0.471]    0.375 [0.137, 0.694]    0.250 [0.071, 0.591]    0.875 [0.529, 0.978]    0.875 [0.529, 0.978]    0.875 [0.529, 0.978]    0.750 [0.409, 0.929]    0.125 [0.022, 0.471]    0.625 [0.306, 0.863]    0.875 [0.529, 0.978]    0.250 [0.071, 0.591]    0.125 [0.022, 0.471]    0.000 [0.000, 0.324]    0.250 [0.071, 0.591]    1.000 [0.676, 1.000]    0.750 [0.409, 0.929]
2048 games in 1031.959s (2.0 games/s)
wrote C:\Users\agban\projects\arena\results\sweep4\c02-reverse.json


=== summary ===
h0 vs h0:alloc=fair,nodes=6000
games: 2048  decisive: 2048  draws: 0
policy_a win rate: 0.448 [0.426, 0.469]
first-player win rate: 0.537
mean turns: 8.11  mean actions: 75.05
end: lethal=2047 deckout=1 turn_cap=0 action_cap=0 no_legal=0 illegal=0
1031.959s  1.98 games/s  cpus=28
per deck:
  abyss-p8rfn: policy_a (row) 0.773  policy_b (col) 0.945
  abyss-pool: policy_a (row) 0.414  policy_b (col) 0.484
  afnm-minatodao: policy_a (row) 0.672  policy_b (col) 0.906
  basic-forest: policy_a (row) 0.148  policy_b (col) 0.273
  basic-portal: policy_a (row) 0.242  policy_b (col) 0.227
  basic-rune: policy_a (row) 0.086  policy_b (col) 0.156
  dragon-pool: policy_a (row) 0.430  policy_b (col) 0.523
  elf-neanisu2: policy_a (row) 0.602  policy_b (col) 0.852
  forest-pool: policy_a (row) 0.469  policy_b (col) 0.523
  portal-pool: policy_a (row) 0.219  policy_b (col) 0.312
  ramp-37772: policy_a (row) 0.609  policy_b (col) 0.664
  ramp-claywies: policy_a (row) 0.492  policy_b (col) 0.719
  royal-nattui: policy_a (row) 0.773  policy_b (col) 0.828
  rune-mach15: policy_a (row) 0.570  policy_b (col) 0.711
  rune-pool: policy_a (row) 0.156  policy_b (col) 0.250
  sword-pool: policy_a (row) 0.508  policy_b (col) 0.461
