matchup: 16 decks × 16 games = 4096 games (seed=4, policy_a=h0:alloc=fair,nodes=6000, policy_b=h0, first=alternate, threads=None)
Win rate (row = A, col = B; cell = A's win rate)
                           abyss-p8rfn              abyss-pool          afnm-minatodao            basic-forest            basic-portal              basic-rune             dragon-pool            elf-neanisu2             forest-pool             portal-pool              ramp-37772           ramp-claywies            royal-nattui             rune-mach15               rune-pool              sword-pool
abyss-p8rfn                      0.750                   1.000                   0.812                   1.000                   1.000                   1.000                   0.812                   0.750                   1.000                   1.000                   0.875                   0.875                   1.000                   0.875                   1.000                   1.000
abyss-pool                       0.000                   0.750                   0.125                   0.875                   0.875                   0.938                   0.625                   0.188                   0.688                   0.812                   0.500                   0.438                   0.125                   0.375                   1.000                   0.750
afnm-minatodao                   0.812                   1.000                   0.750                   1.000                   1.000                   1.000                   0.938                   0.812                   0.875                   1.000                   1.000                   0.938                   0.875                   0.875                   1.000                   1.000
basic-forest                     0.000                   0.250                   0.062                   0.625                   0.688                   1.000                   0.375                   0.125                   0.250                   0.562                   0.188                   0.188                   0.000                   0.125                   0.750                   0.125
basic-portal                     0.062                   0.250                   0.062                   0.812                   0.875                   0.812                   0.312                   0.250                   0.188                   0.750                   0.125                   0.188                   0.188                   0.125                   0.625                   0.062
basic-rune                       0.062                   0.188                   0.000                   0.625                   0.438                   0.500                   0.188                   0.000                   0.000                   0.188                   0.125                   0.000                   0.000                   0.062                   0.312                   0.062
dragon-pool                      0.062                   0.438                   0.125                   0.875                   0.875                   1.000                   0.375                   0.250                   0.500                   0.812                   0.188                   0.438                   0.188                   0.375                   0.938                   0.438
elf-neanisu2                     0.562                   1.000                   0.625                   1.000                   0.938                   1.000                   0.875                   0.500                   0.750                   0.938                   0.812                   0.812                   0.562                   0.938                   1.000                   0.750
forest-pool                      0.250                   0.875                   0.312                   1.000                   0.875                   1.000                   0.625                   0.375                   0.562                   0.938                   0.438                   0.562                   0.250                   0.375                   0.875                   0.562
portal-pool                      0.062                   0.312                   0.000                   0.750                   0.688                   1.000                   0.250                   0.188                   0.375                   0.688                   0.188                   0.188                   0.125                   0.125                   0.812                   0.375
ramp-37772                       0.312                   0.812                   0.312                   1.000                   1.000                   1.000                   0.812                   0.500                   0.688                   1.000                   0.625                   0.500                   0.250                   0.562                   0.938                   0.875
ramp-claywies                    0.375                   0.750                   0.312                   0.875                   1.000                   0.875                   1.000                   0.312                   0.750                   0.750                   0.562                   0.688                   0.188                   0.688                   0.938                   1.000
royal-nattui                     0.375                   0.812                   0.562                   1.000                   0.875                   1.000                   0.938                   0.625                   0.875                   1.000                   0.812                   0.875                   0.438                   0.625                   1.000                   0.812
rune-mach15                      0.312                   0.875                   0.312                   0.938                   0.875                   1.000                   0.688                   0.750                   0.875                   0.938                   0.688                   0.562                   0.562                   0.750                   0.938                   0.875
rune-pool                        0.000                   0.375                   0.000                   0.625                   0.500                   0.688                   0.125                   0.000                   0.312                   0.438                   0.125                   0.062                   0.000                   0.125                   0.562                   0.062
sword-pool                       0.000                   0.625                   0.438                   0.812                   1.000                   1.000                   0.688                   0.250                   0.688                   0.750                   0.312                   0.250                   0.188                   0.500                   0.938                   0.562

First-player win rate / mean turns
                           abyss-p8rfn              abyss-pool          afnm-minatodao            basic-forest            basic-portal              basic-rune             dragon-pool            elf-neanisu2             forest-pool             portal-pool              ramp-37772           ramp-claywies            royal-nattui             rune-mach15               rune-pool              sword-pool
abyss-p8rfn              0.500 /   8.3           0.500 /   7.6           0.688 /   7.9           0.500 /   6.6           0.500 /   7.2           0.500 /   6.7           0.688 /   7.6           0.500 /   8.0           0.500 /   7.1           0.500 /   7.0           0.500 /   7.5           0.500 /   8.4           0.500 /   7.5           0.625 /   7.6           0.500 /   6.9           0.500 /   7.4
abyss-pool               0.500 /   8.0           0.500 /   8.5           0.500 /   7.9           0.625 /   8.4           0.375 /   7.9           0.438 /   6.1           0.625 /   8.3           0.562 /   8.8           0.562 /   9.0           0.562 /   7.1           0.625 /   7.9           0.438 /   8.0           0.625 /   8.3           0.500 /   8.8           0.500 /   7.1           0.625 /   8.2
afnm-minatodao           0.562 /   8.0           0.500 /   7.3           0.500 /   8.0           0.500 /   6.8           0.500 /   6.6           0.500 /   6.0           0.438 /   7.0           0.688 /   7.8           0.500 /   6.8           0.500 /   7.1           0.500 /   7.2           0.562 /   7.4           0.500 /   8.3           0.625 /   7.7           0.500 /   6.5           0.500 /   7.3
basic-forest             0.500 /   7.6           0.500 /   7.9           0.438 /   7.7           0.750 /   9.2           0.562 /   9.2           0.500 /   7.3           0.500 /   7.5           0.375 /   8.2           0.625 /   7.4           0.562 /   8.1           0.688 /   8.4           0.438 /   8.2           0.500 /   8.0           0.500 /   8.2           0.250 /   7.4           0.375 /   8.4
basic-portal             0.438 /   8.2           0.625 /   8.5           0.438 /   7.7           0.438 /   7.8           0.500 /   9.5           0.312 /   7.4           0.438 /   8.6           0.500 /   8.6           0.438 /   8.9           0.500 /   8.6           0.625 /   9.1           0.562 /   8.7           0.688 /   8.1           0.625 /   8.9           0.375 /   9.4           0.562 /   7.6
basic-rune               0.562 /   7.6           0.562 /   7.1           0.500 /   6.0           0.375 /   7.4           0.312 /   7.4           0.125 /   7.3           0.438 /   7.4           0.500 /   6.9           0.500 /   7.4           0.438 /   6.8           0.500 /   7.9           0.500 /   7.7           0.500 /   6.8           0.438 /   7.4           0.438 /   8.6           0.562 /   7.3
dragon-pool              0.562 /   8.4           0.688 /   8.0           0.625 /   8.2           0.500 /   7.8           0.625 /   7.4           0.500 /   6.8           0.625 /   7.9           0.625 /   8.3           0.625 /   8.8           0.688 /   7.9           0.438 /   9.4           0.688 /   8.7           0.562 /   7.6           0.750 /   8.6           0.438 /  11.1           0.562 /   8.8
elf-neanisu2             0.438 /   8.3           0.500 /   7.9           0.375 /   7.8           0.500 /   7.0           0.438 /   6.9           0.500 /   6.4           0.500 /   7.8           0.625 /   8.3           0.500 /   7.1           0.438 /   7.6           0.438 /   8.2           0.688 /   8.2           0.562 /   7.6           0.438 /   8.1           0.500 /   7.0           0.500 /   8.2
forest-pool              0.375 /   8.3           0.500 /   9.5           0.312 /   8.1           0.500 /   7.6           0.625 /   7.6           0.500 /   6.7           0.375 /   8.7           0.500 /   8.8           0.688 /   9.0           0.562 /   7.2           0.688 /   8.8           0.438 /   8.2           0.625 /   9.9           0.625 /   9.3           0.625 /   7.6           0.688 /  10.1
portal-pool              0.438 /   7.4           0.688 /   9.2           0.500 /   7.1           0.250 /   7.7           0.812 /   9.1           0.500 /   7.2           0.500 /   8.7           0.438 /   7.2           0.625 /   9.1           0.312 /   8.4           0.438 /   8.4           0.438 /   9.5           0.625 /   7.3           0.375 /   8.1           0.438 /   8.7           0.500 /   9.2
ramp-37772               0.688 /   7.6           0.438 /   8.3           0.688 /   8.2           0.500 /   7.9           0.500 /   7.8           0.500 /   7.2           0.562 /   8.6           0.750 /   8.1           0.438 /   8.0           0.500 /   8.6           0.375 /   9.4           0.625 /  10.1           0.375 /   7.8           0.688 /   9.1           0.562 /   7.9           0.625 /   9.8
ramp-claywies            0.500 /   8.1           0.500 /   7.8           0.562 /   8.1           0.500 /   8.3           0.500 /   8.3           0.625 /   6.8           0.500 /   8.1           0.562 /   8.5           0.500 /   8.2           0.375 /   7.8           0.438 /   9.4           0.562 /   9.6           0.562 /   8.1           0.562 /   8.2           0.562 /   7.4           0.500 /   8.1
royal-nattui             0.750 /   7.9           0.688 /   8.4           0.562 /   7.9           0.500 /   6.9           0.500 /   6.9           0.500 /   6.6           0.562 /   6.9           0.750 /   8.3           0.625 /   8.9           0.500 /   7.4           0.438 /   8.4           0.500 /   7.6           0.812 /   8.9           0.500 /   8.1           0.500 /   7.4           0.562 /   8.4
rune-mach15              0.438 /   8.1           0.375 /   8.1           0.688 /   8.2           0.438 /   7.5           0.500 /   8.2           0.500 /   7.3           0.438 /   8.4           0.750 /   9.0           0.625 /   8.8           0.562 /   7.8           0.688 /   9.0           0.562 /   8.4           0.312 /   8.4           0.625 /   8.3           0.562 /   7.6           0.500 /   9.7
rune-pool                0.500 /   7.5           0.750 /   7.8           0.500 /   7.2           0.750 /   8.1           0.750 /   9.3           0.562 /   8.4           0.500 /   9.1           0.500 /   7.7           0.562 /  10.3           0.688 /   8.8           0.500 /   8.1           0.562 /   8.9           0.500 /   7.6           0.625 /   7.9           0.312 /  10.4           0.438 /  10.1
sword-pool               0.500 /   8.3           0.625 /   8.8           0.688 /   7.8           0.562 /   7.5           0.500 /   8.2           0.500 /   7.3           0.688 /   9.2           0.500 /   7.5           0.688 /   9.4           0.500 /   9.1           0.688 /   8.3           0.750 /  10.5           0.562 /   8.6           0.625 /   9.8           0.562 /  10.7           0.562 /  10.3

A win rate over decisive games, Wilson 95% [lo, hi]
                           abyss-p8rfn              abyss-pool          afnm-minatodao            basic-forest            basic-portal              basic-rune             dragon-pool            elf-neanisu2             forest-pool             portal-pool              ramp-37772           ramp-claywies            royal-nattui             rune-mach15               rune-pool              sword-pool
abyss-p8rfn       0.750 [0.505, 0.898]    1.000 [0.806, 1.000]    0.812 [0.570, 0.934]    1.000 [0.806, 1.000]    1.000 [0.806, 1.000]    1.000 [0.806, 1.000]    0.812 [0.570, 0.934]    0.750 [0.505, 0.898]    1.000 [0.806, 1.000]    1.000 [0.806, 1.000]    0.875 [0.640, 0.965]    0.875 [0.640, 0.965]    1.000 [0.806, 1.000]    0.875 [0.640, 0.965]    1.000 [0.806, 1.000]    1.000 [0.806, 1.000]
abyss-pool        0.000 [0.000, 0.194]    0.750 [0.505, 0.898]    0.125 [0.035, 0.360]    0.875 [0.640, 0.965]    0.875 [0.640, 0.965]    0.938 [0.717, 0.989]    0.625 [0.386, 0.815]    0.188 [0.066, 0.430]    0.688 [0.444, 0.858]    0.812 [0.570, 0.934]    0.500 [0.280, 0.720]    0.438 [0.231, 0.668]    0.125 [0.035, 0.360]    0.375 [0.185, 0.614]    1.000 [0.806, 1.000]    0.750 [0.505, 0.898]
afnm-minatodao    0.812 [0.570, 0.934]    1.000 [0.806, 1.000]    0.750 [0.505, 0.898]    1.000 [0.806, 1.000]    1.000 [0.806, 1.000]    1.000 [0.806, 1.000]    0.938 [0.717, 0.989]    0.812 [0.570, 0.934]    0.875 [0.640, 0.965]    1.000 [0.806, 1.000]    1.000 [0.806, 1.000]    0.938 [0.717, 0.989]    0.875 [0.640, 0.965]    0.875 [0.640, 0.965]    1.000 [0.806, 1.000]    1.000 [0.806, 1.000]
basic-forest      0.000 [0.000, 0.194]    0.250 [0.102, 0.495]    0.062 [0.011, 0.283]    0.625 [0.386, 0.815]    0.688 [0.444, 0.858]    1.000 [0.806, 1.000]    0.375 [0.185, 0.614]    0.125 [0.035, 0.360]    0.250 [0.102, 0.495]    0.562 [0.332, 0.769]    0.188 [0.066, 0.430]    0.188 [0.066, 0.430]    0.000 [0.000, 0.194]    0.125 [0.035, 0.360]    0.750 [0.505, 0.898]    0.125 [0.035, 0.360]
basic-portal      0.062 [0.011, 0.283]    0.250 [0.102, 0.495]    0.062 [0.011, 0.283]    0.812 [0.570, 0.934]    0.875 [0.640, 0.965]    0.812 [0.570, 0.934]    0.312 [0.142, 0.556]    0.250 [0.102, 0.495]    0.188 [0.066, 0.430]    0.750 [0.505, 0.898]    0.125 [0.035, 0.360]    0.188 [0.066, 0.430]    0.188 [0.066, 0.430]    0.125 [0.035, 0.360]    0.625 [0.386, 0.815]    0.062 [0.011, 0.283]
basic-rune        0.062 [0.011, 0.283]    0.188 [0.066, 0.430]    0.000 [0.000, 0.194]    0.625 [0.386, 0.815]    0.438 [0.231, 0.668]    0.500 [0.280, 0.720]    0.188 [0.066, 0.430]    0.000 [0.000, 0.194]    0.000 [0.000, 0.194]    0.188 [0.066, 0.430]    0.125 [0.035, 0.360]    0.000 [0.000, 0.194]    0.000 [0.000, 0.194]    0.062 [0.011, 0.283]    0.312 [0.142, 0.556]    0.062 [0.011, 0.283]
dragon-pool       0.062 [0.011, 0.283]    0.438 [0.231, 0.668]    0.125 [0.035, 0.360]    0.875 [0.640, 0.965]    0.875 [0.640, 0.965]    1.000 [0.806, 1.000]    0.375 [0.185, 0.614]    0.250 [0.102, 0.495]    0.500 [0.280, 0.720]    0.812 [0.570, 0.934]    0.188 [0.066, 0.430]    0.438 [0.231, 0.668]    0.188 [0.066, 0.430]    0.375 [0.185, 0.614]    0.938 [0.717, 0.989]    0.438 [0.231, 0.668]
elf-neanisu2      0.562 [0.332, 0.769]    1.000 [0.806, 1.000]    0.625 [0.386, 0.815]    1.000 [0.806, 1.000]    0.938 [0.717, 0.989]    1.000 [0.806, 1.000]    0.875 [0.640, 0.965]    0.500 [0.280, 0.720]    0.750 [0.505, 0.898]    0.938 [0.717, 0.989]    0.812 [0.570, 0.934]    0.812 [0.570, 0.934]    0.562 [0.332, 0.769]    0.938 [0.717, 0.989]    1.000 [0.806, 1.000]    0.750 [0.505, 0.898]
forest-pool       0.250 [0.102, 0.495]    0.875 [0.640, 0.965]    0.312 [0.142, 0.556]    1.000 [0.806, 1.000]    0.875 [0.640, 0.965]    1.000 [0.806, 1.000]    0.625 [0.386, 0.815]    0.375 [0.185, 0.614]    0.562 [0.332, 0.769]    0.938 [0.717, 0.989]    0.438 [0.231, 0.668]    0.562 [0.332, 0.769]    0.250 [0.102, 0.495]    0.375 [0.185, 0.614]    0.875 [0.640, 0.965]    0.562 [0.332, 0.769]
portal-pool       0.062 [0.011, 0.283]    0.312 [0.142, 0.556]    0.000 [0.000, 0.194]    0.750 [0.505, 0.898]    0.688 [0.444, 0.858]    1.000 [0.806, 1.000]    0.250 [0.102, 0.495]    0.188 [0.066, 0.430]    0.375 [0.185, 0.614]    0.688 [0.444, 0.858]    0.188 [0.066, 0.430]    0.188 [0.066, 0.430]    0.125 [0.035, 0.360]    0.125 [0.035, 0.360]    0.812 [0.570, 0.934]    0.375 [0.185, 0.614]
ramp-37772        0.312 [0.142, 0.556]    0.812 [0.570, 0.934]    0.312 [0.142, 0.556]    1.000 [0.806, 1.000]    1.000 [0.806, 1.000]    1.000 [0.806, 1.000]    0.812 [0.570, 0.934]    0.500 [0.280, 0.720]    0.688 [0.444, 0.858]    1.000 [0.806, 1.000]    0.625 [0.386, 0.815]    0.500 [0.280, 0.720]    0.250 [0.102, 0.495]    0.562 [0.332, 0.769]    0.938 [0.717, 0.989]    0.875 [0.640, 0.965]
ramp-claywies     0.375 [0.185, 0.614]    0.750 [0.505, 0.898]    0.312 [0.142, 0.556]    0.875 [0.640, 0.965]    1.000 [0.806, 1.000]    0.875 [0.640, 0.965]    1.000 [0.806, 1.000]    0.312 [0.142, 0.556]    0.750 [0.505, 0.898]    0.750 [0.505, 0.898]    0.562 [0.332, 0.769]    0.688 [0.444, 0.858]    0.188 [0.066, 0.430]    0.688 [0.444, 0.858]    0.938 [0.717, 0.989]    1.000 [0.806, 1.000]
royal-nattui      0.375 [0.185, 0.614]    0.812 [0.570, 0.934]    0.562 [0.332, 0.769]    1.000 [0.806, 1.000]    0.875 [0.640, 0.965]    1.000 [0.806, 1.000]    0.938 [0.717, 0.989]    0.625 [0.386, 0.815]    0.875 [0.640, 0.965]    1.000 [0.806, 1.000]    0.812 [0.570, 0.934]    0.875 [0.640, 0.965]    0.438 [0.231, 0.668]    0.625 [0.386, 0.815]    1.000 [0.806, 1.000]    0.812 [0.570, 0.934]
rune-mach15       0.312 [0.142, 0.556]    0.875 [0.640, 0.965]    0.312 [0.142, 0.556]    0.938 [0.717, 0.989]    0.875 [0.640, 0.965]    1.000 [0.806, 1.000]    0.688 [0.444, 0.858]    0.750 [0.505, 0.898]    0.875 [0.640, 0.965]    0.938 [0.717, 0.989]    0.688 [0.444, 0.858]    0.562 [0.332, 0.769]    0.562 [0.332, 0.769]    0.750 [0.505, 0.898]    0.938 [0.717, 0.989]    0.875 [0.640, 0.965]
rune-pool         0.000 [0.000, 0.194]    0.375 [0.185, 0.614]    0.000 [0.000, 0.194]    0.625 [0.386, 0.815]    0.500 [0.280, 0.720]    0.688 [0.444, 0.858]    0.125 [0.035, 0.360]    0.000 [0.000, 0.194]    0.312 [0.142, 0.556]    0.438 [0.231, 0.668]    0.125 [0.035, 0.360]    0.062 [0.011, 0.283]    0.000 [0.000, 0.194]    0.125 [0.035, 0.360]    0.562 [0.332, 0.769]    0.062 [0.011, 0.283]
sword-pool        0.000 [0.000, 0.194]    0.625 [0.386, 0.815]    0.438 [0.231, 0.668]    0.812 [0.570, 0.934]    1.000 [0.806, 1.000]    1.000 [0.806, 1.000]    0.688 [0.444, 0.858]    0.250 [0.102, 0.495]    0.688 [0.444, 0.858]    0.750 [0.505, 0.898]    0.312 [0.142, 0.556]    0.250 [0.102, 0.495]    0.188 [0.066, 0.430]    0.500 [0.280, 0.720]    0.938 [0.717, 0.989]    0.562 [0.332, 0.769]
4096 games in 2073.745s (2.0 games/s)
wrote C:\Users\agban\projects\arena\results\sweep4\c02-final.json


=== summary ===
h0:alloc=fair,nodes=6000 vs h0
games: 4096  decisive: 4096  draws: 0
policy_a win rate: 0.583 [0.568, 0.598]
first-player win rate: 0.532
mean turns: 8.08  mean actions: 74.66
end: lethal=4095 deckout=1 turn_cap=0 action_cap=0 no_legal=0 illegal=0
2073.745s  1.98 games/s  cpus=28
per deck:
  abyss-p8rfn: policy_a (row) 0.922  policy_b (col) 0.750
  abyss-pool: policy_a (row) 0.566  policy_b (col) 0.355
  afnm-minatodao: policy_a (row) 0.930  policy_b (col) 0.699
  basic-forest: policy_a (row) 0.332  policy_b (col) 0.137
  basic-portal: policy_a (row) 0.355  policy_b (col) 0.156
  basic-rune: policy_a (row) 0.172  policy_b (col) 0.074
  dragon-pool: policy_a (row) 0.492  policy_b (col) 0.398
  elf-neanisu2: policy_a (row) 0.816  policy_b (col) 0.633
  forest-pool: policy_a (row) 0.617  policy_b (col) 0.414
  portal-pool: policy_a (row) 0.383  policy_b (col) 0.215
  ramp-37772: policy_a (row) 0.699  policy_b (col) 0.527
  ramp-claywies: policy_a (row) 0.691  policy_b (col) 0.527
  royal-nattui: policy_a (row) 0.789  policy_b (col) 0.691
  rune-mach15: policy_a (row) 0.746  policy_b (col) 0.531
  rune-pool: policy_a (row) 0.250  policy_b (col) 0.148
  sword-pool: policy_a (row) 0.562  policy_b (col) 0.418
