matchup: 16 decks × 4 games = 1024 games (seed=4, policy_a=h0:alloc=fair,depth=4, policy_b=h0, first=alternate, threads=None)
Win rate (row = A, col = B; cell = A's win rate)
                           abyss-p8rfn              abyss-pool          afnm-minatodao            basic-forest            basic-portal              basic-rune             dragon-pool            elf-neanisu2             forest-pool             portal-pool              ramp-37772           ramp-claywies            royal-nattui             rune-mach15               rune-pool              sword-pool
abyss-p8rfn                      0.250                   1.000                   1.000                   1.000                   1.000                   1.000                   0.750                   1.000                   1.000                   1.000                   0.750                   1.000                   1.000                   1.000                   1.000                   1.000
abyss-pool                       0.000                   0.500                   0.250                   1.000                   1.000                   1.000                   0.500                   0.250                   0.750                   0.500                   0.250                   0.500                   0.000                   0.500                   0.750                   0.750
afnm-minatodao                   0.500                   1.000                   0.750                   1.000                   1.000                   1.000                   1.000                   0.500                   0.750                   1.000                   1.000                   1.000                   0.750                   1.000                   1.000                   1.000
basic-forest                     0.000                   0.000                   0.000                   0.250                   0.250                   0.750                   0.500                   0.000                   0.500                   0.500                   0.250                   0.500                   0.250                   0.250                   0.500                   0.000
basic-portal                     0.000                   0.250                   0.000                   0.500                   0.500                   1.000                   0.000                   0.250                   0.250                   0.750                   0.000                   0.250                   0.000                   0.250                   0.750                   0.250
basic-rune                       0.000                   0.250                   0.000                   0.000                   0.500                   0.500                   0.250                   0.000                   0.000                   0.000                   0.250                   0.000                   0.000                   0.000                   0.000                   0.000
dragon-pool                      0.250                   0.750                   0.250                   1.000                   0.500                   0.750                   0.500                   0.250                   0.750                   0.500                   0.250                   0.250                   0.000                   0.750                   1.000                   0.750
elf-neanisu2                     0.750                   1.000                   0.250                   1.000                   1.000                   1.000                   0.500                   0.000                   0.750                   1.000                   0.750                   0.750                   0.500                   1.000                   1.000                   0.750
forest-pool                      0.250                   0.750                   0.000                   0.750                   1.000                   1.000                   0.750                   0.250                   0.500                   0.750                   0.750                   0.250                   0.250                   0.500                   1.000                   0.500
portal-pool                      0.000                   0.500                   0.000                   0.500                   0.750                   1.000                   0.000                   0.250                   0.250                   0.500                   0.000                   0.750                   0.000                   0.250                   0.750                   0.250
ramp-37772                       0.750                   0.750                   0.500                   1.000                   1.000                   1.000                   1.000                   0.500                   0.250                   0.750                   0.750                   0.250                   0.250                   0.750                   1.000                   1.000
ramp-claywies                    0.000                   0.750                   0.250                   0.750                   1.000                   1.000                   1.000                   0.750                   0.500                   0.500                   0.250                   0.750                   0.250                   0.500                   1.000                   0.750
royal-nattui                     0.500                   0.500                   0.500                   1.000                   1.000                   1.000                   1.000                   0.750                   0.750                   1.000                   0.750                   1.000                   0.750                   1.000                   1.000                   0.750
rune-mach15                      0.000                   1.000                   0.250                   1.000                   1.000                   0.750                   0.250                   1.000                   1.000                   0.750                   0.750                   0.250                   0.750                   0.750                   1.000                   0.500
rune-pool                        0.000                   0.250                   0.000                   0.750                   0.500                   0.250                   0.250                   0.000                   0.500                   0.500                   0.250                   0.250                   0.000                   0.250                   0.500                   0.000
sword-pool                       0.000                   0.250                   0.250                   1.000                   0.750                   1.000                   0.750                   0.250                   1.000                   1.000                   0.250                   0.250                   0.250                   0.750                   1.000                   0.250

First-player win rate / mean turns
                           abyss-p8rfn              abyss-pool          afnm-minatodao            basic-forest            basic-portal              basic-rune             dragon-pool            elf-neanisu2             forest-pool             portal-pool              ramp-37772           ramp-claywies            royal-nattui             rune-mach15               rune-pool              sword-pool
abyss-p8rfn              0.750 /   9.5           0.500 /   7.0           0.500 /   8.2           0.500 /   6.5           0.500 /   7.0           0.500 /   7.0           0.750 /   8.2           0.500 /   8.5           0.500 /   7.2           0.500 /   7.2           0.750 /   7.5           0.500 /   7.2           0.500 /   7.0           0.500 /   8.0           0.500 /   6.5           0.500 /   7.0
abyss-pool               0.500 /   7.5           0.500 /   8.2           0.250 /   8.0           0.500 /   8.8           0.500 /   8.0           0.500 /   5.8           0.500 /   8.0           0.250 /   7.2           0.250 /   7.0           0.500 /   7.5           0.750 /   7.8           0.500 /   8.5           0.500 /   8.5           0.500 /   9.2           0.250 /   6.8           0.750 /   9.8
afnm-minatodao           0.500 /   8.2           0.500 /   7.5           0.750 /   8.5           0.500 /   7.2           0.500 /   7.0           0.500 /   6.0           0.500 /   8.8           0.500 /   8.5           0.750 /   8.5           0.500 /   6.8           0.500 /   7.8           0.500 /   8.2           0.750 /   9.2           0.500 /   7.8           0.500 /   6.2           0.500 /   8.0
basic-forest             0.500 /   7.2           0.500 /   7.5           0.500 /   7.0           0.750 /   9.0           0.250 /   8.8           0.250 /   6.8           0.500 /   8.0           0.500 /   9.0           1.000 /   7.2           0.500 /   9.0           0.750 /   8.8           1.000 /   7.8           0.250 /   7.8           0.250 /   8.8           0.000 /   7.2           0.500 /   7.8
basic-portal             0.500 /   7.8           0.250 /   7.2           0.500 /   7.8           1.000 /   8.5           0.500 /   8.8           0.500 /   6.5           0.500 /   9.2           0.750 /   8.5           0.750 /  10.2           0.750 /   7.8           0.500 /   9.0           0.250 /   9.2           0.500 /   8.5           0.750 /   9.2           0.750 /  11.2           0.250 /   8.5
basic-rune               0.500 /   7.8           0.750 /   5.8           0.500 /   6.5           0.500 /   9.2           0.500 /   6.8           0.000 /   6.5           0.250 /   7.0           0.500 /   6.8           0.500 /   7.8           0.500 /   6.5           0.250 /   7.5           0.500 /   7.5           0.500 /   7.0           0.500 /   7.2           0.500 /   8.2           0.500 /   7.0
dragon-pool              0.750 /   8.8           0.750 /   8.0           0.750 /   8.2           0.500 /   7.2           1.000 /   7.8           0.750 /   7.0           1.000 /   8.2           0.750 /   8.2           0.750 /   8.2           1.000 /   8.2           0.250 /   8.5           0.750 /   8.8           0.500 /   7.0           0.750 /   8.2           0.500 /   9.5           0.250 /   9.2
elf-neanisu2             0.250 /   7.2           0.500 /   9.0           0.750 /   9.2           0.500 /   7.0           0.500 /   6.8           0.500 /   6.2           0.000 /   8.0           0.500 /   7.5           0.250 /   7.5           0.500 /   6.8           0.750 /   7.8           0.750 /   7.0           1.000 /   8.2           0.500 /   7.5           0.500 /   7.0           0.750 /   7.8
forest-pool              0.750 /   9.0           0.750 /  10.0           0.500 /   9.0           0.750 /   7.5           0.500 /   7.0           0.500 /   6.2           0.750 /   8.2           0.750 /  10.0           0.500 /   7.0           0.750 /   8.8           0.750 /   8.2           0.750 /  11.5           0.750 /  12.0           0.500 /  10.0           0.500 /   8.5           1.000 /   8.8
portal-pool              0.500 /   7.2           0.500 /   9.2           0.500 /   8.0           0.500 /   8.2           0.750 /   8.5           0.500 /   7.0           0.500 /   8.5           0.750 /   8.5           0.750 /  11.2           0.000 /   7.0           0.500 /   8.0           0.250 /   8.0           0.500 /   7.0           0.750 /   7.8           0.750 /   8.0           0.750 /   9.2
ramp-37772               0.250 /   8.5           0.250 /   7.8           1.000 /   8.0           0.500 /   8.5           0.500 /   8.0           0.500 /   7.2           0.500 /   8.5           0.500 /   9.0           0.750 /   7.8           0.750 /   8.5           0.250 /  12.2           0.250 /   8.8           0.250 /   7.8           0.750 /  11.8           0.500 /   8.5           0.500 /   9.2
ramp-claywies            0.500 /   7.2           0.250 /   7.8           0.250 /   7.2           0.750 /   7.5           0.500 /   8.0           0.500 /   7.0           0.500 /   7.8           0.250 /  10.0           0.500 /   7.5           0.500 /   9.0           0.750 /  12.0           0.250 /  10.5           0.750 /   8.2           0.500 /   7.8           0.500 /   7.0           0.750 /   8.0
royal-nattui             0.500 /   7.5           1.000 /   8.8           0.500 /   8.0           0.500 /   6.2           0.500 /   8.5           0.500 /   7.0           0.500 /   6.5           0.750 /   8.5           0.250 /   7.2           0.500 /   7.5           0.250 /   7.5           0.500 /   7.8           0.750 /   7.8           0.500 /   7.2           0.500 /   7.8           0.250 /   8.8
rune-mach15              0.500 /   8.0           0.500 /   9.0           0.750 /   9.0           0.500 /   7.5           0.500 /   7.2           0.750 /   6.8           0.750 /   8.5           0.500 /   8.8           0.500 /  10.2           0.250 /   7.2           0.250 /  10.0           0.750 /   8.5           0.250 /   8.0           0.750 /   8.2           0.500 /   8.2           0.500 /   9.5
rune-pool                0.500 /   6.5           0.750 /   9.0           0.500 /   7.8           0.750 /   8.5           1.000 /  13.8           0.750 /   8.5           0.750 /   9.0           0.500 /   7.0           0.000 /  10.2           1.000 /  11.5           0.250 /   8.0           0.750 /   7.2           0.500 /   7.5           0.750 /   8.5           0.500 /  10.5           0.500 /  11.2
sword-pool               0.500 /   8.0           0.750 /   7.8           0.250 /   9.0           0.500 /   8.0           0.250 /   8.8           0.500 /   9.0           0.750 /   8.8           0.250 /   7.0           0.500 /  11.0           0.500 /   9.0           0.750 /   9.8           0.750 /   9.5           0.250 /   8.5           0.750 /  10.0           0.500 /   9.2           0.750 /  10.8

A win rate over decisive games, Wilson 95% [lo, hi]
                           abyss-p8rfn              abyss-pool          afnm-minatodao            basic-forest            basic-portal              basic-rune             dragon-pool            elf-neanisu2             forest-pool             portal-pool              ramp-37772           ramp-claywies            royal-nattui             rune-mach15               rune-pool              sword-pool
abyss-p8rfn       0.250 [0.046, 0.699]    1.000 [0.510, 1.000]    1.000 [0.510, 1.000]    1.000 [0.510, 1.000]    1.000 [0.510, 1.000]    1.000 [0.510, 1.000]    0.750 [0.301, 0.954]    1.000 [0.510, 1.000]    1.000 [0.510, 1.000]    1.000 [0.510, 1.000]    0.750 [0.301, 0.954]    1.000 [0.510, 1.000]    1.000 [0.510, 1.000]    1.000 [0.510, 1.000]    1.000 [0.510, 1.000]    1.000 [0.510, 1.000]
abyss-pool        0.000 [0.000, 0.490]    0.500 [0.150, 0.850]    0.250 [0.046, 0.699]    1.000 [0.510, 1.000]    1.000 [0.510, 1.000]    1.000 [0.510, 1.000]    0.500 [0.150, 0.850]    0.250 [0.046, 0.699]    0.750 [0.301, 0.954]    0.500 [0.150, 0.850]    0.250 [0.046, 0.699]    0.500 [0.150, 0.850]    0.000 [0.000, 0.490]    0.500 [0.150, 0.850]    0.750 [0.301, 0.954]    0.750 [0.301, 0.954]
afnm-minatodao    0.500 [0.150, 0.850]    1.000 [0.510, 1.000]    0.750 [0.301, 0.954]    1.000 [0.510, 1.000]    1.000 [0.510, 1.000]    1.000 [0.510, 1.000]    1.000 [0.510, 1.000]    0.500 [0.150, 0.850]    0.750 [0.301, 0.954]    1.000 [0.510, 1.000]    1.000 [0.510, 1.000]    1.000 [0.510, 1.000]    0.750 [0.301, 0.954]    1.000 [0.510, 1.000]    1.000 [0.510, 1.000]    1.000 [0.510, 1.000]
basic-forest      0.000 [0.000, 0.490]    0.000 [0.000, 0.490]    0.000 [0.000, 0.490]    0.250 [0.046, 0.699]    0.250 [0.046, 0.699]    0.750 [0.301, 0.954]    0.500 [0.150, 0.850]    0.000 [0.000, 0.490]    0.500 [0.150, 0.850]    0.500 [0.150, 0.850]    0.250 [0.046, 0.699]    0.500 [0.150, 0.850]    0.250 [0.046, 0.699]    0.250 [0.046, 0.699]    0.500 [0.150, 0.850]    0.000 [0.000, 0.490]
basic-portal      0.000 [0.000, 0.490]    0.250 [0.046, 0.699]    0.000 [0.000, 0.490]    0.500 [0.150, 0.850]    0.500 [0.150, 0.850]    1.000 [0.510, 1.000]    0.000 [0.000, 0.490]    0.250 [0.046, 0.699]    0.250 [0.046, 0.699]    0.750 [0.301, 0.954]    0.000 [0.000, 0.490]    0.250 [0.046, 0.699]    0.000 [0.000, 0.490]    0.250 [0.046, 0.699]    0.750 [0.301, 0.954]    0.250 [0.046, 0.699]
basic-rune        0.000 [0.000, 0.490]    0.250 [0.046, 0.699]    0.000 [0.000, 0.490]    0.000 [0.000, 0.490]    0.500 [0.150, 0.850]    0.500 [0.150, 0.850]    0.250 [0.046, 0.699]    0.000 [0.000, 0.490]    0.000 [0.000, 0.490]    0.000 [0.000, 0.490]    0.250 [0.046, 0.699]    0.000 [0.000, 0.490]    0.000 [0.000, 0.490]    0.000 [0.000, 0.490]    0.000 [0.000, 0.490]    0.000 [0.000, 0.490]
dragon-pool       0.250 [0.046, 0.699]    0.750 [0.301, 0.954]    0.250 [0.046, 0.699]    1.000 [0.510, 1.000]    0.500 [0.150, 0.850]    0.750 [0.301, 0.954]    0.500 [0.150, 0.850]    0.250 [0.046, 0.699]    0.750 [0.301, 0.954]    0.500 [0.150, 0.850]    0.250 [0.046, 0.699]    0.250 [0.046, 0.699]    0.000 [0.000, 0.490]    0.750 [0.301, 0.954]    1.000 [0.510, 1.000]    0.750 [0.301, 0.954]
elf-neanisu2      0.750 [0.301, 0.954]    1.000 [0.510, 1.000]    0.250 [0.046, 0.699]    1.000 [0.510, 1.000]    1.000 [0.510, 1.000]    1.000 [0.510, 1.000]    0.500 [0.150, 0.850]    0.000 [0.000, 0.490]    0.750 [0.301, 0.954]    1.000 [0.510, 1.000]    0.750 [0.301, 0.954]    0.750 [0.301, 0.954]    0.500 [0.150, 0.850]    1.000 [0.510, 1.000]    1.000 [0.510, 1.000]    0.750 [0.301, 0.954]
forest-pool       0.250 [0.046, 0.699]    0.750 [0.301, 0.954]    0.000 [0.000, 0.490]    0.750 [0.301, 0.954]    1.000 [0.510, 1.000]    1.000 [0.510, 1.000]    0.750 [0.301, 0.954]    0.250 [0.046, 0.699]    0.500 [0.150, 0.850]    0.750 [0.301, 0.954]    0.750 [0.301, 0.954]    0.250 [0.046, 0.699]    0.250 [0.046, 0.699]    0.500 [0.150, 0.850]    1.000 [0.510, 1.000]    0.500 [0.150, 0.850]
portal-pool       0.000 [0.000, 0.490]    0.500 [0.150, 0.850]    0.000 [0.000, 0.490]    0.500 [0.150, 0.850]    0.750 [0.301, 0.954]    1.000 [0.510, 1.000]    0.000 [0.000, 0.490]    0.250 [0.046, 0.699]    0.250 [0.046, 0.699]    0.500 [0.150, 0.850]    0.000 [0.000, 0.490]    0.750 [0.301, 0.954]    0.000 [0.000, 0.490]    0.250 [0.046, 0.699]    0.750 [0.301, 0.954]    0.250 [0.046, 0.699]
ramp-37772        0.750 [0.301, 0.954]    0.750 [0.301, 0.954]    0.500 [0.150, 0.850]    1.000 [0.510, 1.000]    1.000 [0.510, 1.000]    1.000 [0.510, 1.000]    1.000 [0.510, 1.000]    0.500 [0.150, 0.850]    0.250 [0.046, 0.699]    0.750 [0.301, 0.954]    0.750 [0.301, 0.954]    0.250 [0.046, 0.699]    0.250 [0.046, 0.699]    0.750 [0.301, 0.954]    1.000 [0.510, 1.000]    1.000 [0.510, 1.000]
ramp-claywies     0.000 [0.000, 0.490]    0.750 [0.301, 0.954]    0.250 [0.046, 0.699]    0.750 [0.301, 0.954]    1.000 [0.510, 1.000]    1.000 [0.510, 1.000]    1.000 [0.510, 1.000]    0.750 [0.301, 0.954]    0.500 [0.150, 0.850]    0.500 [0.150, 0.850]    0.250 [0.046, 0.699]    0.750 [0.301, 0.954]    0.250 [0.046, 0.699]    0.500 [0.150, 0.850]    1.000 [0.510, 1.000]    0.750 [0.301, 0.954]
royal-nattui      0.500 [0.150, 0.850]    0.500 [0.150, 0.850]    0.500 [0.150, 0.850]    1.000 [0.510, 1.000]    1.000 [0.510, 1.000]    1.000 [0.510, 1.000]    1.000 [0.510, 1.000]    0.750 [0.301, 0.954]    0.750 [0.301, 0.954]    1.000 [0.510, 1.000]    0.750 [0.301, 0.954]    1.000 [0.510, 1.000]    0.750 [0.301, 0.954]    1.000 [0.510, 1.000]    1.000 [0.510, 1.000]    0.750 [0.301, 0.954]
rune-mach15       0.000 [0.000, 0.490]    1.000 [0.510, 1.000]    0.250 [0.046, 0.699]    1.000 [0.510, 1.000]    1.000 [0.510, 1.000]    0.750 [0.301, 0.954]    0.250 [0.046, 0.699]    1.000 [0.510, 1.000]    1.000 [0.510, 1.000]    0.750 [0.301, 0.954]    0.750 [0.301, 0.954]    0.250 [0.046, 0.699]    0.750 [0.301, 0.954]    0.750 [0.301, 0.954]    1.000 [0.510, 1.000]    0.500 [0.150, 0.850]
rune-pool         0.000 [0.000, 0.490]    0.250 [0.046, 0.699]    0.000 [0.000, 0.490]    0.750 [0.301, 0.954]    0.500 [0.150, 0.850]    0.250 [0.046, 0.699]    0.250 [0.046, 0.699]    0.000 [0.000, 0.490]    0.500 [0.150, 0.850]    0.500 [0.150, 0.850]    0.250 [0.046, 0.699]    0.250 [0.046, 0.699]    0.000 [0.000, 0.490]    0.250 [0.046, 0.699]    0.500 [0.150, 0.850]    0.000 [0.000, 0.490]
sword-pool        0.000 [0.000, 0.490]    0.250 [0.046, 0.699]    0.250 [0.046, 0.699]    1.000 [0.510, 1.000]    0.750 [0.301, 0.954]    1.000 [0.510, 1.000]    0.750 [0.301, 0.954]    0.250 [0.046, 0.699]    1.000 [0.510, 1.000]    1.000 [0.510, 1.000]    0.250 [0.046, 0.699]    0.250 [0.046, 0.699]    0.250 [0.046, 0.699]    0.750 [0.301, 0.954]    1.000 [0.510, 1.000]    0.250 [0.046, 0.699]
1024 games in 367.032s (2.8 games/s)
wrote C:\Users\agban\projects\arena\results\sweep4\c03-screen.json


=== summary ===
h0:alloc=fair,depth=4 vs h0
games: 1024  decisive: 1024  draws: 0
policy_a win rate: 0.560 [0.529, 0.590]
first-player win rate: 0.544
mean turns: 8.18  mean actions: 74.70
end: lethal=1024 deckout=0 turn_cap=0 action_cap=0 no_legal=0 illegal=0
367.032s  2.79 games/s  cpus=28
per deck:
  abyss-p8rfn: policy_a (row) 0.922  policy_b (col) 0.797
  abyss-pool: policy_a (row) 0.531  policy_b (col) 0.406
  afnm-minatodao: policy_a (row) 0.891  policy_b (col) 0.734
  basic-forest: policy_a (row) 0.281  policy_b (col) 0.219
  basic-portal: policy_a (row) 0.312  policy_b (col) 0.203
  basic-rune: policy_a (row) 0.109  policy_b (col) 0.125
  dragon-pool: policy_a (row) 0.531  policy_b (col) 0.438
  elf-neanisu2: policy_a (row) 0.750  policy_b (col) 0.625
  forest-pool: policy_a (row) 0.578  policy_b (col) 0.406
  portal-pool: policy_a (row) 0.359  policy_b (col) 0.312
  ramp-37772: policy_a (row) 0.719  policy_b (col) 0.547
  ramp-claywies: policy_a (row) 0.625  policy_b (col) 0.500
  royal-nattui: policy_a (row) 0.828  policy_b (col) 0.688
  rune-mach15: policy_a (row) 0.688  policy_b (col) 0.406
  rune-pool: policy_a (row) 0.266  policy_b (col) 0.172
  sword-pool: policy_a (row) 0.562  policy_b (col) 0.469
