pool: meta
decks: 16 (meta-abyss-aggro, meta-abyss-midrange, meta-dragon-aggro, meta-dragon-ramp, meta-forest-combo, meta-haven-amulet, meta-haven-evo, meta-haven-kukishiro, meta-portal-af, meta-portal-cutthroat, meta-portal-evo, meta-rune-crystal, meta-rune-spell, meta-rune-test-subject, meta-sword-loot, meta-sword-rally)
pairs: 256 (16 x 16, mirrors included)
games     1 games/pair x 256 =   256
matchup: 16 decks × 1 games = 256 games (seed=1, policy_a=h0:net=results/sweep28/leaf-all4-e8-l2x10.json, policy_b=h0:net=results/sweep28/leaf-all4-e8-l2x10.json, first=alternate, threads=None)
Win rate (row = A, col = B; cell = A's win rate)
                              meta-abyss-aggro     meta-abyss-midrange       meta-dragon-aggro        meta-dragon-ramp       meta-forest-combo       meta-haven-amulet          meta-haven-evo    meta-haven-kukishiro          meta-portal-af   meta-portal-cutthroat         meta-portal-evo       meta-rune-crystal         meta-rune-spell  meta-rune-test-subject         meta-sword-loot        meta-sword-rally
meta-abyss-aggro                         1.000                   0.000                   1.000                   1.000                   0.000                   1.000                   0.000                   1.000                   0.000                   1.000                   0.000                   0.000                   0.000                   0.000                   1.000                   1.000
meta-abyss-midrange                      0.000                   0.000                   1.000                   1.000                   1.000                   0.000                   1.000                   1.000                   1.000                   1.000                   0.000                   1.000                   1.000                   1.000                   1.000                   1.000
meta-dragon-aggro                        1.000                   0.000                   0.000                   1.000                   1.000                   1.000                   1.000                   1.000                   1.000                   1.000                   0.000                   0.000                   1.000                   0.000                   1.000                   0.000
meta-dragon-ramp                         1.000                   1.000                   0.000                   0.000                   1.000                   1.000                   0.000                   1.000                   1.000                   0.000                   0.000                   0.000                   1.000                   0.000                   0.000                   0.000
meta-forest-combo                        0.000                   0.000                   1.000                   1.000                   1.000                   1.000                   1.000                   1.000                   0.000                   1.000                   1.000                   0.000                   1.000                   0.000                   1.000                   0.000
meta-haven-amulet                        1.000                   0.000                   0.000                   1.000                   1.000                   0.000                   1.000                   1.000                   1.000                   1.000                   0.000                   0.000                   1.000                   0.000                   0.000                   0.000
meta-haven-evo                           1.000                   1.000                   1.000                   1.000                   1.000                   1.000                   0.000                   1.000                   1.000                   0.000                   1.000                   1.000                   1.000                   1.000                   1.000                   1.000
meta-haven-kukishiro                     1.000                   0.000                   1.000                   0.000                   0.000                   0.000                   0.000                   1.000                   0.000                   1.000                   0.000                   1.000                   0.000                   0.000                   0.000                   0.000
meta-portal-af                           0.000                   0.000                   1.000                   1.000                   0.000                   0.000                   0.000                   1.000                   1.000                   1.000                   1.000                   1.000                   1.000                   0.000                   1.000                   0.000
meta-portal-cutthroat                    0.000                   1.000                   0.000                   1.000                   1.000                   1.000                   0.000                   1.000                   1.000                   0.000                   0.000                   1.000                   1.000                   0.000                   1.000                   0.000
meta-portal-evo                          0.000                   1.000                   1.000                   1.000                   1.000                   1.000                   0.000                   1.000                   1.000                   1.000                   1.000                   1.000                   1.000                   0.000                   1.000                   0.000
meta-rune-crystal                        1.000                   0.000                   1.000                   0.000                   0.000                   0.000                   0.000                   0.000                   0.000                   0.000                   0.000                   1.000                   0.000                   0.000                   1.000                   0.000
meta-rune-spell                          0.000                   1.000                   1.000                   0.000                   1.000                   0.000                   1.000                   0.000                   0.000                   1.000                   0.000                   1.000                   0.000                   1.000                   1.000                   1.000
meta-rune-test-subject                   0.000                   0.000                   1.000                   0.000                   1.000                   1.000                   0.000                   1.000                   0.000                   1.000                   0.000                   0.000                   0.000                   0.000                   0.000                   1.000
meta-sword-loot                          1.000                   0.000                   0.000                   1.000                   0.000                   0.000                   0.000                   1.000                   0.000                   1.000                   1.000                   1.000                   1.000                   1.000                   0.000                   1.000
meta-sword-rally                         1.000                   1.000                   1.000                   0.000                   0.000                   0.000                   0.000                   1.000                   1.000                   1.000                   0.000                   0.000                   1.000                   1.000                   1.000                   1.000

First-player win rate / mean turns
                              meta-abyss-aggro     meta-abyss-midrange       meta-dragon-aggro        meta-dragon-ramp       meta-forest-combo       meta-haven-amulet          meta-haven-evo    meta-haven-kukishiro          meta-portal-af   meta-portal-cutthroat         meta-portal-evo       meta-rune-crystal         meta-rune-spell  meta-rune-test-subject         meta-sword-loot        meta-sword-rally
meta-abyss-aggro                 1.000 /   6.0           0.000 /   6.0           1.000 /   7.0           1.000 /   7.0           0.000 /  11.0           1.000 /   6.0           0.000 /  10.0           1.000 /  10.0           0.000 /   7.0           1.000 /   7.0           0.000 /   9.0           0.000 /   8.0           0.000 /   9.0           0.000 /   8.0           1.000 /   7.0           1.000 /   5.0
meta-abyss-midrange              0.000 /   7.0           0.000 /   8.0           1.000 /  10.0           1.000 /  12.0           1.000 /   8.0           0.000 /  11.0           1.000 /  10.0           1.000 /   8.0           1.000 /   8.0           1.000 /   8.0           0.000 /  12.0           1.000 /   8.0           1.000 /   7.0           1.000 /   6.0           1.000 /   7.0           1.000 /  10.0
meta-dragon-aggro                1.000 /   7.0           0.000 /   8.0           0.000 /   7.0           1.000 /   6.0           1.000 /   7.0           1.000 /   6.0           1.000 /   5.0           1.000 /   8.0           1.000 /   7.0           1.000 /   8.0           0.000 /  10.0           0.000 /   6.0           1.000 /   7.0           0.000 /   7.0           1.000 /   6.0           0.000 /   9.0
meta-dragon-ramp                 1.000 /   8.0           1.000 /   7.0           0.000 /   5.0           0.000 /   8.0           1.000 /   9.0           1.000 /  10.0           0.000 /  13.0           1.000 /  10.0           1.000 /   9.0           0.000 /   7.0           0.000 /  13.0           0.000 /   8.0           1.000 /   8.0           0.000 /   8.0           0.000 /   7.0           0.000 /   5.0
meta-forest-combo                0.000 /   7.0           0.000 /   7.0           1.000 /   7.0           1.000 /   8.0           1.000 /   9.0           1.000 /   9.0           1.000 /   9.0           1.000 /   9.0           0.000 /   8.0           1.000 /  10.0           1.000 /   7.0           0.000 /   8.0           1.000 /   8.0           0.000 /   8.0           1.000 /   9.0           0.000 /   8.0
meta-haven-amulet                1.000 /  10.0           0.000 /   8.0           0.000 /   6.0           1.000 /  18.0           1.000 /  12.0           0.000 /  12.0           1.000 /  12.0           1.000 /  10.0           1.000 /  13.0           1.000 /  14.0           0.000 /  10.0           0.000 /   6.0           1.000 /  11.0           0.000 /   8.0           0.000 /   8.0           0.000 /  16.0
meta-haven-evo                   1.000 /   8.0           1.000 /  15.0           1.000 /   9.0           1.000 /   9.0           1.000 /  12.0           1.000 /  12.0           0.000 /  12.0           1.000 /  12.0           1.000 /   8.0           0.000 /  13.0           1.000 /   9.0           1.000 /  10.0           1.000 /  14.0           1.000 /   9.0           1.000 /  11.0           1.000 /  10.0
meta-haven-kukishiro             1.000 /  12.0           0.000 /   7.0           1.000 /  13.0           0.000 /   9.0           0.000 /   9.0           0.000 /  10.0           0.000 /  11.0           1.000 /  18.0           0.000 /  18.0           1.000 /  15.0           0.000 /   9.0           1.000 /  12.0           0.000 /  15.0           0.000 /  10.0           0.000 /  17.0           0.000 /   9.0
meta-portal-af                   0.000 /   7.0           0.000 /   9.0           1.000 /   8.0           1.000 /   6.0           0.000 /  11.0           0.000 /  11.0           0.000 /   9.0           1.000 /   9.0           1.000 /  10.0           1.000 /   9.0           1.000 /   8.0           1.000 /   9.0           1.000 /   9.0           0.000 /   9.0           1.000 /   9.0           0.000 /   8.0
meta-portal-cutthroat            0.000 /   7.0           1.000 /   9.0           0.000 /   7.0           1.000 /   9.0           1.000 /  11.0           1.000 /   8.0           0.000 /   8.0           1.000 /   9.0           1.000 /  11.0           0.000 /  11.0           0.000 /  10.0           1.000 /  11.0           1.000 /  10.0           0.000 /   6.0           1.000 /  11.0           0.000 /   7.0
meta-portal-evo                  0.000 /   7.0           1.000 /   7.0           1.000 /   9.0           1.000 /   7.0           1.000 /   8.0           1.000 /  10.0           0.000 /  12.0           1.000 /   9.0           1.000 /  13.0           1.000 /   9.0           1.000 /   8.0           1.000 /   8.0           1.000 /  10.0           0.000 /   7.0           1.000 /   9.0           0.000 /  12.0
meta-rune-crystal                1.000 /   9.0           0.000 /   7.0           1.000 /   9.0           0.000 /  10.0           0.000 /  10.0           0.000 /  14.0           0.000 /  11.0           0.000 /  15.0           0.000 /   8.0           0.000 /  11.0           0.000 /   8.0           1.000 /   9.0           0.000 /   9.0           0.000 /   7.0           1.000 /  10.0           0.000 /   9.0
meta-rune-spell                  0.000 /   4.0           1.000 /   9.0           1.000 /   6.0           0.000 /  14.0           1.000 /   8.0           0.000 /  15.0           1.000 /   9.0           0.000 /  17.0           0.000 /   7.0           1.000 /   6.0           0.000 /   5.0           1.000 /   9.0           0.000 /   9.0           1.000 /   8.0           1.000 /  11.0           1.000 /   8.0
meta-rune-test-subject           0.000 /   6.0           0.000 /  10.0           1.000 /   6.0           0.000 /   8.0           1.000 /   9.0           1.000 /   9.0           0.000 /   9.0           1.000 /  10.0           0.000 /   7.0           1.000 /  10.0           0.000 /   7.0           0.000 /   8.0           0.000 /   7.0           0.000 /   7.0           0.000 /   7.0           1.000 /   7.0
meta-sword-loot                  1.000 /   9.0           0.000 /   8.0           0.000 /   8.0           1.000 /   6.0           0.000 /  10.0           0.000 /  11.0           0.000 /   8.0           1.000 /   8.0           0.000 /   8.0           1.000 /   8.0           1.000 /   9.0           1.000 /   7.0           1.000 /   7.0           1.000 /   7.0           0.000 /   7.0           1.000 /   8.0
meta-sword-rally                 1.000 /   8.0           1.000 /  14.0           1.000 /   8.0           0.000 /  11.0           0.000 /   7.0           0.000 /  15.0           0.000 /   7.0           1.000 /   8.0           1.000 /   6.0           1.000 /   7.0           0.000 /   8.0           0.000 /   8.0           1.000 /   9.0           1.000 /   8.0           1.000 /   8.0           1.000 /   9.0

A win rate over decisive games, Wilson 95% [lo, hi]
                              meta-abyss-aggro     meta-abyss-midrange       meta-dragon-aggro        meta-dragon-ramp       meta-forest-combo       meta-haven-amulet          meta-haven-evo    meta-haven-kukishiro          meta-portal-af   meta-portal-cutthroat         meta-portal-evo       meta-rune-crystal         meta-rune-spell  meta-rune-test-subject         meta-sword-loot        meta-sword-rally
meta-abyss-aggro          1.000 [0.207, 1.000]    0.000 [0.000, 0.793]    1.000 [0.207, 1.000]    1.000 [0.207, 1.000]    0.000 [0.000, 0.793]    1.000 [0.207, 1.000]    0.000 [0.000, 0.793]    1.000 [0.207, 1.000]    0.000 [0.000, 0.793]    1.000 [0.207, 1.000]    0.000 [0.000, 0.793]    0.000 [0.000, 0.793]    0.000 [0.000, 0.793]    0.000 [0.000, 0.793]    1.000 [0.207, 1.000]    1.000 [0.207, 1.000]
meta-abyss-midrange       0.000 [0.000, 0.793]    0.000 [0.000, 0.793]    1.000 [0.207, 1.000]    1.000 [0.207, 1.000]    1.000 [0.207, 1.000]    0.000 [0.000, 0.793]    1.000 [0.207, 1.000]    1.000 [0.207, 1.000]    1.000 [0.207, 1.000]    1.000 [0.207, 1.000]    0.000 [0.000, 0.793]    1.000 [0.207, 1.000]    1.000 [0.207, 1.000]    1.000 [0.207, 1.000]    1.000 [0.207, 1.000]    1.000 [0.207, 1.000]
meta-dragon-aggro         1.000 [0.207, 1.000]    0.000 [0.000, 0.793]    0.000 [0.000, 0.793]    1.000 [0.207, 1.000]    1.000 [0.207, 1.000]    1.000 [0.207, 1.000]    1.000 [0.207, 1.000]    1.000 [0.207, 1.000]    1.000 [0.207, 1.000]    1.000 [0.207, 1.000]    0.000 [0.000, 0.793]    0.000 [0.000, 0.793]    1.000 [0.207, 1.000]    0.000 [0.000, 0.793]    1.000 [0.207, 1.000]    0.000 [0.000, 0.793]
meta-dragon-ramp          1.000 [0.207, 1.000]    1.000 [0.207, 1.000]    0.000 [0.000, 0.793]    0.000 [0.000, 0.793]    1.000 [0.207, 1.000]    1.000 [0.207, 1.000]    0.000 [0.000, 0.793]    1.000 [0.207, 1.000]    1.000 [0.207, 1.000]    0.000 [0.000, 0.793]    0.000 [0.000, 0.793]    0.000 [0.000, 0.793]    1.000 [0.207, 1.000]    0.000 [0.000, 0.793]    0.000 [0.000, 0.793]    0.000 [0.000, 0.793]
meta-forest-combo         0.000 [0.000, 0.793]    0.000 [0.000, 0.793]    1.000 [0.207, 1.000]    1.000 [0.207, 1.000]    1.000 [0.207, 1.000]    1.000 [0.207, 1.000]    1.000 [0.207, 1.000]    1.000 [0.207, 1.000]    0.000 [0.000, 0.793]    1.000 [0.207, 1.000]    1.000 [0.207, 1.000]    0.000 [0.000, 0.793]    1.000 [0.207, 1.000]    0.000 [0.000, 0.793]    1.000 [0.207, 1.000]    0.000 [0.000, 0.793]
meta-haven-amulet         1.000 [0.207, 1.000]    0.000 [0.000, 0.793]    0.000 [0.000, 0.793]    1.000 [0.207, 1.000]    1.000 [0.207, 1.000]    0.000 [0.000, 0.793]    1.000 [0.207, 1.000]    1.000 [0.207, 1.000]    1.000 [0.207, 1.000]    1.000 [0.207, 1.000]    0.000 [0.000, 0.793]    0.000 [0.000, 0.793]    1.000 [0.207, 1.000]    0.000 [0.000, 0.793]    0.000 [0.000, 0.793]    0.000 [0.000, 0.793]
meta-haven-evo            1.000 [0.207, 1.000]    1.000 [0.207, 1.000]    1.000 [0.207, 1.000]    1.000 [0.207, 1.000]    1.000 [0.207, 1.000]    1.000 [0.207, 1.000]    0.000 [0.000, 0.793]    1.000 [0.207, 1.000]    1.000 [0.207, 1.000]    0.000 [0.000, 0.793]    1.000 [0.207, 1.000]    1.000 [0.207, 1.000]    1.000 [0.207, 1.000]    1.000 [0.207, 1.000]    1.000 [0.207, 1.000]    1.000 [0.207, 1.000]
meta-haven-kukishiro      1.000 [0.207, 1.000]    0.000 [0.000, 0.793]    1.000 [0.207, 1.000]    0.000 [0.000, 0.793]    0.000 [0.000, 0.793]    0.000 [0.000, 0.793]    0.000 [0.000, 0.793]    1.000 [0.207, 1.000]    0.000 [0.000, 0.793]    1.000 [0.207, 1.000]    0.000 [0.000, 0.793]    1.000 [0.207, 1.000]    0.000 [0.000, 0.793]    0.000 [0.000, 0.793]    0.000 [0.000, 0.793]    0.000 [0.000, 0.793]
meta-portal-af            0.000 [0.000, 0.793]    0.000 [0.000, 0.793]    1.000 [0.207, 1.000]    1.000 [0.207, 1.000]    0.000 [0.000, 0.793]    0.000 [0.000, 0.793]    0.000 [0.000, 0.793]    1.000 [0.207, 1.000]    1.000 [0.207, 1.000]    1.000 [0.207, 1.000]    1.000 [0.207, 1.000]    1.000 [0.207, 1.000]    1.000 [0.207, 1.000]    0.000 [0.000, 0.793]    1.000 [0.207, 1.000]    0.000 [0.000, 0.793]
meta-portal-cutthroat     0.000 [0.000, 0.793]    1.000 [0.207, 1.000]    0.000 [0.000, 0.793]    1.000 [0.207, 1.000]    1.000 [0.207, 1.000]    1.000 [0.207, 1.000]    0.000 [0.000, 0.793]    1.000 [0.207, 1.000]    1.000 [0.207, 1.000]    0.000 [0.000, 0.793]    0.000 [0.000, 0.793]    1.000 [0.207, 1.000]    1.000 [0.207, 1.000]    0.000 [0.000, 0.793]    1.000 [0.207, 1.000]    0.000 [0.000, 0.793]
meta-portal-evo           0.000 [0.000, 0.793]    1.000 [0.207, 1.000]    1.000 [0.207, 1.000]    1.000 [0.207, 1.000]    1.000 [0.207, 1.000]    1.000 [0.207, 1.000]    0.000 [0.000, 0.793]    1.000 [0.207, 1.000]    1.000 [0.207, 1.000]    1.000 [0.207, 1.000]    1.000 [0.207, 1.000]    1.000 [0.207, 1.000]    1.000 [0.207, 1.000]    0.000 [0.000, 0.793]    1.000 [0.207, 1.000]    0.000 [0.000, 0.793]
meta-rune-crystal         1.000 [0.207, 1.000]    0.000 [0.000, 0.793]    1.000 [0.207, 1.000]    0.000 [0.000, 0.793]    0.000 [0.000, 0.793]    0.000 [0.000, 0.793]    0.000 [0.000, 0.793]    0.000 [0.000, 0.793]    0.000 [0.000, 0.793]    0.000 [0.000, 0.793]    0.000 [0.000, 0.793]    1.000 [0.207, 1.000]    0.000 [0.000, 0.793]    0.000 [0.000, 0.793]    1.000 [0.207, 1.000]    0.000 [0.000, 0.793]
meta-rune-spell           0.000 [0.000, 0.793]    1.000 [0.207, 1.000]    1.000 [0.207, 1.000]    0.000 [0.000, 0.793]    1.000 [0.207, 1.000]    0.000 [0.000, 0.793]    1.000 [0.207, 1.000]    0.000 [0.000, 0.793]    0.000 [0.000, 0.793]    1.000 [0.207, 1.000]    0.000 [0.000, 0.793]    1.000 [0.207, 1.000]    0.000 [0.000, 0.793]    1.000 [0.207, 1.000]    1.000 [0.207, 1.000]    1.000 [0.207, 1.000]
meta-rune-test-subject    0.000 [0.000, 0.793]    0.000 [0.000, 0.793]    1.000 [0.207, 1.000]    0.000 [0.000, 0.793]    1.000 [0.207, 1.000]    1.000 [0.207, 1.000]    0.000 [0.000, 0.793]    1.000 [0.207, 1.000]    0.000 [0.000, 0.793]    1.000 [0.207, 1.000]    0.000 [0.000, 0.793]    0.000 [0.000, 0.793]    0.000 [0.000, 0.793]    0.000 [0.000, 0.793]    0.000 [0.000, 0.793]    1.000 [0.207, 1.000]
meta-sword-loot           1.000 [0.207, 1.000]    0.000 [0.000, 0.793]    0.000 [0.000, 0.793]    1.000 [0.207, 1.000]    0.000 [0.000, 0.793]    0.000 [0.000, 0.793]    0.000 [0.000, 0.793]    1.000 [0.207, 1.000]    0.000 [0.000, 0.793]    1.000 [0.207, 1.000]    1.000 [0.207, 1.000]    1.000 [0.207, 1.000]    1.000 [0.207, 1.000]    1.000 [0.207, 1.000]    0.000 [0.000, 0.793]    1.000 [0.207, 1.000]
meta-sword-rally          1.000 [0.207, 1.000]    1.000 [0.207, 1.000]    1.000 [0.207, 1.000]    0.000 [0.000, 0.793]    0.000 [0.000, 0.793]    0.000 [0.000, 0.793]    0.000 [0.000, 0.793]    1.000 [0.207, 1.000]    1.000 [0.207, 1.000]    1.000 [0.207, 1.000]    0.000 [0.000, 0.793]    0.000 [0.000, 0.793]    1.000 [0.207, 1.000]    1.000 [0.207, 1.000]    1.000 [0.207, 1.000]    1.000 [0.207, 1.000]

=== summary ===
h0:net=results/sweep28/leaf-all4-e8-l2x10.json vs h0:net=results/sweep28/leaf-all4-e8-l2x10.json
games: 256  decisive: 256  draws: 0
policy_a win rate: 0.555 [0.493, 0.614]
first-player win rate: 0.555
mean turns: 9.04  mean actions: 88.82
end: lethal=253 deckout=3 turn_cap=0 action_cap=0 no_legal=0 illegal=0
173.496s  1.48 games/s  cpus=28
per deck:
  meta-abyss-aggro: policy_a (row) 0.500  policy_b (col) 0.438
  meta-abyss-midrange: policy_a (row) 0.750  policy_b (col) 0.625
  meta-dragon-aggro: policy_a (row) 0.625  policy_b (col) 0.312
  meta-dragon-ramp: policy_a (row) 0.438  policy_b (col) 0.375
  meta-forest-combo: policy_a (row) 0.625  policy_b (col) 0.375
  meta-haven-amulet: policy_a (row) 0.500  policy_b (col) 0.500
  meta-haven-evo: policy_a (row) 0.875  policy_b (col) 0.688
  meta-haven-kukishiro: policy_a (row) 0.312  policy_b (col) 0.125
  meta-portal-af: policy_a (row) 0.562  policy_b (col) 0.438
  meta-portal-cutthroat: policy_a (row) 0.562  policy_b (col) 0.250
  meta-portal-evo: policy_a (row) 0.750  policy_b (col) 0.688
  meta-rune-crystal: policy_a (row) 0.250  policy_b (col) 0.438
  meta-rune-spell: policy_a (row) 0.562  policy_b (col) 0.312
  meta-rune-test-subject: policy_a (row) 0.375  policy_b (col) 0.688
  meta-sword-loot: policy_a (row) 0.562  policy_b (col) 0.312
  meta-sword-rally: policy_a (row) 0.625  policy_b (col) 0.562

256 games in 173.496s (1.5 games/s)
wrote C:\Users\agban\projects\arena\results\sweep28\tp-c03.json
