pool: meta
decks: 16 (meta-abyss-aggro, meta-abyss-midrange, meta-dragon-aggro, meta-dragon-ramp, meta-forest-combo, meta-haven-amulet, meta-haven-evo, meta-haven-kukishiro, meta-portal-af, meta-portal-cutthroat, meta-portal-evo, meta-rune-crystal, meta-rune-spell, meta-rune-test-subject, meta-sword-loot, meta-sword-rally)
pairs: 256 (16 x 16, mirrors included)
games    16 games/pair x 256 =  4096
matchup: 16 decks × 16 games = 4096 games (seed=2, policy_a=h0:net=results/sweep25/leaf-all4-e2.json, policy_b=h0, first=alternate, threads=None)
Win rate (row = A, col = B; cell = A's win rate)
                              meta-abyss-aggro     meta-abyss-midrange       meta-dragon-aggro        meta-dragon-ramp       meta-forest-combo       meta-haven-amulet          meta-haven-evo    meta-haven-kukishiro          meta-portal-af   meta-portal-cutthroat         meta-portal-evo       meta-rune-crystal         meta-rune-spell  meta-rune-test-subject         meta-sword-loot        meta-sword-rally
meta-abyss-aggro                         0.875                   0.375                   0.438                   0.750                   0.250                   0.688                   0.688                   0.562                   0.125                   0.500                   0.438                   0.500                   0.750                   0.375                   0.375                   0.438
meta-abyss-midrange                      0.438                   0.438                   0.688                   0.750                   0.875                   0.562                   0.500                   1.000                   0.562                   0.688                   0.562                   0.875                   0.938                   0.688                   0.438                   0.438
meta-dragon-aggro                        0.438                   0.312                   0.500                   0.750                   0.500                   0.750                   0.688                   0.875                   0.375                   0.688                   0.125                   0.750                   0.375                   0.500                   0.375                   0.438
meta-dragon-ramp                         0.500                   0.500                   0.250                   0.562                   0.500                   0.625                   0.375                   1.000                   0.312                   0.500                   0.312                   0.438                   0.688                   0.438                   0.375                   0.312
meta-forest-combo                        0.562                   0.438                   0.562                   0.750                   0.250                   0.625                   0.500                   0.875                   0.062                   0.375                   0.062                   0.562                   0.625                   0.250                   0.500                   0.250
meta-haven-amulet                        0.500                   0.438                   0.375                   0.125                   0.250                   0.188                   0.062                   0.812                   0.062                   0.250                   0.188                   0.562                   0.750                   0.188                   0.438                   0.250
meta-haven-evo                           0.500                   0.562                   0.625                   0.438                   0.750                   0.812                   0.625                   1.000                   0.562                   0.688                   0.750                   0.750                   0.750                   0.500                   0.438                   0.688
meta-haven-kukishiro                     0.188                   0.000                   0.438                   0.000                   0.250                   0.250                   0.000                   0.562                   0.000                   0.000                   0.000                   0.188                   0.438                   0.125                   0.062                   0.000
meta-portal-af                           0.562                   0.688                   0.812                   0.625                   0.875                   0.625                   0.250                   1.000                   0.562                   0.625                   0.688                   0.750                   0.812                   0.938                   0.688                   0.562
meta-portal-cutthroat                    0.562                   0.188                   0.500                   0.688                   0.750                   0.688                   0.125                   0.938                   0.500                   0.625                   0.188                   0.750                   0.438                   0.688                   0.562                   0.125
meta-portal-evo                          0.562                   0.625                   0.875                   0.500                   0.750                   0.500                   0.562                   1.000                   0.625                   0.750                   0.438                   0.938                   0.875                   0.625                   0.875                   0.688
meta-rune-crystal                        0.750                   0.125                   0.312                   0.500                   0.562                   0.562                   0.312                   0.812                   0.000                   0.375                   0.062                   0.562                   0.375                   0.188                   0.312                   0.125
meta-rune-spell                          0.438                   0.188                   0.438                   0.312                   0.562                   0.375                   0.188                   0.875                   0.188                   0.688                   0.250                   0.625                   0.562                   0.438                   0.625                   0.438
meta-rune-test-subject                   0.562                   0.562                   0.375                   0.438                   0.625                   0.812                   0.250                   0.938                   0.125                   0.375                   0.375                   0.688                   0.438                   0.688                   0.500                   0.375
meta-sword-loot                          0.750                   0.312                   0.438                   0.812                   0.438                   0.688                   0.625                   1.000                   0.188                   0.312                   0.125                   0.375                   0.438                   0.375                   0.375                   0.250
meta-sword-rally                         0.625                   0.500                   0.500                   0.812                   0.750                   0.812                   0.500                   0.938                   0.688                   0.750                   0.500                   0.938                   0.875                   0.562                   0.750                   0.312

First-player win rate / mean turns
                              meta-abyss-aggro     meta-abyss-midrange       meta-dragon-aggro        meta-dragon-ramp       meta-forest-combo       meta-haven-amulet          meta-haven-evo    meta-haven-kukishiro          meta-portal-af   meta-portal-cutthroat         meta-portal-evo       meta-rune-crystal         meta-rune-spell  meta-rune-test-subject         meta-sword-loot        meta-sword-rally
meta-abyss-aggro                 0.500 /   6.9           0.500 /   6.8           0.312 /   7.1           0.625 /   6.4           0.250 /   8.0           0.562 /   8.1           0.562 /   7.5           0.812 /   9.3           0.375 /   7.4           0.500 /   7.9           0.562 /   7.2           0.375 /   7.2           0.500 /   6.8           0.500 /   7.5           0.625 /   7.4           0.188 /   7.2
meta-abyss-midrange              0.562 /   7.2           0.688 /   8.8           0.562 /   7.4           0.375 /   8.0           0.500 /   8.6           0.688 /  11.0           0.750 /   9.4           0.500 /   7.9           0.438 /   9.0           0.562 /   9.2           0.688 /   9.1           0.500 /   7.9           0.562 /   8.8           0.688 /   7.9           0.562 /   8.3           0.562 /   7.9
meta-dragon-aggro                0.438 /   7.1           0.438 /   7.1           0.625 /   6.7           0.625 /   7.4           0.500 /   8.1           0.500 /   8.1           0.562 /   6.9           0.500 /   7.4           0.625 /   7.4           0.438 /   7.1           0.500 /   7.5           0.500 /   7.5           0.625 /   7.7           0.250 /   7.6           0.500 /   8.1           0.312 /   7.2
meta-dragon-ramp                 0.625 /   7.1           0.375 /   8.9           0.500 /   7.9           0.438 /   9.9           0.500 /   9.1           0.375 /  12.0           0.500 /  10.4           0.500 /  10.6           0.188 /   8.7           0.875 /   9.5           0.562 /   9.4           0.688 /   8.2           0.812 /   8.9           0.438 /   8.8           0.500 /   8.1           0.562 /   7.9
meta-forest-combo                0.438 /   7.3           0.688 /   9.1           0.688 /   8.4           0.625 /   7.9           0.500 /   8.8           0.625 /  10.4           0.500 /   8.7           0.500 /   9.6           0.562 /   8.5           0.500 /   8.9           0.562 /   8.6           0.812 /   8.8           0.500 /   8.7           0.625 /   8.8           0.625 /   8.7           0.500 /   8.9
meta-haven-amulet                0.500 /   8.3           0.562 /   9.9           0.500 /   7.9           0.500 /  11.6           0.625 /  10.2           0.438 /  14.8           0.438 /  12.6           0.562 /  13.2           0.562 /   9.0           0.500 /   9.5           0.562 /   9.9           0.688 /  10.2           0.375 /  11.8           0.562 /   9.5           0.688 /   9.1           0.625 /   9.2
meta-haven-evo                   0.500 /   7.8           0.688 /   8.8           0.375 /   8.2           0.688 /   9.9           0.625 /  10.1           0.438 /  11.6           0.625 /  12.4           0.500 /  11.8           0.688 /   9.4           0.562 /  10.4           0.500 /  10.0           0.625 /   9.4           0.750 /  10.0           0.625 /   8.7           0.688 /   8.4           0.812 /   8.8
meta-haven-kukishiro             0.688 /   8.8           0.500 /   8.8           0.812 /  10.0           0.500 /  11.6           0.375 /  11.9           0.500 /  14.9           0.500 /  10.4           0.562 /  16.4           0.500 /   8.9           0.500 /   9.8           0.500 /   8.8           0.438 /   9.8           0.562 /  12.0           0.625 /   9.3           0.562 /   8.9           0.500 /   8.4
meta-portal-af                   0.562 /   7.7           0.562 /   8.6           0.562 /   7.9           0.625 /   9.1           0.625 /   8.3           0.500 /  11.6           0.500 /   9.7           0.500 /  10.2           0.562 /   9.8           0.375 /   9.3           0.688 /   9.6           0.375 /   7.7           0.562 /   8.2           0.562 /   9.1           0.438 /   8.4           0.562 /   9.1
meta-portal-cutthroat            0.562 /   7.8           0.312 /   8.1           0.500 /   7.9           0.562 /   9.6           0.375 /   9.1           0.688 /  11.8           0.375 /  10.1           0.562 /   9.4           0.625 /   9.2           0.500 /   9.4           0.312 /   9.5           0.500 /   8.5           0.562 /   7.7           0.688 /   8.9           0.438 /   8.1           0.625 /   8.1
meta-portal-evo                  0.438 /   7.0           0.500 /   8.6           0.625 /   7.9           0.625 /   9.0           0.625 /   7.9           0.500 /  11.1           0.562 /   9.4           0.500 /   8.6           0.750 /   9.7           0.500 /  10.1           0.562 /   9.1           0.438 /   8.1           0.625 /   8.8           0.500 /   8.6           0.625 /   8.8           0.688 /   8.9
meta-rune-crystal                0.500 /   8.4           0.375 /   8.2           0.688 /   7.6           0.500 /   9.1           0.562 /   8.7           0.562 /   9.1           0.688 /   9.1           0.562 /   9.9           0.500 /   7.8           0.500 /   8.9           0.562 /   8.2           0.562 /   8.9           0.625 /   7.9           0.438 /   8.0           0.688 /   9.1           0.625 /   7.9
meta-rune-spell                  0.438 /   6.6           0.438 /   8.4           0.188 /   7.1           0.812 /   8.1           0.688 /   8.4           0.500 /  12.1           0.688 /  10.2           0.500 /   9.6           0.562 /   8.4           0.438 /   8.9           0.500 /   9.0           0.500 /   7.9           0.562 /   9.4           0.688 /   8.9           0.500 /   7.8           0.562 /   7.9
meta-rune-test-subject           0.688 /   7.8           0.562 /   8.2           0.625 /   7.6           0.562 /   8.8           0.375 /   8.8           0.562 /   9.6           0.500 /   9.2           0.562 /   9.1           0.625 /   9.0           0.625 /   9.3           0.500 /   9.0           0.562 /   8.7           0.562 /   8.1           0.562 /   9.1           0.750 /   8.2           0.625 /   8.6
meta-sword-loot                  0.500 /   7.5           0.562 /   7.6           0.562 /   7.6           0.562 /   7.9           0.688 /   8.4           0.562 /  10.1           0.625 /   8.2           0.500 /   9.2           0.438 /   8.2           0.562 /   8.5           0.625 /   7.8           0.500 /   8.2           0.438 /   7.6           0.375 /   7.6           0.625 /   8.2           0.750 /   7.9
meta-sword-rally                 0.625 /   7.3           0.625 /   7.6           0.375 /   7.4           0.688 /   6.7           0.625 /   8.9           0.438 /   9.1           0.625 /   9.3           0.438 /   7.8           0.562 /   9.2           0.500 /   8.6           0.625 /   8.8           0.562 /   7.8           0.625 /   8.1           0.438 /   8.1           0.625 /   7.9           0.438 /   7.8

A win rate over decisive games, Wilson 95% [lo, hi]
                              meta-abyss-aggro     meta-abyss-midrange       meta-dragon-aggro        meta-dragon-ramp       meta-forest-combo       meta-haven-amulet          meta-haven-evo    meta-haven-kukishiro          meta-portal-af   meta-portal-cutthroat         meta-portal-evo       meta-rune-crystal         meta-rune-spell  meta-rune-test-subject         meta-sword-loot        meta-sword-rally
meta-abyss-aggro          0.875 [0.640, 0.965]    0.375 [0.185, 0.614]    0.438 [0.231, 0.668]    0.750 [0.505, 0.898]    0.250 [0.102, 0.495]    0.688 [0.444, 0.858]    0.688 [0.444, 0.858]    0.562 [0.332, 0.769]    0.125 [0.035, 0.360]    0.500 [0.280, 0.720]    0.438 [0.231, 0.668]    0.500 [0.280, 0.720]    0.750 [0.505, 0.898]    0.375 [0.185, 0.614]    0.375 [0.185, 0.614]    0.438 [0.231, 0.668]
meta-abyss-midrange       0.438 [0.231, 0.668]    0.438 [0.231, 0.668]    0.688 [0.444, 0.858]    0.750 [0.505, 0.898]    0.875 [0.640, 0.965]    0.562 [0.332, 0.769]    0.500 [0.280, 0.720]    1.000 [0.806, 1.000]    0.562 [0.332, 0.769]    0.688 [0.444, 0.858]    0.562 [0.332, 0.769]    0.875 [0.640, 0.965]    0.938 [0.717, 0.989]    0.688 [0.444, 0.858]    0.438 [0.231, 0.668]    0.438 [0.231, 0.668]
meta-dragon-aggro         0.438 [0.231, 0.668]    0.312 [0.142, 0.556]    0.500 [0.280, 0.720]    0.750 [0.505, 0.898]    0.500 [0.280, 0.720]    0.750 [0.505, 0.898]    0.688 [0.444, 0.858]    0.875 [0.640, 0.965]    0.375 [0.185, 0.614]    0.688 [0.444, 0.858]    0.125 [0.035, 0.360]    0.750 [0.505, 0.898]    0.375 [0.185, 0.614]    0.500 [0.280, 0.720]    0.375 [0.185, 0.614]    0.438 [0.231, 0.668]
meta-dragon-ramp          0.500 [0.280, 0.720]    0.500 [0.280, 0.720]    0.250 [0.102, 0.495]    0.562 [0.332, 0.769]    0.500 [0.280, 0.720]    0.625 [0.386, 0.815]    0.375 [0.185, 0.614]    1.000 [0.806, 1.000]    0.312 [0.142, 0.556]    0.500 [0.280, 0.720]    0.312 [0.142, 0.556]    0.438 [0.231, 0.668]    0.688 [0.444, 0.858]    0.438 [0.231, 0.668]    0.375 [0.185, 0.614]    0.312 [0.142, 0.556]
meta-forest-combo         0.562 [0.332, 0.769]    0.438 [0.231, 0.668]    0.562 [0.332, 0.769]    0.750 [0.505, 0.898]    0.250 [0.102, 0.495]    0.625 [0.386, 0.815]    0.500 [0.280, 0.720]    0.875 [0.640, 0.965]    0.062 [0.011, 0.283]    0.375 [0.185, 0.614]    0.062 [0.011, 0.283]    0.562 [0.332, 0.769]    0.625 [0.386, 0.815]    0.250 [0.102, 0.495]    0.500 [0.280, 0.720]    0.250 [0.102, 0.495]
meta-haven-amulet         0.500 [0.280, 0.720]    0.438 [0.231, 0.668]    0.375 [0.185, 0.614]    0.125 [0.035, 0.360]    0.250 [0.102, 0.495]    0.188 [0.066, 0.430]    0.062 [0.011, 0.283]    0.812 [0.570, 0.934]    0.062 [0.011, 0.283]    0.250 [0.102, 0.495]    0.188 [0.066, 0.430]    0.562 [0.332, 0.769]    0.750 [0.505, 0.898]    0.188 [0.066, 0.430]    0.438 [0.231, 0.668]    0.250 [0.102, 0.495]
meta-haven-evo            0.500 [0.280, 0.720]    0.562 [0.332, 0.769]    0.625 [0.386, 0.815]    0.438 [0.231, 0.668]    0.750 [0.505, 0.898]    0.812 [0.570, 0.934]    0.625 [0.386, 0.815]    1.000 [0.806, 1.000]    0.562 [0.332, 0.769]    0.688 [0.444, 0.858]    0.750 [0.505, 0.898]    0.750 [0.505, 0.898]    0.750 [0.505, 0.898]    0.500 [0.280, 0.720]    0.438 [0.231, 0.668]    0.688 [0.444, 0.858]
meta-haven-kukishiro      0.188 [0.066, 0.430]    0.000 [0.000, 0.194]    0.438 [0.231, 0.668]    0.000 [0.000, 0.194]    0.250 [0.102, 0.495]    0.250 [0.102, 0.495]    0.000 [0.000, 0.194]    0.562 [0.332, 0.769]    0.000 [0.000, 0.194]    0.000 [0.000, 0.194]    0.000 [0.000, 0.194]    0.188 [0.066, 0.430]    0.438 [0.231, 0.668]    0.125 [0.035, 0.360]    0.062 [0.011, 0.283]    0.000 [0.000, 0.194]
meta-portal-af            0.562 [0.332, 0.769]    0.688 [0.444, 0.858]    0.812 [0.570, 0.934]    0.625 [0.386, 0.815]    0.875 [0.640, 0.965]    0.625 [0.386, 0.815]    0.250 [0.102, 0.495]    1.000 [0.806, 1.000]    0.562 [0.332, 0.769]    0.625 [0.386, 0.815]    0.688 [0.444, 0.858]    0.750 [0.505, 0.898]    0.812 [0.570, 0.934]    0.938 [0.717, 0.989]    0.688 [0.444, 0.858]    0.562 [0.332, 0.769]
meta-portal-cutthroat     0.562 [0.332, 0.769]    0.188 [0.066, 0.430]    0.500 [0.280, 0.720]    0.688 [0.444, 0.858]    0.750 [0.505, 0.898]    0.688 [0.444, 0.858]    0.125 [0.035, 0.360]    0.938 [0.717, 0.989]    0.500 [0.280, 0.720]    0.625 [0.386, 0.815]    0.188 [0.066, 0.430]    0.750 [0.505, 0.898]    0.438 [0.231, 0.668]    0.688 [0.444, 0.858]    0.562 [0.332, 0.769]    0.125 [0.035, 0.360]
meta-portal-evo           0.562 [0.332, 0.769]    0.625 [0.386, 0.815]    0.875 [0.640, 0.965]    0.500 [0.280, 0.720]    0.750 [0.505, 0.898]    0.500 [0.280, 0.720]    0.562 [0.332, 0.769]    1.000 [0.806, 1.000]    0.625 [0.386, 0.815]    0.750 [0.505, 0.898]    0.438 [0.231, 0.668]    0.938 [0.717, 0.989]    0.875 [0.640, 0.965]    0.625 [0.386, 0.815]    0.875 [0.640, 0.965]    0.688 [0.444, 0.858]
meta-rune-crystal         0.750 [0.505, 0.898]    0.125 [0.035, 0.360]    0.312 [0.142, 0.556]    0.500 [0.280, 0.720]    0.562 [0.332, 0.769]    0.562 [0.332, 0.769]    0.312 [0.142, 0.556]    0.812 [0.570, 0.934]    0.000 [0.000, 0.194]    0.375 [0.185, 0.614]    0.062 [0.011, 0.283]    0.562 [0.332, 0.769]    0.375 [0.185, 0.614]    0.188 [0.066, 0.430]    0.312 [0.142, 0.556]    0.125 [0.035, 0.360]
meta-rune-spell           0.438 [0.231, 0.668]    0.188 [0.066, 0.430]    0.438 [0.231, 0.668]    0.312 [0.142, 0.556]    0.562 [0.332, 0.769]    0.375 [0.185, 0.614]    0.188 [0.066, 0.430]    0.875 [0.640, 0.965]    0.188 [0.066, 0.430]    0.688 [0.444, 0.858]    0.250 [0.102, 0.495]    0.625 [0.386, 0.815]    0.562 [0.332, 0.769]    0.438 [0.231, 0.668]    0.625 [0.386, 0.815]    0.438 [0.231, 0.668]
meta-rune-test-subject    0.562 [0.332, 0.769]    0.562 [0.332, 0.769]    0.375 [0.185, 0.614]    0.438 [0.231, 0.668]    0.625 [0.386, 0.815]    0.812 [0.570, 0.934]    0.250 [0.102, 0.495]    0.938 [0.717, 0.989]    0.125 [0.035, 0.360]    0.375 [0.185, 0.614]    0.375 [0.185, 0.614]    0.688 [0.444, 0.858]    0.438 [0.231, 0.668]    0.688 [0.444, 0.858]    0.500 [0.280, 0.720]    0.375 [0.185, 0.614]
meta-sword-loot           0.750 [0.505, 0.898]    0.312 [0.142, 0.556]    0.438 [0.231, 0.668]    0.812 [0.570, 0.934]    0.438 [0.231, 0.668]    0.688 [0.444, 0.858]    0.625 [0.386, 0.815]    1.000 [0.806, 1.000]    0.188 [0.066, 0.430]    0.312 [0.142, 0.556]    0.125 [0.035, 0.360]    0.375 [0.185, 0.614]    0.438 [0.231, 0.668]    0.375 [0.185, 0.614]    0.375 [0.185, 0.614]    0.250 [0.102, 0.495]
meta-sword-rally          0.625 [0.386, 0.815]    0.500 [0.280, 0.720]    0.500 [0.280, 0.720]    0.812 [0.570, 0.934]    0.750 [0.505, 0.898]    0.812 [0.570, 0.934]    0.500 [0.280, 0.720]    0.938 [0.717, 0.989]    0.688 [0.444, 0.858]    0.750 [0.505, 0.898]    0.500 [0.280, 0.720]    0.938 [0.717, 0.989]    0.875 [0.640, 0.965]    0.562 [0.332, 0.769]    0.750 [0.505, 0.898]    0.312 [0.142, 0.556]

=== summary ===
h0:net=results/sweep25/leaf-all4-e2.json vs h0
games: 4096  decisive: 4096  draws: 0
policy_a win rate: 0.510 [0.494, 0.525]
first-player win rate: 0.546
mean turns: 8.81  mean actions: 87.38
end: lethal=4052 deckout=44 turn_cap=0 action_cap=0 no_legal=0 illegal=0
2480.104s  1.65 games/s  cpus=28
per deck:
  meta-abyss-aggro: policy_a (row) 0.508  policy_b (col) 0.449
  meta-abyss-midrange: policy_a (row) 0.652  policy_b (col) 0.609
  meta-dragon-aggro: policy_a (row) 0.527  policy_b (col) 0.492
  meta-dragon-ramp: policy_a (row) 0.480  policy_b (col) 0.449
  meta-forest-combo: policy_a (row) 0.453  policy_b (col) 0.441
  meta-haven-amulet: policy_a (row) 0.340  policy_b (col) 0.402
  meta-haven-evo: policy_a (row) 0.652  policy_b (col) 0.609
  meta-haven-kukishiro: policy_a (row) 0.156  policy_b (col) 0.113
  meta-portal-af: policy_a (row) 0.691  policy_b (col) 0.691
  meta-portal-cutthroat: policy_a (row) 0.520  policy_b (col) 0.488
  meta-portal-evo: policy_a (row) 0.699  policy_b (col) 0.684
  meta-rune-crystal: policy_a (row) 0.371  policy_b (col) 0.359
  meta-rune-spell: policy_a (row) 0.449  policy_b (col) 0.367
  meta-rune-test-subject: policy_a (row) 0.508  policy_b (col) 0.527
  meta-sword-loot: policy_a (row) 0.469  policy_b (col) 0.520
  meta-sword-rally: policy_a (row) 0.676  policy_b (col) 0.645

4096 games in 2480.104s (1.7 games/s)
wrote C:\Users\agban\projects\arena\results\sweep25b\c01-final.json
