pool: meta
decks: 16 (meta-abyss-aggro, meta-abyss-midrange, meta-dragon-aggro, meta-dragon-ramp, meta-forest-combo, meta-haven-amulet, meta-haven-evo, meta-haven-kukishiro, meta-portal-af, meta-portal-cutthroat, meta-portal-evo, meta-rune-crystal, meta-rune-spell, meta-rune-test-subject, meta-sword-loot, meta-sword-rally)
pairs: 256 (16 x 16, mirrors included)
games     4 games/pair x 256 =  1024
matchup: 16 decks × 4 games = 1024 games (seed=1, policy_a=h0, policy_b=h0:net=results/sweep17/leaf-v2data-seed1.json, first=alternate, threads=None)
Win rate (row = A, col = B; cell = A's win rate)
                              meta-abyss-aggro     meta-abyss-midrange       meta-dragon-aggro        meta-dragon-ramp       meta-forest-combo       meta-haven-amulet          meta-haven-evo    meta-haven-kukishiro          meta-portal-af   meta-portal-cutthroat         meta-portal-evo       meta-rune-crystal         meta-rune-spell  meta-rune-test-subject         meta-sword-loot        meta-sword-rally
meta-abyss-aggro                         0.500                   0.500                   0.500                   0.750                   0.000                   0.750                   0.750                   0.500                   0.750                   0.250                   0.250                   0.500                   0.500                   0.000                   0.750                   0.500
meta-abyss-midrange                      0.750                   0.500                   0.500                   1.000                   0.750                   1.000                   0.250                   1.000                   0.500                   0.750                   0.500                   1.000                   0.750                   1.000                   0.250                   0.500
meta-dragon-aggro                        0.500                   0.250                   0.500                   0.500                   0.500                   0.500                   0.500                   0.750                   0.500                   0.250                   0.250                   0.500                   0.250                   0.250                   0.750                   0.500
meta-dragon-ramp                         0.250                   0.500                   0.000                   0.500                   0.750                   1.000                   1.000                   1.000                   0.250                   0.500                   0.250                   0.250                   0.750                   0.500                   0.500                   0.500
meta-forest-combo                        0.750                   0.250                   0.500                   0.750                   0.500                   0.500                   0.000                   1.000                   0.500                   0.500                   0.500                   1.000                   0.750                   0.500                   0.500                   0.000
meta-haven-amulet                        0.250                   0.000                   0.250                   0.500                   1.000                   0.750                   0.000                   0.750                   0.250                   0.500                   0.000                   0.750                   0.750                   0.000                   0.000                   0.500
meta-haven-evo                           0.250                   0.750                   0.750                   0.750                   1.000                   0.750                   0.500                   1.000                   0.750                   0.750                   0.750                   1.000                   0.750                   0.750                   0.750                   0.250
meta-haven-kukishiro                     0.250                   0.250                   0.250                   0.000                   0.250                   0.000                   0.000                   0.750                   0.000                   0.500                   0.250                   0.250                   0.000                   0.000                   0.000                   0.000
meta-portal-af                           0.750                   0.500                   0.750                   0.500                   0.750                   1.000                   0.250                   1.000                   0.500                   0.750                   0.500                   0.750                   1.000                   1.000                   1.000                   0.250
meta-portal-cutthroat                    0.750                   0.500                   0.750                   0.500                   1.000                   0.750                   0.250                   1.000                   0.250                   0.500                   0.500                   1.000                   0.750                   0.500                   0.750                   0.750
meta-portal-evo                          0.750                   0.750                   0.250                   0.500                   1.000                   0.750                   0.500                   1.000                   0.750                   0.750                   0.750                   1.000                   0.750                   1.000                   0.500                   1.000
meta-rune-crystal                        0.250                   0.000                   0.500                   0.250                   0.250                   0.500                   0.500                   0.750                   0.000                   0.250                   0.000                   0.750                   0.750                   0.250                   0.250                   0.250
meta-rune-spell                          0.750                   0.250                   0.750                   0.500                   1.000                   0.250                   0.000                   1.000                   0.500                   0.750                   0.250                   0.500                   0.500                   0.000                   0.750                   0.250
meta-rune-test-subject                   0.750                   0.000                   0.500                   0.250                   1.000                   0.500                   0.500                   1.000                   0.250                   1.000                   0.250                   0.500                   0.750                   0.500                   0.250                   0.000
meta-sword-loot                          0.750                   0.250                   0.750                   0.500                   0.500                   0.750                   0.250                   1.000                   0.250                   0.250                   0.000                   0.750                   0.500                   0.500                   1.000                   0.750
meta-sword-rally                         0.500                   0.250                   0.000                   1.000                   1.000                   0.750                   0.500                   1.000                   0.750                   0.500                   0.250                   0.500                   1.000                   0.750                   0.750                   0.250

First-player win rate / mean turns
                              meta-abyss-aggro     meta-abyss-midrange       meta-dragon-aggro        meta-dragon-ramp       meta-forest-combo       meta-haven-amulet          meta-haven-evo    meta-haven-kukishiro          meta-portal-af   meta-portal-cutthroat         meta-portal-evo       meta-rune-crystal         meta-rune-spell  meta-rune-test-subject         meta-sword-loot        meta-sword-rally
meta-abyss-aggro                 1.000 /   7.0           1.000 /   7.5           0.500 /   8.0           0.750 /   6.5           0.500 /   7.8           0.750 /   7.2           0.250 /   6.0           0.000 /  10.0           0.250 /   7.2           0.750 /   8.8           0.750 /   7.8           0.500 /   8.0           1.000 /   7.2           0.500 /   7.8           0.750 /   8.0           0.500 /   7.5
meta-abyss-midrange              0.250 /   6.2           0.500 /   9.2           0.500 /   9.0           0.500 /   6.2           0.250 /   8.2           0.500 /   7.5           0.750 /   9.8           0.500 /   9.0           0.000 /   8.2           0.250 /   7.2           0.500 /   8.0           0.500 /   8.5           0.250 /   7.5           0.500 /   8.0           0.750 /   8.8           0.000 /   9.0
meta-dragon-aggro                1.000 /   7.0           0.750 /   7.5           1.000 /   7.2           1.000 /   7.8           0.500 /   7.5           0.500 /  11.8           1.000 /   7.8           0.250 /   9.5           0.500 /   7.2           0.750 /   8.2           0.250 /   7.2           0.000 /   7.5           0.750 /   8.0           0.250 /   7.8           0.750 /   7.5           0.500 /   8.0
meta-dragon-ramp                 0.750 /   6.0           1.000 /   8.2           0.500 /   6.5           0.500 /   8.2           0.750 /   7.8           0.500 /  11.2           0.500 /   9.0           0.500 /   8.5           0.750 /   8.5           0.500 /   8.0           0.250 /   8.0           0.250 /   7.5           0.750 /   9.0           0.500 /  10.2           0.500 /   8.0           0.500 /   9.0
meta-forest-combo                0.250 /   7.0           0.250 /   8.2           1.000 /   8.5           0.250 /   7.5           0.500 /   9.5           0.000 /  10.8           0.500 /   9.5           0.500 /  10.5           0.500 /   9.2           1.000 /  10.0           0.000 /   7.2           0.500 /   8.0           0.750 /   8.5           1.000 /   9.0           0.500 /   8.8           0.500 /   8.2
meta-haven-amulet                0.750 /   8.0           0.500 /   7.2           0.250 /   8.0           1.000 /  10.0           0.500 /  13.8           0.750 /  16.8           0.500 /  12.5           0.250 /  14.0           0.750 /  10.0           0.500 /  14.5           0.500 /   7.2           0.250 /  13.5           0.750 /  11.0           0.500 /   7.2           0.500 /   8.2           0.500 /  10.5
meta-haven-evo                   0.750 /   7.2           0.750 /  10.5           0.750 /   9.0           0.250 /  11.2           0.500 /   9.8           0.750 /  14.2           0.500 /  11.8           0.500 /  13.0           0.750 /   9.2           0.750 /  10.0           0.750 /   8.8           0.500 /   8.2           0.250 /   8.0           0.750 /   8.0           0.750 /   8.5           0.750 /   7.2
meta-haven-kukishiro             0.750 /   9.0           0.750 /  12.0           0.750 /   9.2           0.500 /   8.5           0.250 /  10.8           0.500 /  16.0           0.500 /  10.8           0.750 /  17.5           0.500 /   9.2           1.000 /  13.0           0.750 /   9.5           0.250 /  10.2           0.500 /  10.2           0.500 /   8.8           0.500 /  11.5           0.500 /  10.5
meta-portal-af                   0.250 /   8.8           1.000 /   9.2           0.250 /   7.5           1.000 /  10.5           0.250 /   7.8           0.500 /   8.0           0.250 /   9.5           0.500 /  10.2           1.000 /  10.2           0.750 /  10.2           0.500 /   9.8           0.250 /   8.2           0.500 /   9.5           0.500 /   8.0           0.500 /   8.0           0.750 /   8.5
meta-portal-cutthroat            0.750 /   8.8           0.500 /   8.8           0.750 /   7.5           1.000 /  10.0           0.500 /  10.0           0.250 /  10.0           0.250 /   8.8           0.500 /  10.0           0.250 /   8.8           0.500 /   8.5           1.000 /  10.8           0.500 /   9.2           0.750 /   9.0           1.000 /   9.5           0.250 /   8.8           0.750 /   9.2
meta-portal-evo                  0.750 /   7.5           0.250 /   8.0           0.250 /   6.8           0.500 /   8.5           0.500 /   7.5           0.250 /  13.0           1.000 /  10.8           0.500 /   8.8           0.750 /   9.0           0.750 /   8.5           0.250 /   9.8           0.500 /   8.2           0.750 /  10.2           0.500 /   8.5           0.500 /   8.2           0.500 /   7.5
meta-rune-crystal                0.250 /   8.5           0.500 /   8.0           0.500 /   7.5           0.250 /   8.5           0.250 /   8.5           0.500 /  10.8           0.500 /   8.5           0.750 /  11.2           0.500 /   8.2           0.750 /   8.5           0.500 /   8.8           0.250 /   8.5           0.250 /   8.2           0.250 /   7.5           0.750 /  10.0           0.250 /   8.0
meta-rune-spell                  0.250 /   6.0           0.250 /   8.8           0.250 /   7.2           0.500 /   9.5           0.500 /   9.0           0.250 /  13.0           0.500 /   9.5           0.500 /  11.0           0.500 /   9.0           0.750 /   9.8           0.750 /   8.8           0.500 /   7.5           1.000 /   8.5           0.500 /   8.8           0.750 /   9.8           0.250 /   7.8
meta-rune-test-subject           0.250 /   7.5           0.500 /   8.8           0.500 /   7.5           0.750 /   9.2           0.500 /   8.2           1.000 /  12.0           0.000 /   9.2           0.500 /  10.2           0.750 /  10.0           0.500 /   7.8           0.250 /   8.0           1.000 /   8.5           0.250 /  10.2           1.000 /   9.0           0.250 /   7.5           0.500 /   7.2
meta-sword-loot                  0.750 /   8.0           0.250 /   7.5           0.750 /   9.5           0.000 /   7.0           1.000 /   9.8           0.250 /  10.5           0.750 /   8.2           0.500 /  11.8           0.750 /   8.8           0.750 /   8.2           0.500 /   8.2           0.250 /   9.0           0.000 /   7.5           0.500 /   7.2           0.500 /   7.8           0.750 /   7.5
meta-sword-rally                 0.500 /   7.5           0.750 /   8.2           0.500 /   7.0           0.500 /   7.8           0.500 /   8.5           0.750 /   8.2           0.500 /   7.5           0.500 /   7.0           0.250 /   9.8           1.000 /   9.5           0.750 /   8.0           1.000 /   8.0           0.500 /   7.0           0.250 /   6.5           0.750 /   8.0           0.750 /   8.2

A win rate over decisive games, Wilson 95% [lo, hi]
                              meta-abyss-aggro     meta-abyss-midrange       meta-dragon-aggro        meta-dragon-ramp       meta-forest-combo       meta-haven-amulet          meta-haven-evo    meta-haven-kukishiro          meta-portal-af   meta-portal-cutthroat         meta-portal-evo       meta-rune-crystal         meta-rune-spell  meta-rune-test-subject         meta-sword-loot        meta-sword-rally
meta-abyss-aggro          0.500 [0.150, 0.850]    0.500 [0.150, 0.850]    0.500 [0.150, 0.850]    0.750 [0.301, 0.954]    0.000 [0.000, 0.490]    0.750 [0.301, 0.954]    0.750 [0.301, 0.954]    0.500 [0.150, 0.850]    0.750 [0.301, 0.954]    0.250 [0.046, 0.699]    0.250 [0.046, 0.699]    0.500 [0.150, 0.850]    0.500 [0.150, 0.850]    0.000 [0.000, 0.490]    0.750 [0.301, 0.954]    0.500 [0.150, 0.850]
meta-abyss-midrange       0.750 [0.301, 0.954]    0.500 [0.150, 0.850]    0.500 [0.150, 0.850]    1.000 [0.510, 1.000]    0.750 [0.301, 0.954]    1.000 [0.510, 1.000]    0.250 [0.046, 0.699]    1.000 [0.510, 1.000]    0.500 [0.150, 0.850]    0.750 [0.301, 0.954]    0.500 [0.150, 0.850]    1.000 [0.510, 1.000]    0.750 [0.301, 0.954]    1.000 [0.510, 1.000]    0.250 [0.046, 0.699]    0.500 [0.150, 0.850]
meta-dragon-aggro         0.500 [0.150, 0.850]    0.250 [0.046, 0.699]    0.500 [0.150, 0.850]    0.500 [0.150, 0.850]    0.500 [0.150, 0.850]    0.500 [0.150, 0.850]    0.500 [0.150, 0.850]    0.750 [0.301, 0.954]    0.500 [0.150, 0.850]    0.250 [0.046, 0.699]    0.250 [0.046, 0.699]    0.500 [0.150, 0.850]    0.250 [0.046, 0.699]    0.250 [0.046, 0.699]    0.750 [0.301, 0.954]    0.500 [0.150, 0.850]
meta-dragon-ramp          0.250 [0.046, 0.699]    0.500 [0.150, 0.850]    0.000 [0.000, 0.490]    0.500 [0.150, 0.850]    0.750 [0.301, 0.954]    1.000 [0.510, 1.000]    1.000 [0.510, 1.000]    1.000 [0.510, 1.000]    0.250 [0.046, 0.699]    0.500 [0.150, 0.850]    0.250 [0.046, 0.699]    0.250 [0.046, 0.699]    0.750 [0.301, 0.954]    0.500 [0.150, 0.850]    0.500 [0.150, 0.850]    0.500 [0.150, 0.850]
meta-forest-combo         0.750 [0.301, 0.954]    0.250 [0.046, 0.699]    0.500 [0.150, 0.850]    0.750 [0.301, 0.954]    0.500 [0.150, 0.850]    0.500 [0.150, 0.850]    0.000 [0.000, 0.490]    1.000 [0.510, 1.000]    0.500 [0.150, 0.850]    0.500 [0.150, 0.850]    0.500 [0.150, 0.850]    1.000 [0.510, 1.000]    0.750 [0.301, 0.954]    0.500 [0.150, 0.850]    0.500 [0.150, 0.850]    0.000 [0.000, 0.490]
meta-haven-amulet         0.250 [0.046, 0.699]    0.000 [0.000, 0.490]    0.250 [0.046, 0.699]    0.500 [0.150, 0.850]    1.000 [0.510, 1.000]    0.750 [0.301, 0.954]    0.000 [0.000, 0.490]    0.750 [0.301, 0.954]    0.250 [0.046, 0.699]    0.500 [0.150, 0.850]    0.000 [0.000, 0.490]    0.750 [0.301, 0.954]    0.750 [0.301, 0.954]    0.000 [0.000, 0.490]    0.000 [0.000, 0.490]    0.500 [0.150, 0.850]
meta-haven-evo            0.250 [0.046, 0.699]    0.750 [0.301, 0.954]    0.750 [0.301, 0.954]    0.750 [0.301, 0.954]    1.000 [0.510, 1.000]    0.750 [0.301, 0.954]    0.500 [0.150, 0.850]    1.000 [0.510, 1.000]    0.750 [0.301, 0.954]    0.750 [0.301, 0.954]    0.750 [0.301, 0.954]    1.000 [0.510, 1.000]    0.750 [0.301, 0.954]    0.750 [0.301, 0.954]    0.750 [0.301, 0.954]    0.250 [0.046, 0.699]
meta-haven-kukishiro      0.250 [0.046, 0.699]    0.250 [0.046, 0.699]    0.250 [0.046, 0.699]    0.000 [0.000, 0.490]    0.250 [0.046, 0.699]    0.000 [0.000, 0.490]    0.000 [0.000, 0.490]    0.750 [0.301, 0.954]    0.000 [0.000, 0.490]    0.500 [0.150, 0.850]    0.250 [0.046, 0.699]    0.250 [0.046, 0.699]    0.000 [0.000, 0.490]    0.000 [0.000, 0.490]    0.000 [0.000, 0.490]    0.000 [0.000, 0.490]
meta-portal-af            0.750 [0.301, 0.954]    0.500 [0.150, 0.850]    0.750 [0.301, 0.954]    0.500 [0.150, 0.850]    0.750 [0.301, 0.954]    1.000 [0.510, 1.000]    0.250 [0.046, 0.699]    1.000 [0.510, 1.000]    0.500 [0.150, 0.850]    0.750 [0.301, 0.954]    0.500 [0.150, 0.850]    0.750 [0.301, 0.954]    1.000 [0.510, 1.000]    1.000 [0.510, 1.000]    1.000 [0.510, 1.000]    0.250 [0.046, 0.699]
meta-portal-cutthroat     0.750 [0.301, 0.954]    0.500 [0.150, 0.850]    0.750 [0.301, 0.954]    0.500 [0.150, 0.850]    1.000 [0.510, 1.000]    0.750 [0.301, 0.954]    0.250 [0.046, 0.699]    1.000 [0.510, 1.000]    0.250 [0.046, 0.699]    0.500 [0.150, 0.850]    0.500 [0.150, 0.850]    1.000 [0.510, 1.000]    0.750 [0.301, 0.954]    0.500 [0.150, 0.850]    0.750 [0.301, 0.954]    0.750 [0.301, 0.954]
meta-portal-evo           0.750 [0.301, 0.954]    0.750 [0.301, 0.954]    0.250 [0.046, 0.699]    0.500 [0.150, 0.850]    1.000 [0.510, 1.000]    0.750 [0.301, 0.954]    0.500 [0.150, 0.850]    1.000 [0.510, 1.000]    0.750 [0.301, 0.954]    0.750 [0.301, 0.954]    0.750 [0.301, 0.954]    1.000 [0.510, 1.000]    0.750 [0.301, 0.954]    1.000 [0.510, 1.000]    0.500 [0.150, 0.850]    1.000 [0.510, 1.000]
meta-rune-crystal         0.250 [0.046, 0.699]    0.000 [0.000, 0.490]    0.500 [0.150, 0.850]    0.250 [0.046, 0.699]    0.250 [0.046, 0.699]    0.500 [0.150, 0.850]    0.500 [0.150, 0.850]    0.750 [0.301, 0.954]    0.000 [0.000, 0.490]    0.250 [0.046, 0.699]    0.000 [0.000, 0.490]    0.750 [0.301, 0.954]    0.750 [0.301, 0.954]    0.250 [0.046, 0.699]    0.250 [0.046, 0.699]    0.250 [0.046, 0.699]
meta-rune-spell           0.750 [0.301, 0.954]    0.250 [0.046, 0.699]    0.750 [0.301, 0.954]    0.500 [0.150, 0.850]    1.000 [0.510, 1.000]    0.250 [0.046, 0.699]    0.000 [0.000, 0.490]    1.000 [0.510, 1.000]    0.500 [0.150, 0.850]    0.750 [0.301, 0.954]    0.250 [0.046, 0.699]    0.500 [0.150, 0.850]    0.500 [0.150, 0.850]    0.000 [0.000, 0.490]    0.750 [0.301, 0.954]    0.250 [0.046, 0.699]
meta-rune-test-subject    0.750 [0.301, 0.954]    0.000 [0.000, 0.490]    0.500 [0.150, 0.850]    0.250 [0.046, 0.699]    1.000 [0.510, 1.000]    0.500 [0.150, 0.850]    0.500 [0.150, 0.850]    1.000 [0.510, 1.000]    0.250 [0.046, 0.699]    1.000 [0.510, 1.000]    0.250 [0.046, 0.699]    0.500 [0.150, 0.850]    0.750 [0.301, 0.954]    0.500 [0.150, 0.850]    0.250 [0.046, 0.699]    0.000 [0.000, 0.490]
meta-sword-loot           0.750 [0.301, 0.954]    0.250 [0.046, 0.699]    0.750 [0.301, 0.954]    0.500 [0.150, 0.850]    0.500 [0.150, 0.850]    0.750 [0.301, 0.954]    0.250 [0.046, 0.699]    1.000 [0.510, 1.000]    0.250 [0.046, 0.699]    0.250 [0.046, 0.699]    0.000 [0.000, 0.490]    0.750 [0.301, 0.954]    0.500 [0.150, 0.850]    0.500 [0.150, 0.850]    1.000 [0.510, 1.000]    0.750 [0.301, 0.954]
meta-sword-rally          0.500 [0.150, 0.850]    0.250 [0.046, 0.699]    0.000 [0.000, 0.490]    1.000 [0.510, 1.000]    1.000 [0.510, 1.000]    0.750 [0.301, 0.954]    0.500 [0.150, 0.850]    1.000 [0.510, 1.000]    0.750 [0.301, 0.954]    0.500 [0.150, 0.850]    0.250 [0.046, 0.699]    0.500 [0.150, 0.850]    1.000 [0.510, 1.000]    0.750 [0.301, 0.954]    0.750 [0.301, 0.954]    0.250 [0.046, 0.699]

=== summary ===
h0 vs h0:net=results/sweep17/leaf-v2data-seed1.json
games: 1024  decisive: 1024  draws: 0
policy_a win rate: 0.536 [0.506, 0.566]
first-player win rate: 0.544
mean turns: 8.90  mean actions: 88.80
end: lethal=1010 deckout=14 turn_cap=0 action_cap=0 no_legal=0 illegal=0
590.198s  1.74 games/s  cpus=28
per deck:
  meta-abyss-aggro: policy_a (row) 0.484  policy_b (col) 0.453
  meta-abyss-midrange: policy_a (row) 0.688  policy_b (col) 0.656
  meta-dragon-aggro: policy_a (row) 0.453  policy_b (col) 0.531
  meta-dragon-ramp: policy_a (row) 0.531  policy_b (col) 0.453
  meta-forest-combo: policy_a (row) 0.531  policy_b (col) 0.297
  meta-haven-amulet: policy_a (row) 0.391  policy_b (col) 0.344
  meta-haven-evo: policy_a (row) 0.719  policy_b (col) 0.641
  meta-haven-kukishiro: policy_a (row) 0.172  policy_b (col) 0.094
  meta-portal-af: policy_a (row) 0.703  policy_b (col) 0.578
  meta-portal-cutthroat: policy_a (row) 0.656  policy_b (col) 0.453
  meta-portal-evo: policy_a (row) 0.750  policy_b (col) 0.672
  meta-rune-crystal: policy_a (row) 0.344  policy_b (col) 0.312
  meta-rune-spell: policy_a (row) 0.500  policy_b (col) 0.344
  meta-rune-test-subject: policy_a (row) 0.500  policy_b (col) 0.531
  meta-sword-loot: policy_a (row) 0.547  policy_b (col) 0.453
  meta-sword-rally: policy_a (row) 0.609  policy_b (col) 0.609

1024 games in 590.198s (1.7 games/s)
wrote C:\Users\agban\projects\arena\results\sweep17\c05-reverse.json
