pool: meta
decks: 16 (meta-abyss-aggro, meta-abyss-midrange, meta-dragon-aggro, meta-dragon-ramp, meta-forest-combo, meta-haven-amulet, meta-haven-evo, meta-haven-kukishiro, meta-portal-af, meta-portal-cutthroat, meta-portal-evo, meta-rune-crystal, meta-rune-spell, meta-rune-test-subject, meta-sword-loot, meta-sword-rally)
pairs: 256 (16 x 16, mirrors included)
games     8 games/pair x 256 =  2048
matchup: 16 decks × 8 games = 2048 games (seed=1, policy_a=h0, policy_b=h0:lcap=1, first=alternate, threads=None)
Win rate (row = A, col = B; cell = A's win rate)
                              meta-abyss-aggro     meta-abyss-midrange       meta-dragon-aggro        meta-dragon-ramp       meta-forest-combo       meta-haven-amulet          meta-haven-evo    meta-haven-kukishiro          meta-portal-af   meta-portal-cutthroat         meta-portal-evo       meta-rune-crystal         meta-rune-spell  meta-rune-test-subject         meta-sword-loot        meta-sword-rally
meta-abyss-aggro                         0.500                   0.500                   0.500                   0.875                   0.625                   0.875                   0.500                   0.500                   0.250                   0.500                   0.375                   0.750                   0.875                   0.250                   0.375                   0.500
meta-abyss-midrange                      0.875                   0.625                   0.375                   0.750                   0.625                   0.875                   0.375                   1.000                   0.625                   0.625                   0.625                   1.000                   0.750                   0.875                   0.625                   0.750
meta-dragon-aggro                        0.750                   0.375                   0.500                   0.875                   0.375                   0.875                   0.375                   0.625                   0.250                   0.500                   0.375                   0.750                   0.375                   0.625                   0.375                   0.750
meta-dragon-ramp                         0.250                   0.250                   0.125                   0.500                   0.250                   0.875                   0.375                   1.000                   0.125                   0.625                   0.250                   0.625                   0.250                   0.750                   0.375                   0.125
meta-forest-combo                        0.750                   0.375                   0.875                   0.375                   0.500                   0.875                   0.125                   0.750                   0.250                   0.375                   0.375                   0.625                   0.875                   0.500                   0.375                   0.250
meta-haven-amulet                        0.375                   0.250                   0.250                   0.125                   0.500                   0.375                   0.125                   0.750                   0.125                   0.375                   0.125                   0.625                   0.500                   0.625                   0.250                   0.250
meta-haven-evo                           0.375                   0.500                   0.375                   0.250                   0.500                   0.750                   0.500                   1.000                   0.750                   0.375                   0.500                   1.000                   0.750                   0.500                   0.250                   0.625
meta-haven-kukishiro                     0.125                   0.000                   0.000                   0.000                   0.375                   0.375                   0.000                   0.500                   0.125                   0.125                   0.000                   0.375                   0.375                   0.000                   0.000                   0.000
meta-portal-af                           0.625                   0.500                   0.750                   0.625                   1.000                   1.000                   0.625                   1.000                   0.625                   0.750                   0.625                   0.875                   0.625                   1.000                   0.875                   0.625
meta-portal-cutthroat                    0.250                   0.000                   0.375                   0.125                   0.750                   0.750                   0.375                   1.000                   0.000                   0.375                   0.000                   0.750                   0.875                   0.500                   0.375                   0.250
meta-portal-evo                          0.750                   0.625                   0.875                   0.750                   0.500                   0.750                   0.250                   1.000                   0.375                   1.000                   0.250                   0.875                   0.875                   1.000                   0.625                   0.875
meta-rune-crystal                        0.125                   0.000                   0.125                   0.375                   0.375                   0.375                   0.125                   0.500                   0.000                   0.125                   0.250                   0.750                   0.500                   0.125                   0.250                   0.000
meta-rune-spell                          0.250                   0.250                   0.375                   0.375                   0.500                   0.375                   0.375                   0.750                   0.250                   0.625                   0.625                   0.375                   0.625                   0.500                   0.500                   0.250
meta-rune-test-subject                   0.250                   0.750                   0.500                   0.375                   0.500                   0.625                   0.375                   0.875                   0.125                   0.750                   0.375                   1.000                   0.500                   0.625                   0.500                   0.125
meta-sword-loot                          0.375                   0.500                   0.375                   0.750                   0.625                   1.000                   0.625                   0.875                   0.000                   0.625                   0.250                   0.750                   0.750                   0.625                   0.375                   0.500
meta-sword-rally                         0.625                   0.500                   0.500                   0.500                   0.875                   0.750                   0.375                   1.000                   0.375                   0.750                   0.375                   1.000                   0.875                   0.750                   0.625                   0.500

First-player win rate / mean turns
                              meta-abyss-aggro     meta-abyss-midrange       meta-dragon-aggro        meta-dragon-ramp       meta-forest-combo       meta-haven-amulet          meta-haven-evo    meta-haven-kukishiro          meta-portal-af   meta-portal-cutthroat         meta-portal-evo       meta-rune-crystal         meta-rune-spell  meta-rune-test-subject         meta-sword-loot        meta-sword-rally
meta-abyss-aggro                 0.500 /   6.9           0.500 /   6.5           0.500 /   6.9           0.625 /   6.9           0.625 /   7.4           0.625 /   6.6           0.500 /   7.2           0.500 /   8.1           0.250 /   7.0           0.250 /   7.1           0.875 /   7.8           0.500 /   6.5           0.375 /   6.5           0.250 /   7.1           0.375 /   6.4           0.500 /   6.9
meta-abyss-midrange              0.625 /   6.9           0.375 /   8.5           0.375 /   6.8           0.750 /   8.0           0.375 /   8.0           0.375 /   7.1           0.625 /   9.5           0.500 /   7.2           0.625 /   8.4           0.875 /   8.1           0.625 /   8.4           0.500 /   7.8           0.250 /   7.6           0.375 /   8.9           0.625 /   7.4           0.500 /   8.1
meta-dragon-aggro                0.250 /   6.2           0.125 /   7.0           0.750 /   6.6           0.625 /   6.8           0.625 /   7.5           0.625 /   7.0           0.625 /   7.6           0.625 /   9.0           0.250 /   7.2           0.500 /   7.8           0.625 /   7.1           0.500 /   7.4           0.625 /   7.6           0.625 /   8.1           0.625 /   7.0           0.500 /   7.1
meta-dragon-ramp                 0.500 /   6.9           0.750 /   7.6           0.375 /   7.4           0.750 /  10.0           0.750 /   8.5           0.625 /  10.9           0.625 /  12.4           0.500 /  12.1           0.625 /   7.4           0.625 /   8.1           0.500 /   9.2           0.625 /   8.8           0.500 /   7.5           0.500 /   8.9           0.375 /   7.1           0.375 /   7.5
meta-forest-combo                0.500 /   7.8           0.375 /   9.4           0.625 /   8.5           0.375 /   9.5           0.500 /   8.5           0.625 /   7.6           0.625 /   9.5           0.250 /  13.4           0.500 /   8.5           0.625 /   9.4           0.375 /   8.4           0.375 /   9.5           0.625 /   7.4           0.750 /   8.9           0.875 /   8.8           0.500 /   8.4
meta-haven-amulet                0.625 /   7.1           0.500 /   8.6           0.500 /   8.4           0.625 /  10.1           0.750 /  10.8           0.625 /  13.0           0.625 /  12.2           0.500 /  15.8           0.625 /   7.6           0.375 /   9.2           0.625 /  11.0           0.875 /  10.8           0.750 /  10.1           0.375 /  10.6           0.500 /   7.8           0.500 /   8.1
meta-haven-evo                   0.625 /   6.8           0.750 /   8.0           0.625 /   8.1           0.750 /  10.2           0.500 /   8.8           0.250 /  11.5           0.750 /  10.4           0.500 /   9.8           0.750 /   9.0           0.625 /  10.2           0.750 /   9.6           0.500 /   9.5           0.500 /   8.6           0.750 /   7.6           0.750 /   8.5           0.375 /   8.6
meta-haven-kukishiro             0.375 /   8.5           0.500 /   9.0           0.500 /   7.1           0.500 /   8.6           0.625 /   9.8           0.125 /  15.1           0.500 /   9.4           0.500 /  15.1           0.625 /   9.6           0.375 /   9.9           0.500 /   8.2           0.625 /   9.2           0.875 /  11.5           0.500 /  10.0           0.500 /  10.4           0.500 /   8.9
meta-portal-af                   0.875 /   7.5           0.500 /   8.4           0.500 /   7.9           0.625 /  10.5           0.500 /   8.5           0.500 /   8.6           0.875 /   8.1           0.500 /   8.1           0.375 /   8.1           0.500 /   8.6           0.375 /   9.0           0.375 /   8.4           0.375 /   8.4           0.500 /   8.5           0.625 /   8.1           0.375 /   8.1
meta-portal-cutthroat            0.500 /   6.9           0.500 /   8.1           0.625 /   8.2           0.375 /   8.9           0.750 /  10.0           0.750 /   8.0           0.625 /   9.5           0.500 /   7.5           0.500 /   8.5           0.625 /   8.4           0.500 /   8.2           0.750 /   9.5           0.375 /   7.9           0.500 /   8.5           0.625 /   8.5           0.500 /   9.4
meta-portal-evo                  0.750 /   7.4           0.375 /   8.9           0.625 /   7.6           0.750 /   8.5           0.500 /   9.1           0.750 /   8.8           0.750 /   9.9           0.500 /   8.2           0.625 /   8.5           0.500 /   8.4           0.500 /   8.4           0.375 /   7.8           0.625 /   7.9           0.500 /   8.2           0.875 /   9.0           0.625 /   8.2
meta-rune-crystal                0.375 /   6.6           0.500 /   7.8           0.375 /   6.9           0.375 /   8.8           0.625 /   8.1           0.375 /  10.5           0.625 /   8.5           0.500 /  12.9           0.500 /   8.1           0.625 /   9.4           0.500 /   7.9           0.500 /   8.2           0.500 /   7.1           0.375 /   7.4           0.500 /   8.6           0.500 /   7.5
meta-rune-spell                  0.750 /   5.9           0.750 /   8.5           0.875 /   7.0           0.375 /   8.6           0.500 /   6.5           0.375 /  13.1           0.875 /   9.4           0.500 /  10.4           0.750 /   7.1           0.875 /   8.2           0.375 /   8.4           0.375 /   7.1           0.625 /   8.2           0.750 /   8.6           0.250 /   8.0           0.750 /   8.4
meta-rune-test-subject           0.750 /   7.1           0.500 /   7.6           0.250 /   7.5           0.625 /   9.1           0.750 /   8.4           0.625 /  12.4           0.875 /  10.1           0.625 /   9.2           0.375 /   7.6           0.750 /   9.1           0.875 /   9.8           0.500 /   8.1           0.750 /   9.6           0.375 /   7.6           0.750 /   7.5           0.625 /   8.0
meta-sword-loot                  0.625 /   7.4           0.500 /   7.2           0.375 /   7.8           0.500 /   7.1           0.875 /   8.5           0.500 /   7.4           0.875 /   8.6           0.625 /   7.6           0.500 /   8.2           0.375 /   8.0           0.750 /   8.6           0.250 /   7.2           0.500 /   8.5           0.625 /   7.6           0.375 /   7.4           0.750 /   7.4
meta-sword-rally                 0.375 /   7.2           0.500 /   8.6           0.500 /   7.5           1.000 /   8.9           0.625 /   8.1           0.500 /   8.4           0.625 /   8.4           0.500 /   7.8           0.625 /   8.2           0.750 /   7.9           0.625 /   8.8           0.500 /   7.4           0.375 /   7.4           0.500 /   8.4           0.375 /   6.9           0.500 /   7.0

A win rate over decisive games, Wilson 95% [lo, hi]
                              meta-abyss-aggro     meta-abyss-midrange       meta-dragon-aggro        meta-dragon-ramp       meta-forest-combo       meta-haven-amulet          meta-haven-evo    meta-haven-kukishiro          meta-portal-af   meta-portal-cutthroat         meta-portal-evo       meta-rune-crystal         meta-rune-spell  meta-rune-test-subject         meta-sword-loot        meta-sword-rally
meta-abyss-aggro          0.500 [0.215, 0.785]    0.500 [0.215, 0.785]    0.500 [0.215, 0.785]    0.875 [0.529, 0.978]    0.625 [0.306, 0.863]    0.875 [0.529, 0.978]    0.500 [0.215, 0.785]    0.500 [0.215, 0.785]    0.250 [0.071, 0.591]    0.500 [0.215, 0.785]    0.375 [0.137, 0.694]    0.750 [0.409, 0.929]    0.875 [0.529, 0.978]    0.250 [0.071, 0.591]    0.375 [0.137, 0.694]    0.500 [0.215, 0.785]
meta-abyss-midrange       0.875 [0.529, 0.978]    0.625 [0.306, 0.863]    0.375 [0.137, 0.694]    0.750 [0.409, 0.929]    0.625 [0.306, 0.863]    0.875 [0.529, 0.978]    0.375 [0.137, 0.694]    1.000 [0.676, 1.000]    0.625 [0.306, 0.863]    0.625 [0.306, 0.863]    0.625 [0.306, 0.863]    1.000 [0.676, 1.000]    0.750 [0.409, 0.929]    0.875 [0.529, 0.978]    0.625 [0.306, 0.863]    0.750 [0.409, 0.929]
meta-dragon-aggro         0.750 [0.409, 0.929]    0.375 [0.137, 0.694]    0.500 [0.215, 0.785]    0.875 [0.529, 0.978]    0.375 [0.137, 0.694]    0.875 [0.529, 0.978]    0.375 [0.137, 0.694]    0.625 [0.306, 0.863]    0.250 [0.071, 0.591]    0.500 [0.215, 0.785]    0.375 [0.137, 0.694]    0.750 [0.409, 0.929]    0.375 [0.137, 0.694]    0.625 [0.306, 0.863]    0.375 [0.137, 0.694]    0.750 [0.409, 0.929]
meta-dragon-ramp          0.250 [0.071, 0.591]    0.250 [0.071, 0.591]    0.125 [0.022, 0.471]    0.500 [0.215, 0.785]    0.250 [0.071, 0.591]    0.875 [0.529, 0.978]    0.375 [0.137, 0.694]    1.000 [0.676, 1.000]    0.125 [0.022, 0.471]    0.625 [0.306, 0.863]    0.250 [0.071, 0.591]    0.625 [0.306, 0.863]    0.250 [0.071, 0.591]    0.750 [0.409, 0.929]    0.375 [0.137, 0.694]    0.125 [0.022, 0.471]
meta-forest-combo         0.750 [0.409, 0.929]    0.375 [0.137, 0.694]    0.875 [0.529, 0.978]    0.375 [0.137, 0.694]    0.500 [0.215, 0.785]    0.875 [0.529, 0.978]    0.125 [0.022, 0.471]    0.750 [0.409, 0.929]    0.250 [0.071, 0.591]    0.375 [0.137, 0.694]    0.375 [0.137, 0.694]    0.625 [0.306, 0.863]    0.875 [0.529, 0.978]    0.500 [0.215, 0.785]    0.375 [0.137, 0.694]    0.250 [0.071, 0.591]
meta-haven-amulet         0.375 [0.137, 0.694]    0.250 [0.071, 0.591]    0.250 [0.071, 0.591]    0.125 [0.022, 0.471]    0.500 [0.215, 0.785]    0.375 [0.137, 0.694]    0.125 [0.022, 0.471]    0.750 [0.409, 0.929]    0.125 [0.022, 0.471]    0.375 [0.137, 0.694]    0.125 [0.022, 0.471]    0.625 [0.306, 0.863]    0.500 [0.215, 0.785]    0.625 [0.306, 0.863]    0.250 [0.071, 0.591]    0.250 [0.071, 0.591]
meta-haven-evo            0.375 [0.137, 0.694]    0.500 [0.215, 0.785]    0.375 [0.137, 0.694]    0.250 [0.071, 0.591]    0.500 [0.215, 0.785]    0.750 [0.409, 0.929]    0.500 [0.215, 0.785]    1.000 [0.676, 1.000]    0.750 [0.409, 0.929]    0.375 [0.137, 0.694]    0.500 [0.215, 0.785]    1.000 [0.676, 1.000]    0.750 [0.409, 0.929]    0.500 [0.215, 0.785]    0.250 [0.071, 0.591]    0.625 [0.306, 0.863]
meta-haven-kukishiro      0.125 [0.022, 0.471]    0.000 [0.000, 0.324]    0.000 [0.000, 0.324]    0.000 [0.000, 0.324]    0.375 [0.137, 0.694]    0.375 [0.137, 0.694]    0.000 [0.000, 0.324]    0.500 [0.215, 0.785]    0.125 [0.022, 0.471]    0.125 [0.022, 0.471]    0.000 [0.000, 0.324]    0.375 [0.137, 0.694]    0.375 [0.137, 0.694]    0.000 [0.000, 0.324]    0.000 [0.000, 0.324]    0.000 [0.000, 0.324]
meta-portal-af            0.625 [0.306, 0.863]    0.500 [0.215, 0.785]    0.750 [0.409, 0.929]    0.625 [0.306, 0.863]    1.000 [0.676, 1.000]    1.000 [0.676, 1.000]    0.625 [0.306, 0.863]    1.000 [0.676, 1.000]    0.625 [0.306, 0.863]    0.750 [0.409, 0.929]    0.625 [0.306, 0.863]    0.875 [0.529, 0.978]    0.625 [0.306, 0.863]    1.000 [0.676, 1.000]    0.875 [0.529, 0.978]    0.625 [0.306, 0.863]
meta-portal-cutthroat     0.250 [0.071, 0.591]    0.000 [0.000, 0.324]    0.375 [0.137, 0.694]    0.125 [0.022, 0.471]    0.750 [0.409, 0.929]    0.750 [0.409, 0.929]    0.375 [0.137, 0.694]    1.000 [0.676, 1.000]    0.000 [0.000, 0.324]    0.375 [0.137, 0.694]    0.000 [0.000, 0.324]    0.750 [0.409, 0.929]    0.875 [0.529, 0.978]    0.500 [0.215, 0.785]    0.375 [0.137, 0.694]    0.250 [0.071, 0.591]
meta-portal-evo           0.750 [0.409, 0.929]    0.625 [0.306, 0.863]    0.875 [0.529, 0.978]    0.750 [0.409, 0.929]    0.500 [0.215, 0.785]    0.750 [0.409, 0.929]    0.250 [0.071, 0.591]    1.000 [0.676, 1.000]    0.375 [0.137, 0.694]    1.000 [0.676, 1.000]    0.250 [0.071, 0.591]    0.875 [0.529, 0.978]    0.875 [0.529, 0.978]    1.000 [0.676, 1.000]    0.625 [0.306, 0.863]    0.875 [0.529, 0.978]
meta-rune-crystal         0.125 [0.022, 0.471]    0.000 [0.000, 0.324]    0.125 [0.022, 0.471]    0.375 [0.137, 0.694]    0.375 [0.137, 0.694]    0.375 [0.137, 0.694]    0.125 [0.022, 0.471]    0.500 [0.215, 0.785]    0.000 [0.000, 0.324]    0.125 [0.022, 0.471]    0.250 [0.071, 0.591]    0.750 [0.409, 0.929]    0.500 [0.215, 0.785]    0.125 [0.022, 0.471]    0.250 [0.071, 0.591]    0.000 [0.000, 0.324]
meta-rune-spell           0.250 [0.071, 0.591]    0.250 [0.071, 0.591]    0.375 [0.137, 0.694]    0.375 [0.137, 0.694]    0.500 [0.215, 0.785]    0.375 [0.137, 0.694]    0.375 [0.137, 0.694]    0.750 [0.409, 0.929]    0.250 [0.071, 0.591]    0.625 [0.306, 0.863]    0.625 [0.306, 0.863]    0.375 [0.137, 0.694]    0.625 [0.306, 0.863]    0.500 [0.215, 0.785]    0.500 [0.215, 0.785]    0.250 [0.071, 0.591]
meta-rune-test-subject    0.250 [0.071, 0.591]    0.750 [0.409, 0.929]    0.500 [0.215, 0.785]    0.375 [0.137, 0.694]    0.500 [0.215, 0.785]    0.625 [0.306, 0.863]    0.375 [0.137, 0.694]    0.875 [0.529, 0.978]    0.125 [0.022, 0.471]    0.750 [0.409, 0.929]    0.375 [0.137, 0.694]    1.000 [0.676, 1.000]    0.500 [0.215, 0.785]    0.625 [0.306, 0.863]    0.500 [0.215, 0.785]    0.125 [0.022, 0.471]
meta-sword-loot           0.375 [0.137, 0.694]    0.500 [0.215, 0.785]    0.375 [0.137, 0.694]    0.750 [0.409, 0.929]    0.625 [0.306, 0.863]    1.000 [0.676, 1.000]    0.625 [0.306, 0.863]    0.875 [0.529, 0.978]    0.000 [0.000, 0.324]    0.625 [0.306, 0.863]    0.250 [0.071, 0.591]    0.750 [0.409, 0.929]    0.750 [0.409, 0.929]    0.625 [0.306, 0.863]    0.375 [0.137, 0.694]    0.500 [0.215, 0.785]
meta-sword-rally          0.625 [0.306, 0.863]    0.500 [0.215, 0.785]    0.500 [0.215, 0.785]    0.500 [0.215, 0.785]    0.875 [0.529, 0.978]    0.750 [0.409, 0.929]    0.375 [0.137, 0.694]    1.000 [0.676, 1.000]    0.375 [0.137, 0.694]    0.750 [0.409, 0.929]    0.375 [0.137, 0.694]    1.000 [0.676, 1.000]    0.875 [0.529, 0.978]    0.750 [0.409, 0.929]    0.625 [0.306, 0.863]    0.500 [0.215, 0.785]

=== summary ===
h0 vs h0:lcap=1
games: 2048  decisive: 2048  draws: 0
policy_a win rate: 0.507 [0.485, 0.528]
first-player win rate: 0.554
mean turns: 8.47  mean actions: 83.62
end: lethal=2027 deckout=21 turn_cap=0 action_cap=0 no_legal=0 illegal=0
1072.992s  1.91 games/s  cpus=28
per deck:
  meta-abyss-aggro: policy_a (row) 0.547  policy_b (col) 0.547
  meta-abyss-midrange: policy_a (row) 0.711  policy_b (col) 0.625
  meta-dragon-aggro: policy_a (row) 0.547  policy_b (col) 0.570
  meta-dragon-ramp: policy_a (row) 0.422  policy_b (col) 0.523
  meta-forest-combo: policy_a (row) 0.516  policy_b (col) 0.445
  meta-haven-amulet: policy_a (row) 0.352  policy_b (col) 0.281
  meta-haven-evo: policy_a (row) 0.562  policy_b (col) 0.656
  meta-haven-kukishiro: policy_a (row) 0.148  policy_b (col) 0.180
  meta-portal-af: policy_a (row) 0.758  policy_b (col) 0.734
  meta-portal-cutthroat: policy_a (row) 0.422  policy_b (col) 0.469
  meta-portal-evo: policy_a (row) 0.711  policy_b (col) 0.664
  meta-rune-crystal: policy_a (row) 0.250  policy_b (col) 0.242
  meta-rune-spell: policy_a (row) 0.438  policy_b (col) 0.352
  meta-rune-test-subject: policy_a (row) 0.516  policy_b (col) 0.422
  meta-sword-loot: policy_a (row) 0.562  policy_b (col) 0.578
  meta-sword-rally: policy_a (row) 0.648  policy_b (col) 0.602

2048 games in 1072.992s (1.9 games/s)
wrote C:\Users\agban\projects\arena\results\sweep11\c01-reverse.json
