pool: meta
decks: 16 (meta-abyss-aggro, meta-abyss-midrange, meta-dragon-aggro, meta-dragon-ramp, meta-forest-combo, meta-haven-amulet, meta-haven-evo, meta-haven-kukishiro, meta-portal-af, meta-portal-cutthroat, meta-portal-evo, meta-rune-crystal, meta-rune-spell, meta-rune-test-subject, meta-sword-loot, meta-sword-rally)
pairs: 256 (16 x 16, mirrors included)
games    16 games/pair x 256 =  4096
matchup: 16 decks × 16 games = 4096 games (seed=1, policy_a=h0:clip=3, policy_b=h0, first=alternate, threads=None)
Win rate (row = A, col = B; cell = A's win rate)
                              meta-abyss-aggro     meta-abyss-midrange       meta-dragon-aggro        meta-dragon-ramp       meta-forest-combo       meta-haven-amulet          meta-haven-evo    meta-haven-kukishiro          meta-portal-af   meta-portal-cutthroat         meta-portal-evo       meta-rune-crystal         meta-rune-spell  meta-rune-test-subject         meta-sword-loot        meta-sword-rally
meta-abyss-aggro                         0.438                   0.438                   0.375                   0.875                   0.312                   0.812                   0.812                   0.688                   0.250                   0.562                   0.312                   0.812                   0.625                   0.438                   0.375                   0.562
meta-abyss-midrange                      0.688                   0.562                   0.562                   0.812                   0.438                   0.562                   0.250                   1.000                   0.500                   0.750                   0.438                   1.000                   0.688                   0.750                   0.500                   0.562
meta-dragon-aggro                        0.438                   0.375                   0.375                   0.938                   0.312                   0.812                   0.500                   0.812                   0.375                   0.562                   0.438                   0.625                   0.562                   0.438                   0.500                   0.562
meta-dragon-ramp                         0.375                   0.312                   0.312                   0.312                   0.438                   0.875                   0.562                   1.000                   0.062                   0.312                   0.250                   0.562                   0.375                   0.500                   0.375                   0.312
meta-forest-combo                        0.750                   0.250                   0.562                   0.438                   0.688                   0.688                   0.375                   0.812                   0.250                   0.562                   0.188                   0.688                   0.688                   0.375                   0.375                   0.312
meta-haven-amulet                        0.250                   0.125                   0.375                   0.125                   0.375                   0.250                   0.250                   0.812                   0.125                   0.438                   0.062                   0.250                   0.375                   0.312                   0.125                   0.188
meta-haven-evo                           0.375                   0.688                   0.312                   0.500                   0.750                   0.750                   0.375                   0.938                   0.500                   0.812                   0.562                   0.875                   0.750                   0.562                   0.562                   0.688
meta-haven-kukishiro                     0.312                   0.000                   0.312                   0.000                   0.375                   0.312                   0.000                   0.312                   0.062                   0.062                   0.000                   0.500                   0.312                   0.000                   0.188                   0.000
meta-portal-af                           0.750                   0.500                   0.562                   0.562                   0.688                   0.875                   0.312                   1.000                   0.375                   0.875                   0.250                   0.938                   0.875                   0.688                   0.750                   0.375
meta-portal-cutthroat                    0.375                   0.250                   0.312                   0.188                   0.500                   0.875                   0.312                   1.000                   0.312                   0.562                   0.188                   0.812                   0.750                   0.500                   0.312                   0.500
meta-portal-evo                          0.625                   0.312                   0.625                   0.812                   0.812                   0.938                   0.438                   1.000                   0.438                   0.812                   0.438                   0.938                   0.812                   0.812                   0.688                   0.625
meta-rune-crystal                        0.375                   0.000                   0.250                   0.500                   0.250                   0.500                   0.062                   0.625                   0.125                   0.250                   0.188                   0.562                   0.625                   0.312                   0.188                   0.000
meta-rune-spell                          0.125                   0.250                   0.375                   0.312                   0.375                   0.500                   0.188                   0.812                   0.188                   0.375                   0.250                   0.438                   0.312                   0.562                   0.438                   0.125
meta-rune-test-subject                   0.188                   0.438                   0.438                   0.312                   0.500                   0.812                   0.188                   0.938                   0.188                   0.562                   0.250                   0.812                   0.312                   0.812                   0.438                   0.375
meta-sword-loot                          0.500                   0.438                   0.375                   0.750                   0.438                   0.812                   0.562                   0.938                   0.375                   0.562                   0.188                   0.750                   0.625                   0.500                   0.500                   0.375
meta-sword-rally                         0.562                   0.438                   0.500                   0.500                   0.750                   0.875                   0.375                   1.000                   0.438                   0.438                   0.125                   0.938                   0.812                   0.875                   0.688                   0.625

First-player win rate / mean turns
                              meta-abyss-aggro     meta-abyss-midrange       meta-dragon-aggro        meta-dragon-ramp       meta-forest-combo       meta-haven-amulet          meta-haven-evo    meta-haven-kukishiro          meta-portal-af   meta-portal-cutthroat         meta-portal-evo       meta-rune-crystal         meta-rune-spell  meta-rune-test-subject         meta-sword-loot        meta-sword-rally
meta-abyss-aggro                 0.688 /   6.9           0.562 /   6.8           0.500 /   6.6           0.500 /   6.9           0.688 /   7.7           0.562 /   7.0           0.562 /   7.1           0.562 /   7.6           0.625 /   7.1           0.438 /   7.3           0.562 /   7.6           0.688 /   6.8           0.375 /   6.6           0.312 /   7.3           0.500 /   7.3           0.688 /   7.1
meta-abyss-midrange              0.562 /   6.6           0.688 /   8.6           0.438 /   7.4           0.688 /   8.1           0.688 /   8.6           0.438 /  10.3           0.625 /   8.5           0.500 /   7.7           0.625 /   8.2           0.625 /   7.9           0.688 /   8.1           0.500 /   7.6           0.438 /   8.2           0.750 /   8.9           0.625 /   7.5           0.688 /   8.6
meta-dragon-aggro                0.688 /   6.7           0.125 /   7.1           0.500 /   7.0           0.562 /   6.5           0.812 /   8.2           0.688 /   7.8           0.750 /   7.6           0.438 /   7.9           0.500 /   7.6           0.312 /   7.3           0.688 /   7.2           0.500 /   8.1           0.562 /   6.9           0.688 /   7.9           0.375 /   7.2           0.188 /   6.8
meta-dragon-ramp                 0.625 /   7.3           0.688 /   7.6           0.562 /   7.9           0.562 /  10.2           0.562 /   8.2           0.625 /  12.8           0.688 /  10.5           0.500 /  12.4           0.562 /   8.4           0.688 /   7.9           0.625 /   8.1           0.562 /   8.1           0.500 /   8.1           0.500 /   8.8           0.500 /   7.4           0.562 /   8.0
meta-forest-combo                0.500 /   8.0           0.500 /   8.2           0.562 /   8.2           0.562 /   8.4           0.812 /   8.4           0.688 /   9.5           0.750 /   9.4           0.312 /  11.2           0.625 /   8.7           0.562 /   8.9           0.438 /   9.2           0.688 /   8.6           0.438 /   8.2           0.625 /   8.9           0.375 /   8.6           0.562 /   8.4
meta-haven-amulet                0.625 /   7.5           0.625 /   8.9           0.500 /   8.2           0.375 /  11.5           0.750 /  10.4           0.375 /  14.1           0.500 /  12.6           0.562 /  14.3           0.500 /   7.7           0.312 /  10.8           0.562 /   9.3           0.500 /   9.2           0.625 /  10.4           0.188 /   9.4           0.500 /   7.1           0.562 /   8.2
meta-haven-evo                   0.625 /   6.8           0.688 /   8.6           0.562 /   8.0           0.750 /   9.5           0.375 /   8.8           0.625 /  12.8           0.625 /  11.0           0.562 /   9.8           0.750 /   9.1           0.562 /  10.2           0.688 /   9.4           0.500 /   8.5           0.625 /   8.7           0.688 /   9.1           0.562 /   8.4           0.562 /   8.6
meta-haven-kukishiro             0.562 /   8.8           0.500 /   8.9           0.688 /   8.2           0.500 /   9.8           0.500 /  11.6           0.688 /  14.4           0.500 /   9.8           0.438 /  17.6           0.562 /   9.0           0.438 /  10.6           0.500 /   8.3           0.625 /  11.5           0.688 /   9.5           0.500 /   9.8           0.562 /   8.6           0.500 /   7.7
meta-portal-af                   0.500 /   7.2           0.500 /   8.8           0.688 /   7.3           0.812 /  10.2           0.688 /   8.6           0.500 /   9.8           0.812 /   8.8           0.500 /   7.9           0.500 /   8.6           0.500 /   8.8           0.375 /   8.4           0.438 /   7.6           0.625 /   7.8           0.688 /   8.4           0.500 /   7.9           0.500 /   7.6
meta-portal-cutthroat            0.375 /   6.8           0.500 /   8.0           0.438 /   7.6           0.438 /   9.0           0.500 /   9.0           0.625 /   9.3           0.438 /   9.8           0.500 /  10.9           0.562 /   9.6           0.812 /   8.3           0.562 /   9.4           0.562 /   8.9           0.500 /   8.0           0.500 /   8.9           0.562 /   7.9           0.625 /   8.4
meta-portal-evo                  0.500 /   7.2           0.438 /   8.4           0.625 /   7.8           0.562 /   7.8           0.562 /   9.0           0.562 /   8.8           0.562 /   9.3           0.500 /   8.1           0.562 /   8.8           0.438 /   8.1           0.312 /   8.8           0.562 /   8.2           0.688 /   8.2           0.562 /   8.6           0.438 /   8.4           0.750 /   8.6
meta-rune-crystal                0.375 /   7.4           0.500 /   8.7           0.250 /   7.4           0.625 /   8.2           0.750 /   9.1           0.500 /  10.2           0.562 /   8.9           0.750 /  11.9           0.625 /   8.1           0.500 /   8.2           0.562 /   7.4           0.562 /   8.4           0.750 /   7.8           0.562 /   8.0           0.438 /   8.5           0.500 /   7.8
meta-rune-spell                  0.500 /   5.8           0.500 /   7.9           0.625 /   6.9           0.562 /   8.7           0.500 /   7.6           0.500 /   9.8           0.688 /   9.4           0.438 /  10.0           0.562 /   7.5           0.500 /   7.6           0.625 /   8.1           0.312 /   7.6           0.688 /   7.8           0.688 /   8.6           0.438 /   8.4           0.625 /   6.9
meta-rune-test-subject           0.312 /   7.4           0.562 /   8.0           0.438 /   8.0           0.688 /   8.6           0.750 /   8.9           0.688 /  11.0           0.688 /   8.9           0.562 /  10.3           0.562 /   8.6           0.562 /   8.7           0.750 /   8.9           0.438 /   7.7           0.562 /   7.8           0.688 /   8.7           0.688 /   7.9           0.625 /   8.3
meta-sword-loot                  0.500 /   6.9           0.438 /   7.3           0.500 /   7.8           0.625 /   7.8           0.812 /   9.0           0.562 /   7.6           0.688 /   8.4           0.438 /   8.8           0.625 /   7.9           0.688 /   8.1           0.562 /   8.0           0.625 /   7.5           0.375 /   8.1           0.625 /   8.4           0.625 /   7.6           0.625 /   7.4
meta-sword-rally                 0.438 /   6.8           0.438 /   8.1           0.500 /   7.2           0.875 /   7.8           0.750 /   8.2           0.500 /   8.8           0.500 /   8.3           0.500 /   8.3           0.688 /   8.9           0.562 /   8.1           0.625 /   8.4           0.562 /   7.3           0.438 /   7.6           0.500 /   7.6           0.438 /   7.1           0.375 /   8.1

A win rate over decisive games, Wilson 95% [lo, hi]
                              meta-abyss-aggro     meta-abyss-midrange       meta-dragon-aggro        meta-dragon-ramp       meta-forest-combo       meta-haven-amulet          meta-haven-evo    meta-haven-kukishiro          meta-portal-af   meta-portal-cutthroat         meta-portal-evo       meta-rune-crystal         meta-rune-spell  meta-rune-test-subject         meta-sword-loot        meta-sword-rally
meta-abyss-aggro          0.438 [0.231, 0.668]    0.438 [0.231, 0.668]    0.375 [0.185, 0.614]    0.875 [0.640, 0.965]    0.312 [0.142, 0.556]    0.812 [0.570, 0.934]    0.812 [0.570, 0.934]    0.688 [0.444, 0.858]    0.250 [0.102, 0.495]    0.562 [0.332, 0.769]    0.312 [0.142, 0.556]    0.812 [0.570, 0.934]    0.625 [0.386, 0.815]    0.438 [0.231, 0.668]    0.375 [0.185, 0.614]    0.562 [0.332, 0.769]
meta-abyss-midrange       0.688 [0.444, 0.858]    0.562 [0.332, 0.769]    0.562 [0.332, 0.769]    0.812 [0.570, 0.934]    0.438 [0.231, 0.668]    0.562 [0.332, 0.769]    0.250 [0.102, 0.495]    1.000 [0.806, 1.000]    0.500 [0.280, 0.720]    0.750 [0.505, 0.898]    0.438 [0.231, 0.668]    1.000 [0.806, 1.000]    0.688 [0.444, 0.858]    0.750 [0.505, 0.898]    0.500 [0.280, 0.720]    0.562 [0.332, 0.769]
meta-dragon-aggro         0.438 [0.231, 0.668]    0.375 [0.185, 0.614]    0.375 [0.185, 0.614]    0.938 [0.717, 0.989]    0.312 [0.142, 0.556]    0.812 [0.570, 0.934]    0.500 [0.280, 0.720]    0.812 [0.570, 0.934]    0.375 [0.185, 0.614]    0.562 [0.332, 0.769]    0.438 [0.231, 0.668]    0.625 [0.386, 0.815]    0.562 [0.332, 0.769]    0.438 [0.231, 0.668]    0.500 [0.280, 0.720]    0.562 [0.332, 0.769]
meta-dragon-ramp          0.375 [0.185, 0.614]    0.312 [0.142, 0.556]    0.312 [0.142, 0.556]    0.312 [0.142, 0.556]    0.438 [0.231, 0.668]    0.875 [0.640, 0.965]    0.562 [0.332, 0.769]    1.000 [0.806, 1.000]    0.062 [0.011, 0.283]    0.312 [0.142, 0.556]    0.250 [0.102, 0.495]    0.562 [0.332, 0.769]    0.375 [0.185, 0.614]    0.500 [0.280, 0.720]    0.375 [0.185, 0.614]    0.312 [0.142, 0.556]
meta-forest-combo         0.750 [0.505, 0.898]    0.250 [0.102, 0.495]    0.562 [0.332, 0.769]    0.438 [0.231, 0.668]    0.688 [0.444, 0.858]    0.688 [0.444, 0.858]    0.375 [0.185, 0.614]    0.812 [0.570, 0.934]    0.250 [0.102, 0.495]    0.562 [0.332, 0.769]    0.188 [0.066, 0.430]    0.688 [0.444, 0.858]    0.688 [0.444, 0.858]    0.375 [0.185, 0.614]    0.375 [0.185, 0.614]    0.312 [0.142, 0.556]
meta-haven-amulet         0.250 [0.102, 0.495]    0.125 [0.035, 0.360]    0.375 [0.185, 0.614]    0.125 [0.035, 0.360]    0.375 [0.185, 0.614]    0.250 [0.102, 0.495]    0.250 [0.102, 0.495]    0.812 [0.570, 0.934]    0.125 [0.035, 0.360]    0.438 [0.231, 0.668]    0.062 [0.011, 0.283]    0.250 [0.102, 0.495]    0.375 [0.185, 0.614]    0.312 [0.142, 0.556]    0.125 [0.035, 0.360]    0.188 [0.066, 0.430]
meta-haven-evo            0.375 [0.185, 0.614]    0.688 [0.444, 0.858]    0.312 [0.142, 0.556]    0.500 [0.280, 0.720]    0.750 [0.505, 0.898]    0.750 [0.505, 0.898]    0.375 [0.185, 0.614]    0.938 [0.717, 0.989]    0.500 [0.280, 0.720]    0.812 [0.570, 0.934]    0.562 [0.332, 0.769]    0.875 [0.640, 0.965]    0.750 [0.505, 0.898]    0.562 [0.332, 0.769]    0.562 [0.332, 0.769]    0.688 [0.444, 0.858]
meta-haven-kukishiro      0.312 [0.142, 0.556]    0.000 [0.000, 0.194]    0.312 [0.142, 0.556]    0.000 [0.000, 0.194]    0.375 [0.185, 0.614]    0.312 [0.142, 0.556]    0.000 [0.000, 0.194]    0.312 [0.142, 0.556]    0.062 [0.011, 0.283]    0.062 [0.011, 0.283]    0.000 [0.000, 0.194]    0.500 [0.280, 0.720]    0.312 [0.142, 0.556]    0.000 [0.000, 0.194]    0.188 [0.066, 0.430]    0.000 [0.000, 0.194]
meta-portal-af            0.750 [0.505, 0.898]    0.500 [0.280, 0.720]    0.562 [0.332, 0.769]    0.562 [0.332, 0.769]    0.688 [0.444, 0.858]    0.875 [0.640, 0.965]    0.312 [0.142, 0.556]    1.000 [0.806, 1.000]    0.375 [0.185, 0.614]    0.875 [0.640, 0.965]    0.250 [0.102, 0.495]    0.938 [0.717, 0.989]    0.875 [0.640, 0.965]    0.688 [0.444, 0.858]    0.750 [0.505, 0.898]    0.375 [0.185, 0.614]
meta-portal-cutthroat     0.375 [0.185, 0.614]    0.250 [0.102, 0.495]    0.312 [0.142, 0.556]    0.188 [0.066, 0.430]    0.500 [0.280, 0.720]    0.875 [0.640, 0.965]    0.312 [0.142, 0.556]    1.000 [0.806, 1.000]    0.312 [0.142, 0.556]    0.562 [0.332, 0.769]    0.188 [0.066, 0.430]    0.812 [0.570, 0.934]    0.750 [0.505, 0.898]    0.500 [0.280, 0.720]    0.312 [0.142, 0.556]    0.500 [0.280, 0.720]
meta-portal-evo           0.625 [0.386, 0.815]    0.312 [0.142, 0.556]    0.625 [0.386, 0.815]    0.812 [0.570, 0.934]    0.812 [0.570, 0.934]    0.938 [0.717, 0.989]    0.438 [0.231, 0.668]    1.000 [0.806, 1.000]    0.438 [0.231, 0.668]    0.812 [0.570, 0.934]    0.438 [0.231, 0.668]    0.938 [0.717, 0.989]    0.812 [0.570, 0.934]    0.812 [0.570, 0.934]    0.688 [0.444, 0.858]    0.625 [0.386, 0.815]
meta-rune-crystal         0.375 [0.185, 0.614]    0.000 [0.000, 0.194]    0.250 [0.102, 0.495]    0.500 [0.280, 0.720]    0.250 [0.102, 0.495]    0.500 [0.280, 0.720]    0.062 [0.011, 0.283]    0.625 [0.386, 0.815]    0.125 [0.035, 0.360]    0.250 [0.102, 0.495]    0.188 [0.066, 0.430]    0.562 [0.332, 0.769]    0.625 [0.386, 0.815]    0.312 [0.142, 0.556]    0.188 [0.066, 0.430]    0.000 [0.000, 0.194]
meta-rune-spell           0.125 [0.035, 0.360]    0.250 [0.102, 0.495]    0.375 [0.185, 0.614]    0.312 [0.142, 0.556]    0.375 [0.185, 0.614]    0.500 [0.280, 0.720]    0.188 [0.066, 0.430]    0.812 [0.570, 0.934]    0.188 [0.066, 0.430]    0.375 [0.185, 0.614]    0.250 [0.102, 0.495]    0.438 [0.231, 0.668]    0.312 [0.142, 0.556]    0.562 [0.332, 0.769]    0.438 [0.231, 0.668]    0.125 [0.035, 0.360]
meta-rune-test-subject    0.188 [0.066, 0.430]    0.438 [0.231, 0.668]    0.438 [0.231, 0.668]    0.312 [0.142, 0.556]    0.500 [0.280, 0.720]    0.812 [0.570, 0.934]    0.188 [0.066, 0.430]    0.938 [0.717, 0.989]    0.188 [0.066, 0.430]    0.562 [0.332, 0.769]    0.250 [0.102, 0.495]    0.812 [0.570, 0.934]    0.312 [0.142, 0.556]    0.812 [0.570, 0.934]    0.438 [0.231, 0.668]    0.375 [0.185, 0.614]
meta-sword-loot           0.500 [0.280, 0.720]    0.438 [0.231, 0.668]    0.375 [0.185, 0.614]    0.750 [0.505, 0.898]    0.438 [0.231, 0.668]    0.812 [0.570, 0.934]    0.562 [0.332, 0.769]    0.938 [0.717, 0.989]    0.375 [0.185, 0.614]    0.562 [0.332, 0.769]    0.188 [0.066, 0.430]    0.750 [0.505, 0.898]    0.625 [0.386, 0.815]    0.500 [0.280, 0.720]    0.500 [0.280, 0.720]    0.375 [0.185, 0.614]
meta-sword-rally          0.562 [0.332, 0.769]    0.438 [0.231, 0.668]    0.500 [0.280, 0.720]    0.500 [0.280, 0.720]    0.750 [0.505, 0.898]    0.875 [0.640, 0.965]    0.375 [0.185, 0.614]    1.000 [0.806, 1.000]    0.438 [0.231, 0.668]    0.438 [0.231, 0.668]    0.125 [0.035, 0.360]    0.938 [0.717, 0.989]    0.812 [0.570, 0.934]    0.875 [0.640, 0.965]    0.688 [0.444, 0.858]    0.625 [0.386, 0.815]

=== summary ===
h0:clip=3 vs h0
games: 4096  decisive: 4096  draws: 0
policy_a win rate: 0.490 [0.474, 0.505]
first-player win rate: 0.559
mean turns: 8.51  mean actions: 83.81
end: lethal=4053 deckout=43 turn_cap=0 action_cap=0 no_legal=0 illegal=0
2120.082s  1.93 games/s  cpus=28
per deck:
  meta-abyss-aggro: policy_a (row) 0.543  policy_b (col) 0.555
  meta-abyss-midrange: policy_a (row) 0.629  policy_b (col) 0.664
  meta-dragon-aggro: policy_a (row) 0.539  policy_b (col) 0.586
  meta-dragon-ramp: policy_a (row) 0.434  policy_b (col) 0.504
  meta-forest-combo: policy_a (row) 0.500  policy_b (col) 0.500
  meta-haven-amulet: policy_a (row) 0.277  policy_b (col) 0.297
  meta-haven-evo: policy_a (row) 0.625  policy_b (col) 0.652
  meta-haven-kukishiro: policy_a (row) 0.172  policy_b (col) 0.145
  meta-portal-af: policy_a (row) 0.648  policy_b (col) 0.715
  meta-portal-cutthroat: policy_a (row) 0.484  policy_b (col) 0.469
  meta-portal-evo: policy_a (row) 0.695  policy_b (col) 0.742
  meta-rune-crystal: policy_a (row) 0.301  policy_b (col) 0.281
  meta-rune-spell: policy_a (row) 0.352  policy_b (col) 0.406
  meta-rune-test-subject: policy_a (row) 0.473  policy_b (col) 0.473
  meta-sword-loot: policy_a (row) 0.543  policy_b (col) 0.562
  meta-sword-rally: policy_a (row) 0.621  policy_b (col) 0.613

4096 games in 2120.082s (1.9 games/s)
wrote C:\Users\agban\projects\arena\results\sweep11\c04-final.json
