pool: meta
decks: 16 (meta-abyss-aggro, meta-abyss-midrange, meta-dragon-aggro, meta-dragon-ramp, meta-forest-combo, meta-haven-amulet, meta-haven-evo, meta-haven-kukishiro, meta-portal-af, meta-portal-cutthroat, meta-portal-evo, meta-rune-crystal, meta-rune-spell, meta-rune-test-subject, meta-sword-loot, meta-sword-rally)
pairs: 256 (16 x 16, mirrors included)
games    16 games/pair x 256 =  4096
matchup: 16 decks × 16 games = 4096 games (seed=1, policy_a=h0:clip=8, policy_b=h0, first=alternate, threads=None)
Win rate (row = A, col = B; cell = A's win rate)
                              meta-abyss-aggro     meta-abyss-midrange       meta-dragon-aggro        meta-dragon-ramp       meta-forest-combo       meta-haven-amulet          meta-haven-evo    meta-haven-kukishiro          meta-portal-af   meta-portal-cutthroat         meta-portal-evo       meta-rune-crystal         meta-rune-spell  meta-rune-test-subject         meta-sword-loot        meta-sword-rally
meta-abyss-aggro                         0.438                   0.625                   0.312                   0.688                   0.500                   0.688                   0.562                   0.688                   0.312                   0.438                   0.312                   0.812                   0.688                   0.500                   0.312                   0.688
meta-abyss-midrange                      0.750                   0.500                   0.375                   0.625                   0.812                   0.875                   0.312                   1.000                   0.562                   0.938                   0.500                   1.000                   0.750                   0.812                   0.500                   0.812
meta-dragon-aggro                        0.438                   0.250                   0.250                   0.875                   0.375                   0.812                   0.562                   0.812                   0.250                   0.688                   0.375                   0.750                   0.500                   0.375                   0.312                   0.438
meta-dragon-ramp                         0.250                   0.500                   0.312                   0.500                   0.438                   0.750                   0.375                   0.938                   0.312                   0.375                   0.312                   0.688                   0.500                   0.562                   0.375                   0.250
meta-forest-combo                        0.562                   0.500                   0.625                   0.688                   0.625                   0.625                   0.375                   0.562                   0.125                   0.438                   0.125                   0.812                   0.500                   0.188                   0.500                   0.312
meta-haven-amulet                        0.250                   0.062                   0.125                   0.062                   0.312                   0.562                   0.250                   0.625                   0.062                   0.375                   0.062                   0.562                   0.625                   0.250                   0.250                   0.188
meta-haven-evo                           0.438                   0.562                   0.375                   0.500                   0.625                   0.688                   0.438                   1.000                   0.438                   0.625                   0.500                   1.000                   0.750                   0.750                   0.438                   0.688
meta-haven-kukishiro                     0.062                   0.062                   0.312                   0.000                   0.250                   0.250                   0.000                   0.312                   0.000                   0.250                   0.062                   0.500                   0.250                   0.125                   0.062                   0.000
meta-portal-af                           0.688                   0.438                   0.750                   0.688                   0.812                   0.938                   0.312                   1.000                   0.625                   0.812                   0.688                   1.000                   0.750                   0.625                   0.750                   0.625
meta-portal-cutthroat                    0.500                   0.188                   0.375                   0.375                   0.562                   0.750                   0.250                   0.812                   0.062                   0.375                   0.188                   0.750                   0.375                   0.562                   0.438                   0.500
meta-portal-evo                          0.562                   0.688                   0.938                   0.625                   0.938                   0.875                   0.500                   1.000                   0.375                   0.750                   0.562                   0.812                   0.625                   0.750                   0.625                   0.625
meta-rune-crystal                        0.250                   0.125                   0.562                   0.312                   0.312                   0.500                   0.250                   0.562                   0.000                   0.375                   0.062                   0.375                   0.312                   0.125                   0.250                   0.125
meta-rune-spell                          0.250                   0.125                   0.312                   0.438                   0.125                   0.438                   0.250                   0.625                   0.250                   0.688                   0.312                   0.625                   0.188                   0.438                   0.375                   0.250
meta-rune-test-subject                   0.375                   0.500                   0.438                   0.375                   0.438                   0.688                   0.250                   0.812                   0.125                   0.438                   0.375                   0.750                   0.375                   0.688                   0.438                   0.188
meta-sword-loot                          0.500                   0.375                   0.375                   0.625                   0.500                   0.938                   0.438                   0.875                   0.375                   0.625                   0.312                   0.688                   0.562                   0.500                   0.375                   0.500
meta-sword-rally                         0.438                   0.250                   0.500                   0.500                   0.688                   0.938                   0.375                   0.938                   0.438                   0.688                   0.250                   1.000                   0.812                   0.812                   0.688                   0.500

First-player win rate / mean turns
                              meta-abyss-aggro     meta-abyss-midrange       meta-dragon-aggro        meta-dragon-ramp       meta-forest-combo       meta-haven-amulet          meta-haven-evo    meta-haven-kukishiro          meta-portal-af   meta-portal-cutthroat         meta-portal-evo       meta-rune-crystal         meta-rune-spell  meta-rune-test-subject         meta-sword-loot        meta-sword-rally
meta-abyss-aggro                 0.688 /   6.5           0.625 /   6.6           0.562 /   6.5           0.562 /   7.1           0.625 /   7.4           0.312 /   7.4           0.688 /   7.5           0.562 /   7.9           0.312 /   6.9           0.438 /   7.4           0.562 /   7.2           0.562 /   7.4           0.438 /   6.8           0.375 /   7.4           0.438 /   7.3           0.562 /   7.0
meta-abyss-midrange              0.625 /   6.8           0.500 /   8.2           0.625 /   7.3           0.625 /   8.1           0.438 /   7.8           0.500 /   8.6           0.688 /   8.6           0.500 /   8.1           0.438 /   8.2           0.562 /   8.3           0.500 /   7.9           0.500 /   7.8           0.500 /   7.6           0.688 /   8.1           0.375 /   7.2           0.562 /   8.4
meta-dragon-aggro                0.562 /   6.7           0.375 /   7.1           0.625 /   6.9           0.500 /   6.7           0.625 /   7.4           0.688 /   7.1           0.688 /   7.6           0.688 /   8.3           0.250 /   7.6           0.438 /   7.3           0.500 /   7.8           0.500 /   7.2           0.625 /   7.8           0.625 /   7.8           0.438 /   7.7           0.438 /   7.2
meta-dragon-ramp                 0.500 /   6.8           0.750 /   7.8           0.438 /   7.1           0.250 /  10.2           0.562 /   8.6           0.500 /  10.4           0.500 /  10.1           0.438 /  12.1           0.812 /   8.8           0.625 /   7.9           0.688 /   8.1           0.688 /   8.1           0.500 /   8.5           0.688 /   8.9           0.500 /   8.1           0.625 /   7.7
meta-forest-combo                0.688 /   7.6           0.750 /   8.5           0.375 /   8.1           0.688 /   9.0           0.500 /   8.6           0.750 /  10.3           0.875 /   8.9           0.688 /  11.8           0.500 /   8.2           0.688 /   9.1           0.375 /   8.3           0.688 /   9.1           0.500 /   8.2           0.688 /   9.1           0.750 /   8.6           0.562 /   8.7
meta-haven-amulet                0.750 /   7.2           0.438 /   8.8           0.500 /   6.9           0.438 /  10.7           0.562 /  10.7           0.312 /  15.7           0.750 /  12.3           0.500 /  16.2           0.562 /   8.2           0.375 /  10.1           0.438 /  10.1           0.562 /  10.0           0.625 /  10.8           0.500 /   9.0           0.500 /   7.6           0.562 /   8.9
meta-haven-evo                   0.562 /   6.9           0.688 /   8.1           0.500 /   7.6           0.750 /  10.1           0.375 /   8.9           0.562 /  13.1           0.688 /  12.4           0.500 /  10.2           0.562 /   8.7           0.500 /   9.4           0.750 /   9.3           0.500 /   8.9           0.500 /   8.8           0.750 /   9.4           0.562 /   8.6           0.562 /   8.4
meta-haven-kukishiro             0.562 /   7.8           0.438 /   8.4           0.812 /   8.4           0.500 /   9.4           0.500 /  10.6           0.625 /  13.6           0.500 /  10.3           0.688 /  16.1           0.500 /   8.6           0.750 /  10.1           0.562 /   8.2           0.625 /  10.4           0.500 /  10.2           0.500 /   9.2           0.562 /   9.0           0.500 /   7.8
meta-portal-af                   0.562 /   7.1           0.562 /   8.5           0.625 /   7.5           0.812 /   9.6           0.562 /   8.8           0.562 /   8.6           0.812 /   8.8           0.500 /   8.1           0.375 /   8.9           0.562 /   8.4           0.312 /   9.0           0.500 /   7.9           0.625 /   7.8           0.625 /   8.4           0.625 /   8.1           0.500 /   8.8
meta-portal-cutthroat            0.500 /   6.8           0.438 /   8.0           0.375 /   7.6           0.500 /   9.2           0.562 /  10.2           0.625 /   9.6           0.500 /   9.9           0.562 /   9.8           0.438 /   8.1           0.625 /   8.7           0.438 /   8.2           0.500 /   8.9           0.250 /   8.9           0.562 /   8.6           0.562 /   8.6           0.625 /   8.2
meta-portal-evo                  0.688 /   7.4           0.438 /   8.9           0.438 /   7.7           0.625 /   8.4           0.562 /   8.7           0.625 /   8.6           0.625 /   9.4           0.500 /   8.1           0.750 /   8.8           0.500 /   8.1           0.562 /   8.6           0.562 /   7.7           0.625 /   8.1           0.500 /   8.8           0.500 /   8.0           0.750 /   8.5
meta-rune-crystal                0.375 /   7.2           0.500 /   7.9           0.312 /   7.2           0.562 /   7.9           0.688 /   8.8           0.375 /   9.9           0.625 /   8.8           0.438 /  11.6           0.500 /   7.7           0.375 /   8.1           0.562 /   7.9           0.500 /   8.3           0.562 /   8.2           0.375 /   7.2           0.375 /   8.5           0.500 /   7.4
meta-rune-spell                  0.625 /   5.8           0.625 /   8.3           0.688 /   7.0           0.562 /   8.4           0.625 /   7.9           0.562 /  12.0           0.625 /   9.9           0.500 /  10.9           0.625 /   7.7           0.562 /   8.0           0.438 /   7.8           0.375 /   7.7           0.562 /   7.9           0.688 /   8.5           0.375 /   7.9           0.750 /   7.2
meta-rune-test-subject           0.500 /   6.9           0.500 /   7.4           0.688 /   7.8           0.625 /   9.2           0.812 /   8.6           0.562 /  11.7           0.750 /   9.1           0.562 /  10.4           0.500 /   8.1           0.562 /   9.1           0.625 /   8.7           0.500 /   8.1           0.625 /   8.3           0.438 /   8.1           0.688 /   7.6           0.562 /   7.9
meta-sword-loot                  0.625 /   6.9           0.625 /   8.0           0.500 /   7.3           0.750 /   7.6           0.625 /   9.1           0.438 /   7.1           0.688 /   8.4           0.625 /   9.0           0.500 /   8.1           0.500 /   8.3           0.562 /   8.5           0.562 /   7.7           0.438 /   8.6           0.625 /   8.3           0.625 /   8.0           0.625 /   7.2
meta-sword-rally                 0.562 /   6.6           0.500 /   8.9           0.625 /   7.1           0.750 /   8.1           0.688 /   8.2           0.438 /   9.2           0.625 /   8.2           0.562 /   8.3           0.812 /   8.2           0.438 /   8.4           0.750 /   8.3           0.500 /   7.1           0.562 /   7.6           0.562 /   8.0           0.562 /   7.6           0.500 /   7.4

A win rate over decisive games, Wilson 95% [lo, hi]
                              meta-abyss-aggro     meta-abyss-midrange       meta-dragon-aggro        meta-dragon-ramp       meta-forest-combo       meta-haven-amulet          meta-haven-evo    meta-haven-kukishiro          meta-portal-af   meta-portal-cutthroat         meta-portal-evo       meta-rune-crystal         meta-rune-spell  meta-rune-test-subject         meta-sword-loot        meta-sword-rally
meta-abyss-aggro          0.438 [0.231, 0.668]    0.625 [0.386, 0.815]    0.312 [0.142, 0.556]    0.688 [0.444, 0.858]    0.500 [0.280, 0.720]    0.688 [0.444, 0.858]    0.562 [0.332, 0.769]    0.688 [0.444, 0.858]    0.312 [0.142, 0.556]    0.438 [0.231, 0.668]    0.312 [0.142, 0.556]    0.812 [0.570, 0.934]    0.688 [0.444, 0.858]    0.500 [0.280, 0.720]    0.312 [0.142, 0.556]    0.688 [0.444, 0.858]
meta-abyss-midrange       0.750 [0.505, 0.898]    0.500 [0.280, 0.720]    0.375 [0.185, 0.614]    0.625 [0.386, 0.815]    0.812 [0.570, 0.934]    0.875 [0.640, 0.965]    0.312 [0.142, 0.556]    1.000 [0.806, 1.000]    0.562 [0.332, 0.769]    0.938 [0.717, 0.989]    0.500 [0.280, 0.720]    1.000 [0.806, 1.000]    0.750 [0.505, 0.898]    0.812 [0.570, 0.934]    0.500 [0.280, 0.720]    0.812 [0.570, 0.934]
meta-dragon-aggro         0.438 [0.231, 0.668]    0.250 [0.102, 0.495]    0.250 [0.102, 0.495]    0.875 [0.640, 0.965]    0.375 [0.185, 0.614]    0.812 [0.570, 0.934]    0.562 [0.332, 0.769]    0.812 [0.570, 0.934]    0.250 [0.102, 0.495]    0.688 [0.444, 0.858]    0.375 [0.185, 0.614]    0.750 [0.505, 0.898]    0.500 [0.280, 0.720]    0.375 [0.185, 0.614]    0.312 [0.142, 0.556]    0.438 [0.231, 0.668]
meta-dragon-ramp          0.250 [0.102, 0.495]    0.500 [0.280, 0.720]    0.312 [0.142, 0.556]    0.500 [0.280, 0.720]    0.438 [0.231, 0.668]    0.750 [0.505, 0.898]    0.375 [0.185, 0.614]    0.938 [0.717, 0.989]    0.312 [0.142, 0.556]    0.375 [0.185, 0.614]    0.312 [0.142, 0.556]    0.688 [0.444, 0.858]    0.500 [0.280, 0.720]    0.562 [0.332, 0.769]    0.375 [0.185, 0.614]    0.250 [0.102, 0.495]
meta-forest-combo         0.562 [0.332, 0.769]    0.500 [0.280, 0.720]    0.625 [0.386, 0.815]    0.688 [0.444, 0.858]    0.625 [0.386, 0.815]    0.625 [0.386, 0.815]    0.375 [0.185, 0.614]    0.562 [0.332, 0.769]    0.125 [0.035, 0.360]    0.438 [0.231, 0.668]    0.125 [0.035, 0.360]    0.812 [0.570, 0.934]    0.500 [0.280, 0.720]    0.188 [0.066, 0.430]    0.500 [0.280, 0.720]    0.312 [0.142, 0.556]
meta-haven-amulet         0.250 [0.102, 0.495]    0.062 [0.011, 0.283]    0.125 [0.035, 0.360]    0.062 [0.011, 0.283]    0.312 [0.142, 0.556]    0.562 [0.332, 0.769]    0.250 [0.102, 0.495]    0.625 [0.386, 0.815]    0.062 [0.011, 0.283]    0.375 [0.185, 0.614]    0.062 [0.011, 0.283]    0.562 [0.332, 0.769]    0.625 [0.386, 0.815]    0.250 [0.102, 0.495]    0.250 [0.102, 0.495]    0.188 [0.066, 0.430]
meta-haven-evo            0.438 [0.231, 0.668]    0.562 [0.332, 0.769]    0.375 [0.185, 0.614]    0.500 [0.280, 0.720]    0.625 [0.386, 0.815]    0.688 [0.444, 0.858]    0.438 [0.231, 0.668]    1.000 [0.806, 1.000]    0.438 [0.231, 0.668]    0.625 [0.386, 0.815]    0.500 [0.280, 0.720]    1.000 [0.806, 1.000]    0.750 [0.505, 0.898]    0.750 [0.505, 0.898]    0.438 [0.231, 0.668]    0.688 [0.444, 0.858]
meta-haven-kukishiro      0.062 [0.011, 0.283]    0.062 [0.011, 0.283]    0.312 [0.142, 0.556]    0.000 [0.000, 0.194]    0.250 [0.102, 0.495]    0.250 [0.102, 0.495]    0.000 [0.000, 0.194]    0.312 [0.142, 0.556]    0.000 [0.000, 0.194]    0.250 [0.102, 0.495]    0.062 [0.011, 0.283]    0.500 [0.280, 0.720]    0.250 [0.102, 0.495]    0.125 [0.035, 0.360]    0.062 [0.011, 0.283]    0.000 [0.000, 0.194]
meta-portal-af            0.688 [0.444, 0.858]    0.438 [0.231, 0.668]    0.750 [0.505, 0.898]    0.688 [0.444, 0.858]    0.812 [0.570, 0.934]    0.938 [0.717, 0.989]    0.312 [0.142, 0.556]    1.000 [0.806, 1.000]    0.625 [0.386, 0.815]    0.812 [0.570, 0.934]    0.688 [0.444, 0.858]    1.000 [0.806, 1.000]    0.750 [0.505, 0.898]    0.625 [0.386, 0.815]    0.750 [0.505, 0.898]    0.625 [0.386, 0.815]
meta-portal-cutthroat     0.500 [0.280, 0.720]    0.188 [0.066, 0.430]    0.375 [0.185, 0.614]    0.375 [0.185, 0.614]    0.562 [0.332, 0.769]    0.750 [0.505, 0.898]    0.250 [0.102, 0.495]    0.812 [0.570, 0.934]    0.062 [0.011, 0.283]    0.375 [0.185, 0.614]    0.188 [0.066, 0.430]    0.750 [0.505, 0.898]    0.375 [0.185, 0.614]    0.562 [0.332, 0.769]    0.438 [0.231, 0.668]    0.500 [0.280, 0.720]
meta-portal-evo           0.562 [0.332, 0.769]    0.688 [0.444, 0.858]    0.938 [0.717, 0.989]    0.625 [0.386, 0.815]    0.938 [0.717, 0.989]    0.875 [0.640, 0.965]    0.500 [0.280, 0.720]    1.000 [0.806, 1.000]    0.375 [0.185, 0.614]    0.750 [0.505, 0.898]    0.562 [0.332, 0.769]    0.812 [0.570, 0.934]    0.625 [0.386, 0.815]    0.750 [0.505, 0.898]    0.625 [0.386, 0.815]    0.625 [0.386, 0.815]
meta-rune-crystal         0.250 [0.102, 0.495]    0.125 [0.035, 0.360]    0.562 [0.332, 0.769]    0.312 [0.142, 0.556]    0.312 [0.142, 0.556]    0.500 [0.280, 0.720]    0.250 [0.102, 0.495]    0.562 [0.332, 0.769]    0.000 [0.000, 0.194]    0.375 [0.185, 0.614]    0.062 [0.011, 0.283]    0.375 [0.185, 0.614]    0.312 [0.142, 0.556]    0.125 [0.035, 0.360]    0.250 [0.102, 0.495]    0.125 [0.035, 0.360]
meta-rune-spell           0.250 [0.102, 0.495]    0.125 [0.035, 0.360]    0.312 [0.142, 0.556]    0.438 [0.231, 0.668]    0.125 [0.035, 0.360]    0.438 [0.231, 0.668]    0.250 [0.102, 0.495]    0.625 [0.386, 0.815]    0.250 [0.102, 0.495]    0.688 [0.444, 0.858]    0.312 [0.142, 0.556]    0.625 [0.386, 0.815]    0.188 [0.066, 0.430]    0.438 [0.231, 0.668]    0.375 [0.185, 0.614]    0.250 [0.102, 0.495]
meta-rune-test-subject    0.375 [0.185, 0.614]    0.500 [0.280, 0.720]    0.438 [0.231, 0.668]    0.375 [0.185, 0.614]    0.438 [0.231, 0.668]    0.688 [0.444, 0.858]    0.250 [0.102, 0.495]    0.812 [0.570, 0.934]    0.125 [0.035, 0.360]    0.438 [0.231, 0.668]    0.375 [0.185, 0.614]    0.750 [0.505, 0.898]    0.375 [0.185, 0.614]    0.688 [0.444, 0.858]    0.438 [0.231, 0.668]    0.188 [0.066, 0.430]
meta-sword-loot           0.500 [0.280, 0.720]    0.375 [0.185, 0.614]    0.375 [0.185, 0.614]    0.625 [0.386, 0.815]    0.500 [0.280, 0.720]    0.938 [0.717, 0.989]    0.438 [0.231, 0.668]    0.875 [0.640, 0.965]    0.375 [0.185, 0.614]    0.625 [0.386, 0.815]    0.312 [0.142, 0.556]    0.688 [0.444, 0.858]    0.562 [0.332, 0.769]    0.500 [0.280, 0.720]    0.375 [0.185, 0.614]    0.500 [0.280, 0.720]
meta-sword-rally          0.438 [0.231, 0.668]    0.250 [0.102, 0.495]    0.500 [0.280, 0.720]    0.500 [0.280, 0.720]    0.688 [0.444, 0.858]    0.938 [0.717, 0.989]    0.375 [0.185, 0.614]    0.938 [0.717, 0.989]    0.438 [0.231, 0.668]    0.688 [0.444, 0.858]    0.250 [0.102, 0.495]    1.000 [0.806, 1.000]    0.812 [0.570, 0.934]    0.812 [0.570, 0.934]    0.688 [0.444, 0.858]    0.500 [0.280, 0.720]

=== summary ===
h0:clip=8 vs h0
games: 4096  decisive: 4096  draws: 0
policy_a win rate: 0.490 [0.474, 0.505]
first-player win rate: 0.558
mean turns: 8.50  mean actions: 83.79
end: lethal=4035 deckout=61 turn_cap=0 action_cap=0 no_legal=0 illegal=0
2103.025s  1.95 games/s  cpus=28
per deck:
  meta-abyss-aggro: policy_a (row) 0.535  policy_b (col) 0.578
  meta-abyss-midrange: policy_a (row) 0.695  policy_b (col) 0.641
  meta-dragon-aggro: policy_a (row) 0.504  policy_b (col) 0.566
  meta-dragon-ramp: policy_a (row) 0.465  policy_b (col) 0.508
  meta-forest-combo: policy_a (row) 0.473  policy_b (col) 0.480
  meta-haven-amulet: policy_a (row) 0.289  policy_b (col) 0.293
  meta-haven-evo: policy_a (row) 0.613  policy_b (col) 0.656
  meta-haven-kukishiro: policy_a (row) 0.156  policy_b (col) 0.215
  meta-portal-af: policy_a (row) 0.719  policy_b (col) 0.730
  meta-portal-cutthroat: policy_a (row) 0.441  policy_b (col) 0.445
  meta-portal-evo: policy_a (row) 0.703  policy_b (col) 0.688
  meta-rune-crystal: policy_a (row) 0.281  policy_b (col) 0.242
  meta-rune-spell: policy_a (row) 0.355  policy_b (col) 0.465
  meta-rune-test-subject: policy_a (row) 0.453  policy_b (col) 0.496
  meta-sword-loot: policy_a (row) 0.535  policy_b (col) 0.582
  meta-sword-rally: policy_a (row) 0.613  policy_b (col) 0.582

4096 games in 2103.025s (1.9 games/s)
wrote C:\Users\agban\projects\arena\results\sweep11\c05-final.json
