pool: meta
decks: 16 (meta-abyss-aggro, meta-abyss-midrange, meta-dragon-aggro, meta-dragon-ramp, meta-forest-combo, meta-haven-amulet, meta-haven-evo, meta-haven-kukishiro, meta-portal-af, meta-portal-cutthroat, meta-portal-evo, meta-rune-crystal, meta-rune-spell, meta-rune-test-subject, meta-sword-loot, meta-sword-rally)
pairs: 256 (16 x 16, mirrors included)
games    24 games/pair x 256 =  6144
matchup: 16 decks × 24 games = 6144 games (seed=15, policy_a=h0, policy_b=h0, first=alternate, threads=None)
Win rate (row = A, col = B; cell = A's win rate)
                              meta-abyss-aggro     meta-abyss-midrange       meta-dragon-aggro        meta-dragon-ramp       meta-forest-combo       meta-haven-amulet          meta-haven-evo    meta-haven-kukishiro          meta-portal-af   meta-portal-cutthroat         meta-portal-evo       meta-rune-crystal         meta-rune-spell  meta-rune-test-subject         meta-sword-loot        meta-sword-rally
meta-abyss-aggro                         0.500                   0.375                   0.500                   0.708                   0.417                   0.667                   0.750                   0.667                   0.375                   0.625                   0.292                   0.417                   0.375                   0.375                   0.375                   0.250
meta-abyss-midrange                      0.625                   0.625                   0.667                   0.667                   0.750                   0.708                   0.500                   0.958                   0.625                   0.625                   0.542                   0.792                   0.792                   0.667                   0.708                   0.500
meta-dragon-aggro                        0.708                   0.458                   0.417                   0.708                   0.333                   0.708                   0.625                   0.792                   0.333                   0.583                   0.292                   0.542                   0.250                   0.500                   0.542                   0.458
meta-dragon-ramp                         0.333                   0.417                   0.417                   0.417                   0.417                   0.708                   0.583                   1.000                   0.250                   0.167                   0.292                   0.458                   0.500                   0.333                   0.375                   0.417
meta-forest-combo                        0.750                   0.250                   0.667                   0.500                   0.458                   0.708                   0.500                   0.792                   0.208                   0.625                   0.250                   0.708                   0.458                   0.375                   0.458                   0.375
meta-haven-amulet                        0.375                   0.208                   0.417                   0.250                   0.500                   0.667                   0.375                   0.917                   0.083                   0.458                   0.250                   0.583                   0.667                   0.458                   0.250                   0.167
meta-haven-evo                           0.333                   0.583                   0.542                   0.583                   0.792                   0.667                   0.667                   1.000                   0.500                   0.750                   0.625                   0.708                   0.625                   0.500                   0.375                   0.333
meta-haven-kukishiro                     0.292                   0.000                   0.458                   0.000                   0.208                   0.083                   0.000                   0.542                   0.042                   0.000                   0.042                   0.208                   0.125                   0.000                   0.083                   0.042
meta-portal-af                           0.750                   0.292                   0.667                   0.667                   0.792                   0.958                   0.500                   1.000                   0.333                   0.708                   0.500                   0.875                   0.875                   0.583                   0.667                   0.458
meta-portal-cutthroat                    0.458                   0.500                   0.458                   0.458                   0.583                   0.583                   0.375                   0.917                   0.292                   0.667                   0.375                   0.750                   0.750                   0.333                   0.708                   0.208
meta-portal-evo                          0.667                   0.375                   0.583                   0.542                   0.667                   0.750                   0.292                   1.000                   0.542                   0.708                   0.500                   0.750                   0.833                   0.667                   0.667                   0.375
meta-rune-crystal                        0.500                   0.125                   0.292                   0.500                   0.333                   0.458                   0.250                   0.625                   0.167                   0.292                   0.125                   0.542                   0.667                   0.292                   0.500                   0.125
meta-rune-spell                          0.417                   0.292                   0.708                   0.375                   0.417                   0.500                   0.333                   0.708                   0.208                   0.500                   0.208                   0.667                   0.458                   0.458                   0.417                   0.292
meta-rune-test-subject                   0.292                   0.375                   0.792                   0.625                   0.500                   0.625                   0.333                   0.917                   0.375                   0.583                   0.250                   0.583                   0.667                   0.500                   0.542                   0.250
meta-sword-loot                          0.625                   0.208                   0.542                   0.375                   0.458                   0.708                   0.583                   0.875                   0.167                   0.375                   0.500                   0.542                   0.500                   0.375                   0.292                   0.083
meta-sword-rally                         0.542                   0.458                   0.792                   0.792                   0.833                   0.833                   0.667                   1.000                   0.458                   0.750                   0.500                   0.875                   0.667                   0.667                   0.792                   0.292

First-player win rate / mean turns
                              meta-abyss-aggro     meta-abyss-midrange       meta-dragon-aggro        meta-dragon-ramp       meta-forest-combo       meta-haven-amulet          meta-haven-evo    meta-haven-kukishiro          meta-portal-af   meta-portal-cutthroat         meta-portal-evo       meta-rune-crystal         meta-rune-spell  meta-rune-test-subject         meta-sword-loot        meta-sword-rally
meta-abyss-aggro                 0.500 /   6.7           0.542 /   7.0           0.500 /   7.7           0.542 /   6.6           0.500 /   7.6           0.667 /   7.5           0.750 /   7.2           0.500 /   7.8           0.625 /   7.0           0.375 /   7.3           0.458 /   7.3           0.583 /   7.6           0.625 /   7.2           0.542 /   7.6           0.542 /   7.4           0.500 /   7.5
meta-abyss-midrange              0.708 /   6.8           0.375 /   8.6           0.500 /   8.0           0.667 /   7.6           0.500 /   8.7           0.542 /  10.0           0.583 /   9.0           0.542 /   9.0           0.625 /   8.3           0.542 /   9.1           0.542 /   8.5           0.542 /   8.4           0.542 /   8.7           0.583 /   8.4           0.542 /   7.4           0.667 /   8.4
meta-dragon-aggro                0.375 /   6.8           0.375 /   7.5           0.583 /   7.1           0.542 /   7.1           0.667 /   7.7           0.708 /   8.4           0.375 /   7.8           0.375 /   9.8           0.417 /   7.5           0.500 /   7.5           0.708 /   7.8           0.542 /   8.2           0.500 /   7.7           0.500 /   7.3           0.542 /   7.2           0.625 /   7.5
meta-dragon-ramp                 0.667 /   7.0           0.417 /   8.0           0.667 /   7.6           0.583 /   9.3           0.500 /   8.4           0.542 /  11.8           0.667 /   8.5           0.500 /   9.8           0.583 /   8.9           0.500 /   9.1           0.542 /   9.1           0.542 /   8.2           0.667 /   8.4           0.583 /   8.3           0.458 /   7.8           0.583 /   8.0
meta-forest-combo                0.500 /   8.0           0.583 /   8.7           0.667 /   8.1           0.500 /   7.8           0.792 /   9.0           0.458 /  10.2           0.583 /   9.1           0.458 /  10.2           0.458 /   8.8           0.542 /   9.0           0.500 /   8.5           0.458 /   8.2           0.542 /   8.3           0.542 /   8.7           0.375 /   8.7           0.458 /   8.6
meta-haven-amulet                0.625 /   7.7           0.458 /  10.4           0.750 /   9.6           0.750 /   9.9           0.583 /  10.0           0.417 /  15.2           0.375 /  12.8           0.500 /  14.2           0.583 /   9.7           0.542 /  11.2           0.583 /   9.9           0.583 /  11.1           0.583 /  11.9           0.375 /  11.5           0.417 /   8.0           0.500 /   9.4
meta-haven-evo                   0.500 /   7.2           0.583 /   9.0           0.625 /   8.2           0.417 /   9.7           0.625 /   9.6           0.417 /  12.5           0.500 /  10.7           0.500 /  10.4           0.667 /   9.1           0.667 /  10.2           0.458 /  10.0           0.625 /   9.0           0.375 /   9.3           0.500 /   9.0           0.625 /   8.4           0.417 /   8.5
meta-haven-kukishiro             0.458 /   7.8           0.500 /   8.8           0.625 /   9.2           0.500 /  10.2           0.542 /  10.6           0.583 /  13.8           0.500 /  10.1           0.458 /  16.1           0.458 /   8.7           0.500 /  10.3           0.458 /   9.3           0.542 /   9.8           0.542 /  10.8           0.500 /   8.9           0.500 /   9.2           0.542 /   8.7
meta-portal-af                   0.583 /   7.6           0.542 /   8.5           0.500 /   7.5           0.667 /   9.6           0.542 /   9.0           0.542 /   9.5           0.583 /   9.0           0.500 /   9.2           0.500 /   9.0           0.458 /   8.4           0.417 /   9.0           0.542 /   8.0           0.542 /   8.9           0.583 /   9.1           0.583 /   8.6           0.458 /   7.9
meta-portal-cutthroat            0.458 /   7.4           0.500 /   8.9           0.542 /   8.1           0.625 /   8.1           0.333 /   9.2           0.333 /  10.5           0.458 /   9.2           0.583 /  10.8           0.625 /  10.0           0.417 /   9.1           0.625 /   8.8           0.333 /   8.8           0.583 /   8.0           0.667 /   8.6           0.458 /   8.7           0.542 /   8.4
meta-portal-evo                  0.583 /   7.8           0.708 /   8.4           0.500 /   7.7           0.625 /   9.3           0.667 /   8.8           0.417 /   9.7           0.458 /   9.9           0.500 /   9.0           0.542 /   9.2           0.625 /   9.0           0.500 /   9.2           0.750 /   8.8           0.500 /   8.2           0.667 /   8.5           0.667 /   8.0           0.458 /   8.0
meta-rune-crystal                0.500 /   7.8           0.458 /   8.2           0.458 /   8.0           0.583 /   9.2           0.583 /   8.9           0.542 /  10.2           0.667 /   8.7           0.458 /  10.7           0.500 /   8.5           0.542 /   8.7           0.625 /   8.0           0.625 /   8.6           0.500 /   7.9           0.458 /   8.5           0.417 /   8.1           0.458 /   7.8
meta-rune-spell                  0.667 /   7.1           0.375 /   7.5           0.375 /   7.7           0.708 /   8.7           0.667 /   9.0           0.583 /  11.4           0.500 /   9.1           0.542 /  10.5           0.542 /   8.1           0.333 /   8.4           0.542 /   8.6           0.417 /   8.0           0.542 /   8.4           0.458 /   7.9           0.500 /   8.4           0.625 /   7.7
meta-rune-test-subject           0.458 /   7.6           0.708 /   8.4           0.458 /   7.8           0.708 /   8.3           0.500 /   8.6           0.375 /  11.1           0.583 /   8.9           0.500 /  10.0           0.375 /   8.9           0.500 /   9.2           0.667 /   8.4           0.583 /   8.6           0.417 /   8.3           0.500 /   8.4           0.625 /   7.9           0.583 /   7.9
meta-sword-loot                  0.458 /   7.5           0.542 /   7.8           0.792 /   7.8           0.542 /   9.0           0.708 /   9.3           0.625 /   8.4           0.417 /   8.0           0.542 /   9.2           0.583 /   8.2           0.625 /   8.4           0.750 /   8.0           0.542 /   8.4           0.583 /   7.9           0.625 /   8.5           0.458 /   8.0           0.583 /   8.0
meta-sword-rally                 0.458 /   7.1           0.542 /   8.4           0.458 /   7.6           0.542 /   7.6           0.667 /   8.3           0.500 /   9.2           0.667 /   8.7           0.500 /   8.2           0.375 /   8.7           0.583 /   8.2           0.583 /   7.9           0.542 /   7.8           0.667 /   8.2           0.500 /   7.8           0.458 /   7.9           0.625 /   8.0

A win rate over decisive games, Wilson 95% [lo, hi]
                              meta-abyss-aggro     meta-abyss-midrange       meta-dragon-aggro        meta-dragon-ramp       meta-forest-combo       meta-haven-amulet          meta-haven-evo    meta-haven-kukishiro          meta-portal-af   meta-portal-cutthroat         meta-portal-evo       meta-rune-crystal         meta-rune-spell  meta-rune-test-subject         meta-sword-loot        meta-sword-rally
meta-abyss-aggro          0.500 [0.314, 0.686]    0.375 [0.212, 0.573]    0.500 [0.314, 0.686]    0.708 [0.508, 0.851]    0.417 [0.245, 0.612]    0.667 [0.467, 0.820]    0.750 [0.551, 0.880]    0.667 [0.467, 0.820]    0.375 [0.212, 0.573]    0.625 [0.427, 0.788]    0.292 [0.149, 0.492]    0.417 [0.245, 0.612]    0.375 [0.212, 0.573]    0.375 [0.212, 0.573]    0.375 [0.212, 0.573]    0.250 [0.120, 0.449]
meta-abyss-midrange       0.625 [0.427, 0.788]    0.625 [0.427, 0.788]    0.667 [0.467, 0.820]    0.667 [0.467, 0.820]    0.750 [0.551, 0.880]    0.708 [0.508, 0.851]    0.500 [0.314, 0.686]    0.958 [0.798, 0.993]    0.625 [0.427, 0.788]    0.625 [0.427, 0.788]    0.542 [0.351, 0.721]    0.792 [0.595, 0.908]    0.792 [0.595, 0.908]    0.667 [0.467, 0.820]    0.708 [0.508, 0.851]    0.500 [0.314, 0.686]
meta-dragon-aggro         0.708 [0.508, 0.851]    0.458 [0.279, 0.649]    0.417 [0.245, 0.612]    0.708 [0.508, 0.851]    0.333 [0.180, 0.533]    0.708 [0.508, 0.851]    0.625 [0.427, 0.788]    0.792 [0.595, 0.908]    0.333 [0.180, 0.533]    0.583 [0.388, 0.755]    0.292 [0.149, 0.492]    0.542 [0.351, 0.721]    0.250 [0.120, 0.449]    0.500 [0.314, 0.686]    0.542 [0.351, 0.721]    0.458 [0.279, 0.649]
meta-dragon-ramp          0.333 [0.180, 0.533]    0.417 [0.245, 0.612]    0.417 [0.245, 0.612]    0.417 [0.245, 0.612]    0.417 [0.245, 0.612]    0.708 [0.508, 0.851]    0.583 [0.388, 0.755]    1.000 [0.862, 1.000]    0.250 [0.120, 0.449]    0.167 [0.067, 0.359]    0.292 [0.149, 0.492]    0.458 [0.279, 0.649]    0.500 [0.314, 0.686]    0.333 [0.180, 0.533]    0.375 [0.212, 0.573]    0.417 [0.245, 0.612]
meta-forest-combo         0.750 [0.551, 0.880]    0.250 [0.120, 0.449]    0.667 [0.467, 0.820]    0.500 [0.314, 0.686]    0.458 [0.279, 0.649]    0.708 [0.508, 0.851]    0.500 [0.314, 0.686]    0.792 [0.595, 0.908]    0.208 [0.092, 0.405]    0.625 [0.427, 0.788]    0.250 [0.120, 0.449]    0.708 [0.508, 0.851]    0.458 [0.279, 0.649]    0.375 [0.212, 0.573]    0.458 [0.279, 0.649]    0.375 [0.212, 0.573]
meta-haven-amulet         0.375 [0.212, 0.573]    0.208 [0.092, 0.405]    0.417 [0.245, 0.612]    0.250 [0.120, 0.449]    0.500 [0.314, 0.686]    0.667 [0.467, 0.820]    0.375 [0.212, 0.573]    0.917 [0.742, 0.977]    0.083 [0.023, 0.258]    0.458 [0.279, 0.649]    0.250 [0.120, 0.449]    0.583 [0.388, 0.755]    0.667 [0.467, 0.820]    0.458 [0.279, 0.649]    0.250 [0.120, 0.449]    0.167 [0.067, 0.359]
meta-haven-evo            0.333 [0.180, 0.533]    0.583 [0.388, 0.755]    0.542 [0.351, 0.721]    0.583 [0.388, 0.755]    0.792 [0.595, 0.908]    0.667 [0.467, 0.820]    0.667 [0.467, 0.820]    1.000 [0.862, 1.000]    0.500 [0.314, 0.686]    0.750 [0.551, 0.880]    0.625 [0.427, 0.788]    0.708 [0.508, 0.851]    0.625 [0.427, 0.788]    0.500 [0.314, 0.686]    0.375 [0.212, 0.573]    0.333 [0.180, 0.533]
meta-haven-kukishiro      0.292 [0.149, 0.492]    0.000 [0.000, 0.138]    0.458 [0.279, 0.649]    0.000 [0.000, 0.138]    0.208 [0.092, 0.405]    0.083 [0.023, 0.258]    0.000 [0.000, 0.138]    0.542 [0.351, 0.721]    0.042 [0.007, 0.202]    0.000 [0.000, 0.138]    0.042 [0.007, 0.202]    0.208 [0.092, 0.405]    0.125 [0.043, 0.310]    0.000 [0.000, 0.138]    0.083 [0.023, 0.258]    0.042 [0.007, 0.202]
meta-portal-af            0.750 [0.551, 0.880]    0.292 [0.149, 0.492]    0.667 [0.467, 0.820]    0.667 [0.467, 0.820]    0.792 [0.595, 0.908]    0.958 [0.798, 0.993]    0.500 [0.314, 0.686]    1.000 [0.862, 1.000]    0.333 [0.180, 0.533]    0.708 [0.508, 0.851]    0.500 [0.314, 0.686]    0.875 [0.690, 0.957]    0.875 [0.690, 0.957]    0.583 [0.388, 0.755]    0.667 [0.467, 0.820]    0.458 [0.279, 0.649]
meta-portal-cutthroat     0.458 [0.279, 0.649]    0.500 [0.314, 0.686]    0.458 [0.279, 0.649]    0.458 [0.279, 0.649]    0.583 [0.388, 0.755]    0.583 [0.388, 0.755]    0.375 [0.212, 0.573]    0.917 [0.742, 0.977]    0.292 [0.149, 0.492]    0.667 [0.467, 0.820]    0.375 [0.212, 0.573]    0.750 [0.551, 0.880]    0.750 [0.551, 0.880]    0.333 [0.180, 0.533]    0.708 [0.508, 0.851]    0.208 [0.092, 0.405]
meta-portal-evo           0.667 [0.467, 0.820]    0.375 [0.212, 0.573]    0.583 [0.388, 0.755]    0.542 [0.351, 0.721]    0.667 [0.467, 0.820]    0.750 [0.551, 0.880]    0.292 [0.149, 0.492]    1.000 [0.862, 1.000]    0.542 [0.351, 0.721]    0.708 [0.508, 0.851]    0.500 [0.314, 0.686]    0.750 [0.551, 0.880]    0.833 [0.641, 0.933]    0.667 [0.467, 0.820]    0.667 [0.467, 0.820]    0.375 [0.212, 0.573]
meta-rune-crystal         0.500 [0.314, 0.686]    0.125 [0.043, 0.310]    0.292 [0.149, 0.492]    0.500 [0.314, 0.686]    0.333 [0.180, 0.533]    0.458 [0.279, 0.649]    0.250 [0.120, 0.449]    0.625 [0.427, 0.788]    0.167 [0.067, 0.359]    0.292 [0.149, 0.492]    0.125 [0.043, 0.310]    0.542 [0.351, 0.721]    0.667 [0.467, 0.820]    0.292 [0.149, 0.492]    0.500 [0.314, 0.686]    0.125 [0.043, 0.310]
meta-rune-spell           0.417 [0.245, 0.612]    0.292 [0.149, 0.492]    0.708 [0.508, 0.851]    0.375 [0.212, 0.573]    0.417 [0.245, 0.612]    0.500 [0.314, 0.686]    0.333 [0.180, 0.533]    0.708 [0.508, 0.851]    0.208 [0.092, 0.405]    0.500 [0.314, 0.686]    0.208 [0.092, 0.405]    0.667 [0.467, 0.820]    0.458 [0.279, 0.649]    0.458 [0.279, 0.649]    0.417 [0.245, 0.612]    0.292 [0.149, 0.492]
meta-rune-test-subject    0.292 [0.149, 0.492]    0.375 [0.212, 0.573]    0.792 [0.595, 0.908]    0.625 [0.427, 0.788]    0.500 [0.314, 0.686]    0.625 [0.427, 0.788]    0.333 [0.180, 0.533]    0.917 [0.742, 0.977]    0.375 [0.212, 0.573]    0.583 [0.388, 0.755]    0.250 [0.120, 0.449]    0.583 [0.388, 0.755]    0.667 [0.467, 0.820]    0.500 [0.314, 0.686]    0.542 [0.351, 0.721]    0.250 [0.120, 0.449]
meta-sword-loot           0.625 [0.427, 0.788]    0.208 [0.092, 0.405]    0.542 [0.351, 0.721]    0.375 [0.212, 0.573]    0.458 [0.279, 0.649]    0.708 [0.508, 0.851]    0.583 [0.388, 0.755]    0.875 [0.690, 0.957]    0.167 [0.067, 0.359]    0.375 [0.212, 0.573]    0.500 [0.314, 0.686]    0.542 [0.351, 0.721]    0.500 [0.314, 0.686]    0.375 [0.212, 0.573]    0.292 [0.149, 0.492]    0.083 [0.023, 0.258]
meta-sword-rally          0.542 [0.351, 0.721]    0.458 [0.279, 0.649]    0.792 [0.595, 0.908]    0.792 [0.595, 0.908]    0.833 [0.641, 0.933]    0.833 [0.641, 0.933]    0.667 [0.467, 0.820]    1.000 [0.862, 1.000]    0.458 [0.279, 0.649]    0.750 [0.551, 0.880]    0.500 [0.314, 0.686]    0.875 [0.690, 0.957]    0.667 [0.467, 0.820]    0.667 [0.467, 0.820]    0.792 [0.595, 0.908]    0.292 [0.149, 0.492]

=== summary ===
h0 vs h0
games: 6144  decisive: 6144  draws: 0
policy_a win rate: 0.501 [0.488, 0.513]
first-player win rate: 0.539
mean turns: 8.73  mean actions: 85.05
end: lethal=6072 deckout=72 turn_cap=0 action_cap=0 no_legal=0 illegal=0
3415.411s  1.80 games/s  cpus=28
samples: 522538 (85.0 per game)
per deck:
  meta-abyss-aggro: policy_a (row) 0.479  policy_b (col) 0.490
  meta-abyss-midrange: policy_a (row) 0.672  policy_b (col) 0.654
  meta-dragon-aggro: policy_a (row) 0.516  policy_b (col) 0.443
  meta-dragon-ramp: policy_a (row) 0.443  policy_b (col) 0.490
  meta-forest-combo: policy_a (row) 0.505  policy_b (col) 0.471
  meta-haven-amulet: policy_a (row) 0.414  policy_b (col) 0.354
  meta-haven-evo: policy_a (row) 0.599  policy_b (col) 0.542
  meta-haven-kukishiro: policy_a (row) 0.133  policy_b (col) 0.143
  meta-portal-af: policy_a (row) 0.664  policy_b (col) 0.690
  meta-portal-cutthroat: policy_a (row) 0.526  policy_b (col) 0.474
  meta-portal-evo: policy_a (row) 0.620  policy_b (col) 0.654
  meta-rune-crystal: policy_a (row) 0.362  policy_b (col) 0.375
  meta-rune-spell: policy_a (row) 0.435  policy_b (col) 0.424
  meta-rune-test-subject: policy_a (row) 0.513  policy_b (col) 0.557
  meta-sword-loot: policy_a (row) 0.451  policy_b (col) 0.516
  meta-sword-rally: policy_a (row) 0.682  policy_b (col) 0.711

6144 games in 3415.411s (1.8 games/s)
wrote C:\Users\agban\projects\arena\results\net6\data-e10.json
