pool: meta
decks: 16 (meta-abyss-aggro, meta-abyss-midrange, meta-dragon-aggro, meta-dragon-ramp, meta-forest-combo, meta-haven-amulet, meta-haven-evo, meta-haven-kukishiro, meta-portal-af, meta-portal-cutthroat, meta-portal-evo, meta-rune-crystal, meta-rune-spell, meta-rune-test-subject, meta-sword-loot, meta-sword-rally)
pairs: 256 (16 x 16, mirrors included)
games    24 games/pair x 256 =  6144
matchup: 16 decks × 24 games = 6144 games (seed=14, policy_a=h0, policy_b=h0, first=alternate, threads=None)
Win rate (row = A, col = B; cell = A's win rate)
                              meta-abyss-aggro     meta-abyss-midrange       meta-dragon-aggro        meta-dragon-ramp       meta-forest-combo       meta-haven-amulet          meta-haven-evo    meta-haven-kukishiro          meta-portal-af   meta-portal-cutthroat         meta-portal-evo       meta-rune-crystal         meta-rune-spell  meta-rune-test-subject         meta-sword-loot        meta-sword-rally
meta-abyss-aggro                         0.375                   0.500                   0.542                   0.708                   0.208                   0.792                   0.542                   0.708                   0.250                   0.583                   0.375                   0.417                   0.625                   0.500                   0.333                   0.125
meta-abyss-midrange                      0.583                   0.583                   0.750                   0.833                   0.583                   0.625                   0.333                   1.000                   0.583                   0.708                   0.542                   0.875                   0.875                   0.667                   0.667                   0.542
meta-dragon-aggro                        0.500                   0.208                   0.708                   0.667                   0.292                   0.792                   0.625                   0.792                   0.250                   0.458                   0.250                   0.667                   0.542                   0.292                   0.417                   0.292
meta-dragon-ramp                         0.250                   0.167                   0.167                   0.458                   0.542                   0.833                   0.417                   0.917                   0.458                   0.542                   0.333                   0.708                   0.667                   0.458                   0.292                   0.250
meta-forest-combo                        0.792                   0.375                   0.542                   0.750                   0.500                   0.458                   0.292                   0.875                   0.333                   0.458                   0.208                   0.750                   0.500                   0.542                   0.583                   0.333
meta-haven-amulet                        0.375                   0.167                   0.083                   0.375                   0.583                   0.417                   0.250                   0.875                   0.250                   0.292                   0.167                   0.667                   0.583                   0.250                   0.500                   0.292
meta-haven-evo                           0.417                   0.625                   0.375                   0.458                   0.750                   0.750                   0.542                   1.000                   0.833                   0.750                   0.708                   0.667                   0.750                   0.500                   0.500                   0.542
meta-haven-kukishiro                     0.250                   0.042                   0.167                   0.042                   0.250                   0.208                   0.000                   0.333                   0.000                   0.000                   0.000                   0.250                   0.333                   0.000                   0.125                   0.000
meta-portal-af                           0.708                   0.500                   0.708                   0.833                   0.750                   0.792                   0.333                   1.000                   0.500                   0.792                   0.417                   1.000                   0.750                   0.792                   0.708                   0.750
meta-portal-cutthroat                    0.708                   0.292                   0.625                   0.583                   0.500                   0.750                   0.208                   1.000                   0.458                   0.583                   0.417                   0.625                   0.708                   0.333                   0.458                   0.333
meta-portal-evo                          0.708                   0.250                   0.708                   0.625                   0.833                   0.917                   0.375                   1.000                   0.583                   0.667                   0.583                   0.833                   1.000                   0.750                   0.875                   0.667
meta-rune-crystal                        0.542                   0.125                   0.333                   0.458                   0.458                   0.458                   0.167                   0.875                   0.083                   0.250                   0.125                   0.542                   0.458                   0.250                   0.500                   0.167
meta-rune-spell                          0.417                   0.042                   0.333                   0.333                   0.083                   0.417                   0.250                   0.833                   0.042                   0.250                   0.292                   0.583                   0.625                   0.583                   0.542                   0.167
meta-rune-test-subject                   0.667                   0.250                   0.625                   0.708                   0.708                   0.750                   0.292                   1.000                   0.375                   0.667                   0.250                   0.667                   0.625                   0.375                   0.667                   0.333
meta-sword-loot                          0.542                   0.333                   0.583                   0.792                   0.333                   0.500                   0.375                   0.958                   0.125                   0.375                   0.292                   0.542                   0.500                   0.417                   0.292                   0.125
meta-sword-rally                         0.625                   0.458                   0.708                   0.708                   0.875                   0.917                   0.458                   0.958                   0.375                   0.750                   0.542                   0.750                   0.750                   0.708                   0.708                   0.417

First-player win rate / mean turns
                              meta-abyss-aggro     meta-abyss-midrange       meta-dragon-aggro        meta-dragon-ramp       meta-forest-combo       meta-haven-amulet          meta-haven-evo    meta-haven-kukishiro          meta-portal-af   meta-portal-cutthroat         meta-portal-evo       meta-rune-crystal         meta-rune-spell  meta-rune-test-subject         meta-sword-loot        meta-sword-rally
meta-abyss-aggro                 0.458 /   7.0           0.583 /   7.1           0.375 /   7.0           0.542 /   6.7           0.542 /   7.8           0.625 /   7.1           0.708 /   7.2           0.792 /   8.4           0.583 /   7.6           0.500 /   7.2           0.458 /   7.8           0.750 /   7.8           0.708 /   7.4           0.500 /   7.5           0.333 /   7.4           0.458 /   7.6
meta-abyss-midrange              0.667 /   7.3           0.583 /   8.3           0.500 /   7.5           0.583 /   7.5           0.667 /   8.3           0.458 /   9.3           0.583 /   9.7           0.500 /   8.4           0.417 /   8.4           0.542 /   8.8           0.542 /   8.7           0.458 /   8.1           0.542 /   8.5           0.500 /   8.6           0.667 /   8.0           0.542 /   8.2
meta-dragon-aggro                0.500 /   6.8           0.458 /   7.5           0.542 /   7.4           0.333 /   7.6           0.458 /   8.3           0.625 /   7.5           0.542 /   8.2           0.458 /   8.6           0.417 /   7.7           0.708 /   8.7           0.667 /   8.0           0.500 /   8.2           0.625 /   7.5           0.458 /   7.7           0.667 /   7.6           0.542 /   7.5
meta-dragon-ramp                 0.583 /   6.4           0.583 /   7.5           0.500 /   7.2           0.708 /   9.7           0.458 /   8.2           0.583 /  10.3           0.750 /  10.5           0.500 /  10.6           0.708 /  10.1           0.542 /   8.5           0.500 /   8.3           0.542 /   9.4           0.667 /   8.8           0.792 /   9.0           0.625 /   8.4           0.500 /   7.2
meta-forest-combo                0.458 /   8.1           0.708 /   8.8           0.625 /   8.0           0.583 /   8.0           0.667 /   8.5           0.458 /  10.7           0.375 /   9.0           0.625 /   9.8           0.667 /   9.0           0.708 /   9.3           0.458 /   9.0           0.583 /   8.7           0.583 /   8.2           0.542 /   8.3           0.667 /   8.6           0.500 /   8.8
meta-haven-amulet                0.542 /   7.9           0.667 /   9.2           0.500 /   7.4           0.625 /  11.2           0.583 /  10.7           0.667 /  13.8           0.417 /  11.9           0.458 /  14.0           0.417 /  11.6           0.542 /  10.6           0.583 /   9.3           0.750 /  11.4           0.250 /  10.9           0.583 /   9.9           0.500 /   9.5           0.542 /   9.0
meta-haven-evo                   0.500 /   7.5           0.542 /   8.4           0.542 /   7.7           0.708 /  10.8           0.583 /   9.9           0.667 /  12.8           0.708 /  10.8           0.500 /  11.0           0.583 /   9.5           0.583 /  10.3           0.542 /   9.6           0.583 /   8.5           0.500 /   9.5           0.667 /   9.3           0.667 /   8.7           0.375 /   8.3
meta-haven-kukishiro             0.583 /   8.1           0.542 /   8.9           0.500 /   9.0           0.542 /  11.4           0.500 /  10.5           0.625 /  14.9           0.500 /  10.5           0.500 /  17.5           0.500 /   8.8           0.500 /   9.6           0.500 /   8.5           0.417 /  11.5           0.583 /  11.2           0.500 /   9.6           0.542 /   9.2           0.500 /   8.3
meta-portal-af                   0.542 /   7.3           0.500 /   9.1           0.542 /   7.8           0.500 /   8.8           0.417 /   9.0           0.542 /   9.8           0.500 /   9.6           0.500 /   9.7           0.500 /   9.8           0.375 /   8.9           0.583 /   9.4           0.500 /   7.9           0.500 /   8.5           0.542 /   8.9           0.542 /   8.5           0.417 /   8.6
meta-portal-cutthroat            0.542 /   8.0           0.708 /   8.4           0.292 /   7.9           0.583 /   8.5           0.500 /   8.9           0.500 /   9.9           0.625 /  10.0           0.500 /  10.8           0.542 /  10.2           0.417 /   9.5           0.333 /   9.7           0.542 /   8.9           0.542 /   9.6           0.583 /   8.9           0.375 /   8.8           0.667 /   8.9
meta-portal-evo                  0.625 /   6.9           0.500 /   9.2           0.625 /   7.5           0.625 /   9.0           0.417 /   8.2           0.583 /   9.3           0.708 /   9.9           0.500 /   9.2           0.417 /   9.5           0.500 /   9.2           0.500 /   9.3           0.500 /   7.9           0.500 /   8.8           0.500 /   9.0           0.625 /   8.3           0.667 /   8.8
meta-rune-crystal                0.375 /   7.9           0.458 /   8.4           0.500 /   8.2           0.625 /   8.5           0.625 /   8.7           0.542 /  10.0           0.417 /   9.2           0.542 /   9.9           0.417 /   8.2           0.500 /   9.2           0.542 /   8.0           0.542 /   9.3           0.542 /   8.2           0.417 /   8.3           0.750 /   9.0           0.500 /   8.3
meta-rune-spell                  0.417 /   7.0           0.458 /   8.8           0.417 /   6.8           0.500 /   8.6           0.583 /   8.5           0.667 /  12.2           0.500 /   9.1           0.417 /  10.4           0.458 /   7.9           0.417 /   8.8           0.458 /   8.8           0.417 /   8.3           0.625 /   9.2           0.667 /   8.6           0.625 /   9.0           0.417 /   7.7
meta-rune-test-subject           0.500 /   7.3           0.667 /   8.2           0.375 /   7.6           0.708 /   7.8           0.375 /   8.5           0.583 /   9.7           0.542 /   9.4           0.500 /   9.2           0.458 /   8.5           0.583 /   9.4           0.500 /   9.0           0.500 /   7.8           0.458 /   8.4           0.542 /   8.4           0.500 /   8.1           0.500 /   8.3
meta-sword-loot                  0.375 /   7.5           0.417 /   8.0           0.583 /   8.0           0.458 /   7.8           0.667 /   9.0           0.583 /   9.1           0.625 /   8.8           0.458 /   8.9           0.542 /   8.6           0.625 /   9.0           0.708 /   8.5           0.458 /   9.1           0.750 /   8.3           0.583 /   8.0           0.625 /   8.0           0.542 /   7.8
meta-sword-rally                 0.542 /   7.2           0.458 /   8.1           0.458 /   7.4           0.708 /   7.3           0.458 /   9.1           0.500 /   8.3           0.542 /   8.4           0.542 /   8.3           0.625 /   8.6           0.500 /   8.3           0.542 /   8.5           0.500 /   7.8           0.667 /   8.3           0.542 /   8.0           0.375 /   7.9           0.833 /   8.6

A win rate over decisive games, Wilson 95% [lo, hi]
                              meta-abyss-aggro     meta-abyss-midrange       meta-dragon-aggro        meta-dragon-ramp       meta-forest-combo       meta-haven-amulet          meta-haven-evo    meta-haven-kukishiro          meta-portal-af   meta-portal-cutthroat         meta-portal-evo       meta-rune-crystal         meta-rune-spell  meta-rune-test-subject         meta-sword-loot        meta-sword-rally
meta-abyss-aggro          0.375 [0.212, 0.573]    0.500 [0.314, 0.686]    0.542 [0.351, 0.721]    0.708 [0.508, 0.851]    0.208 [0.092, 0.405]    0.792 [0.595, 0.908]    0.542 [0.351, 0.721]    0.708 [0.508, 0.851]    0.250 [0.120, 0.449]    0.583 [0.388, 0.755]    0.375 [0.212, 0.573]    0.417 [0.245, 0.612]    0.625 [0.427, 0.788]    0.500 [0.314, 0.686]    0.333 [0.180, 0.533]    0.125 [0.043, 0.310]
meta-abyss-midrange       0.583 [0.388, 0.755]    0.583 [0.388, 0.755]    0.750 [0.551, 0.880]    0.833 [0.641, 0.933]    0.583 [0.388, 0.755]    0.625 [0.427, 0.788]    0.333 [0.180, 0.533]    1.000 [0.862, 1.000]    0.583 [0.388, 0.755]    0.708 [0.508, 0.851]    0.542 [0.351, 0.721]    0.875 [0.690, 0.957]    0.875 [0.690, 0.957]    0.667 [0.467, 0.820]    0.667 [0.467, 0.820]    0.542 [0.351, 0.721]
meta-dragon-aggro         0.500 [0.314, 0.686]    0.208 [0.092, 0.405]    0.708 [0.508, 0.851]    0.667 [0.467, 0.820]    0.292 [0.149, 0.492]    0.792 [0.595, 0.908]    0.625 [0.427, 0.788]    0.792 [0.595, 0.908]    0.250 [0.120, 0.449]    0.458 [0.279, 0.649]    0.250 [0.120, 0.449]    0.667 [0.467, 0.820]    0.542 [0.351, 0.721]    0.292 [0.149, 0.492]    0.417 [0.245, 0.612]    0.292 [0.149, 0.492]
meta-dragon-ramp          0.250 [0.120, 0.449]    0.167 [0.067, 0.359]    0.167 [0.067, 0.359]    0.458 [0.279, 0.649]    0.542 [0.351, 0.721]    0.833 [0.641, 0.933]    0.417 [0.245, 0.612]    0.917 [0.742, 0.977]    0.458 [0.279, 0.649]    0.542 [0.351, 0.721]    0.333 [0.180, 0.533]    0.708 [0.508, 0.851]    0.667 [0.467, 0.820]    0.458 [0.279, 0.649]    0.292 [0.149, 0.492]    0.250 [0.120, 0.449]
meta-forest-combo         0.792 [0.595, 0.908]    0.375 [0.212, 0.573]    0.542 [0.351, 0.721]    0.750 [0.551, 0.880]    0.500 [0.314, 0.686]    0.458 [0.279, 0.649]    0.292 [0.149, 0.492]    0.875 [0.690, 0.957]    0.333 [0.180, 0.533]    0.458 [0.279, 0.649]    0.208 [0.092, 0.405]    0.750 [0.551, 0.880]    0.500 [0.314, 0.686]    0.542 [0.351, 0.721]    0.583 [0.388, 0.755]    0.333 [0.180, 0.533]
meta-haven-amulet         0.375 [0.212, 0.573]    0.167 [0.067, 0.359]    0.083 [0.023, 0.258]    0.375 [0.212, 0.573]    0.583 [0.388, 0.755]    0.417 [0.245, 0.612]    0.250 [0.120, 0.449]    0.875 [0.690, 0.957]    0.250 [0.120, 0.449]    0.292 [0.149, 0.492]    0.167 [0.067, 0.359]    0.667 [0.467, 0.820]    0.583 [0.388, 0.755]    0.250 [0.120, 0.449]    0.500 [0.314, 0.686]    0.292 [0.149, 0.492]
meta-haven-evo            0.417 [0.245, 0.612]    0.625 [0.427, 0.788]    0.375 [0.212, 0.573]    0.458 [0.279, 0.649]    0.750 [0.551, 0.880]    0.750 [0.551, 0.880]    0.542 [0.351, 0.721]    1.000 [0.862, 1.000]    0.833 [0.641, 0.933]    0.750 [0.551, 0.880]    0.708 [0.508, 0.851]    0.667 [0.467, 0.820]    0.750 [0.551, 0.880]    0.500 [0.314, 0.686]    0.500 [0.314, 0.686]    0.542 [0.351, 0.721]
meta-haven-kukishiro      0.250 [0.120, 0.449]    0.042 [0.007, 0.202]    0.167 [0.067, 0.359]    0.042 [0.007, 0.202]    0.250 [0.120, 0.449]    0.208 [0.092, 0.405]    0.000 [0.000, 0.138]    0.333 [0.180, 0.533]    0.000 [0.000, 0.138]    0.000 [0.000, 0.138]    0.000 [0.000, 0.138]    0.250 [0.120, 0.449]    0.333 [0.180, 0.533]    0.000 [0.000, 0.138]    0.125 [0.043, 0.310]    0.000 [0.000, 0.138]
meta-portal-af            0.708 [0.508, 0.851]    0.500 [0.314, 0.686]    0.708 [0.508, 0.851]    0.833 [0.641, 0.933]    0.750 [0.551, 0.880]    0.792 [0.595, 0.908]    0.333 [0.180, 0.533]    1.000 [0.862, 1.000]    0.500 [0.314, 0.686]    0.792 [0.595, 0.908]    0.417 [0.245, 0.612]    1.000 [0.862, 1.000]    0.750 [0.551, 0.880]    0.792 [0.595, 0.908]    0.708 [0.508, 0.851]    0.750 [0.551, 0.880]
meta-portal-cutthroat     0.708 [0.508, 0.851]    0.292 [0.149, 0.492]    0.625 [0.427, 0.788]    0.583 [0.388, 0.755]    0.500 [0.314, 0.686]    0.750 [0.551, 0.880]    0.208 [0.092, 0.405]    1.000 [0.862, 1.000]    0.458 [0.279, 0.649]    0.583 [0.388, 0.755]    0.417 [0.245, 0.612]    0.625 [0.427, 0.788]    0.708 [0.508, 0.851]    0.333 [0.180, 0.533]    0.458 [0.279, 0.649]    0.333 [0.180, 0.533]
meta-portal-evo           0.708 [0.508, 0.851]    0.250 [0.120, 0.449]    0.708 [0.508, 0.851]    0.625 [0.427, 0.788]    0.833 [0.641, 0.933]    0.917 [0.742, 0.977]    0.375 [0.212, 0.573]    1.000 [0.862, 1.000]    0.583 [0.388, 0.755]    0.667 [0.467, 0.820]    0.583 [0.388, 0.755]    0.833 [0.641, 0.933]    1.000 [0.862, 1.000]    0.750 [0.551, 0.880]    0.875 [0.690, 0.957]    0.667 [0.467, 0.820]
meta-rune-crystal         0.542 [0.351, 0.721]    0.125 [0.043, 0.310]    0.333 [0.180, 0.533]    0.458 [0.279, 0.649]    0.458 [0.279, 0.649]    0.458 [0.279, 0.649]    0.167 [0.067, 0.359]    0.875 [0.690, 0.957]    0.083 [0.023, 0.258]    0.250 [0.120, 0.449]    0.125 [0.043, 0.310]    0.542 [0.351, 0.721]    0.458 [0.279, 0.649]    0.250 [0.120, 0.449]    0.500 [0.314, 0.686]    0.167 [0.067, 0.359]
meta-rune-spell           0.417 [0.245, 0.612]    0.042 [0.007, 0.202]    0.333 [0.180, 0.533]    0.333 [0.180, 0.533]    0.083 [0.023, 0.258]    0.417 [0.245, 0.612]    0.250 [0.120, 0.449]    0.833 [0.641, 0.933]    0.042 [0.007, 0.202]    0.250 [0.120, 0.449]    0.292 [0.149, 0.492]    0.583 [0.388, 0.755]    0.625 [0.427, 0.788]    0.583 [0.388, 0.755]    0.542 [0.351, 0.721]    0.167 [0.067, 0.359]
meta-rune-test-subject    0.667 [0.467, 0.820]    0.250 [0.120, 0.449]    0.625 [0.427, 0.788]    0.708 [0.508, 0.851]    0.708 [0.508, 0.851]    0.750 [0.551, 0.880]    0.292 [0.149, 0.492]    1.000 [0.862, 1.000]    0.375 [0.212, 0.573]    0.667 [0.467, 0.820]    0.250 [0.120, 0.449]    0.667 [0.467, 0.820]    0.625 [0.427, 0.788]    0.375 [0.212, 0.573]    0.667 [0.467, 0.820]    0.333 [0.180, 0.533]
meta-sword-loot           0.542 [0.351, 0.721]    0.333 [0.180, 0.533]    0.583 [0.388, 0.755]    0.792 [0.595, 0.908]    0.333 [0.180, 0.533]    0.500 [0.314, 0.686]    0.375 [0.212, 0.573]    0.958 [0.798, 0.993]    0.125 [0.043, 0.310]    0.375 [0.212, 0.573]    0.292 [0.149, 0.492]    0.542 [0.351, 0.721]    0.500 [0.314, 0.686]    0.417 [0.245, 0.612]    0.292 [0.149, 0.492]    0.125 [0.043, 0.310]
meta-sword-rally          0.625 [0.427, 0.788]    0.458 [0.279, 0.649]    0.708 [0.508, 0.851]    0.708 [0.508, 0.851]    0.875 [0.690, 0.957]    0.917 [0.742, 0.977]    0.458 [0.279, 0.649]    0.958 [0.798, 0.993]    0.375 [0.212, 0.573]    0.750 [0.551, 0.880]    0.542 [0.351, 0.721]    0.750 [0.551, 0.880]    0.750 [0.551, 0.880]    0.708 [0.508, 0.851]    0.708 [0.508, 0.851]    0.417 [0.245, 0.612]

=== summary ===
h0 vs h0
games: 6144  decisive: 6144  draws: 0
policy_a win rate: 0.507 [0.494, 0.519]
first-player win rate: 0.541
mean turns: 8.80  mean actions: 87.80
end: lethal=6083 deckout=61 turn_cap=0 action_cap=0 no_legal=0 illegal=0
3505.510s  1.75 games/s  cpus=28
samples: 539467 (87.8 per game)
per deck:
  meta-abyss-aggro: policy_a (row) 0.474  policy_b (col) 0.471
  meta-abyss-midrange: policy_a (row) 0.672  policy_b (col) 0.693
  meta-dragon-aggro: policy_a (row) 0.484  policy_b (col) 0.503
  meta-dragon-ramp: policy_a (row) 0.466  policy_b (col) 0.417
  meta-forest-combo: policy_a (row) 0.518  policy_b (col) 0.484
  meta-haven-amulet: policy_a (row) 0.383  policy_b (col) 0.352
  meta-haven-evo: policy_a (row) 0.635  policy_b (col) 0.659
  meta-haven-kukishiro: policy_a (row) 0.125  policy_b (col) 0.117
  meta-portal-af: policy_a (row) 0.708  policy_b (col) 0.656
  meta-portal-cutthroat: policy_a (row) 0.536  policy_b (col) 0.492
  meta-portal-evo: policy_a (row) 0.711  policy_b (col) 0.656
  meta-rune-crystal: policy_a (row) 0.362  policy_b (col) 0.341
  meta-rune-spell: policy_a (row) 0.362  policy_b (col) 0.357
  meta-rune-test-subject: policy_a (row) 0.560  policy_b (col) 0.536
  meta-sword-loot: policy_a (row) 0.443  policy_b (col) 0.490
  meta-sword-rally: policy_a (row) 0.669  policy_b (col) 0.667

6144 games in 3505.510s (1.8 games/s)
wrote C:\Users\agban\projects\arena\results\net6\data-e0.json
