pool: meta
decks: 16 (meta-abyss-aggro, meta-abyss-midrange, meta-dragon-aggro, meta-dragon-ramp, meta-forest-combo, meta-haven-amulet, meta-haven-evo, meta-haven-kukishiro, meta-portal-af, meta-portal-cutthroat, meta-portal-evo, meta-rune-crystal, meta-rune-spell, meta-rune-test-subject, meta-sword-loot, meta-sword-rally)
pairs: 256 (16 x 16, mirrors included)
games    16 games/pair x 256 =  4096
matchup: 16 decks × 16 games = 4096 games (seed=1, policy_a=h0:value=net,net=C:\Users\agban\projects\arena\results\net6\linear.json, policy_b=h0, first=alternate, threads=None)
Win rate (row = A, col = B; cell = A's win rate)
                              meta-abyss-aggro     meta-abyss-midrange       meta-dragon-aggro        meta-dragon-ramp       meta-forest-combo       meta-haven-amulet          meta-haven-evo    meta-haven-kukishiro          meta-portal-af   meta-portal-cutthroat         meta-portal-evo       meta-rune-crystal         meta-rune-spell  meta-rune-test-subject         meta-sword-loot        meta-sword-rally
meta-abyss-aggro                         0.812                   0.438                   0.500                   0.688                   0.188                   0.688                   0.875                   0.688                   0.312                   0.500                   0.625                   0.688                   0.625                   0.438                   0.562                   0.688
meta-abyss-midrange                      0.438                   0.438                   0.500                   0.750                   0.625                   0.750                   0.375                   1.000                   0.688                   0.750                   0.375                   0.875                   0.500                   0.625                   0.625                   0.375
meta-dragon-aggro                        0.438                   0.375                   0.250                   0.750                   0.125                   0.875                   0.625                   0.812                   0.312                   0.562                   0.312                   0.688                   0.500                   0.250                   0.750                   0.625
meta-dragon-ramp                         0.312                   0.188                   0.375                   0.562                   0.500                   0.625                   0.250                   0.938                   0.188                   0.625                   0.375                   0.625                   0.438                   0.375                   0.562                   0.188
meta-forest-combo                        0.750                   0.438                   0.500                   0.688                   0.438                   0.500                   0.250                   0.500                   0.250                   0.312                   0.188                   0.500                   0.188                   0.312                   0.375                   0.312
meta-haven-amulet                        0.250                   0.250                   0.312                   0.125                   0.375                   0.250                   0.188                   0.688                   0.188                   0.125                   0.125                   0.375                   0.375                   0.312                   0.125                   0.125
meta-haven-evo                           0.312                   0.625                   0.562                   0.562                   0.438                   0.750                   0.625                   1.000                   0.750                   0.750                   0.562                   0.812                   0.812                   0.750                   0.562                   0.312
meta-haven-kukishiro                     0.312                   0.000                   0.375                   0.000                   0.062                   0.062                   0.000                   0.375                   0.000                   0.000                   0.000                   0.250                   0.250                   0.062                   0.000                   0.000
meta-portal-af                           0.500                   0.188                   0.875                   0.750                   0.812                   0.875                   0.250                   1.000                   0.500                   0.625                   0.750                   0.750                   0.688                   0.688                   0.688                   0.438
meta-portal-cutthroat                    0.375                   0.188                   0.500                   0.562                   0.500                   0.750                   0.250                   1.000                   0.438                   0.562                   0.188                   0.625                   0.750                   0.625                   0.250                   0.312
meta-portal-evo                          0.438                   0.500                   0.812                   0.500                   0.875                   0.812                   0.312                   1.000                   0.250                   0.438                   0.375                   0.688                   0.938                   0.812                   0.812                   0.312
meta-rune-crystal                        0.250                   0.062                   0.312                   0.250                   0.062                   0.438                   0.312                   0.688                   0.062                   0.438                   0.188                   0.312                   0.438                   0.125                   0.438                   0.000
meta-rune-spell                          0.312                   0.188                   0.438                   0.188                   0.062                   0.188                   0.125                   0.812                   0.062                   0.125                   0.125                   0.438                   0.312                   0.438                   0.438                   0.000
meta-rune-test-subject                   0.375                   0.250                   0.750                   0.500                   0.500                   0.750                   0.500                   0.938                   0.125                   0.500                   0.312                   0.750                   0.438                   0.562                   0.500                   0.312
meta-sword-loot                          0.500                   0.375                   0.312                   0.375                   0.500                   0.438                   0.625                   0.938                   0.312                   0.438                   0.250                   0.562                   0.375                   0.438                   0.500                   0.188
meta-sword-rally                         0.625                   0.438                   0.562                   0.750                   0.688                   0.562                   0.375                   1.000                   0.250                   0.500                   0.500                   0.938                   0.812                   0.750                   0.688                   0.375

First-player win rate / mean turns
                              meta-abyss-aggro     meta-abyss-midrange       meta-dragon-aggro        meta-dragon-ramp       meta-forest-combo       meta-haven-amulet          meta-haven-evo    meta-haven-kukishiro          meta-portal-af   meta-portal-cutthroat         meta-portal-evo       meta-rune-crystal         meta-rune-spell  meta-rune-test-subject         meta-sword-loot        meta-sword-rally
meta-abyss-aggro                 0.562 /   6.5           0.312 /   6.9           0.375 /   6.8           0.438 /   6.6           0.562 /   7.0           0.438 /   7.4           0.500 /   6.3           0.438 /   7.6           0.312 /   6.9           0.500 /   7.3           0.625 /   7.5           0.438 /   7.6           0.500 /   7.0           0.188 /   7.1           0.438 /   7.2           0.312 /   6.8
meta-abyss-midrange              0.438 /   6.8           0.562 /   8.8           0.375 /   7.5           0.625 /   7.8           0.375 /   8.9           0.375 /   8.6           0.500 /   8.8           0.500 /   8.4           0.312 /   8.7           0.375 /   8.7           0.750 /   8.4           0.500 /   8.1           0.500 /   7.4           0.500 /   8.6           0.500 /   8.1           0.500 /   8.8
meta-dragon-aggro                0.312 /   6.9           0.375 /   7.5           0.625 /   7.1           0.625 /   6.9           0.500 /   7.4           0.625 /   7.3           0.875 /   7.1           0.562 /   7.7           0.438 /   7.8           0.562 /   7.4           0.562 /   7.8           0.438 /   7.6           0.375 /   7.0           0.500 /   8.2           0.375 /   7.2           0.500 /   6.9
meta-dragon-ramp                 0.562 /   6.4           0.688 /   8.5           0.500 /   7.8           0.812 /  11.1           0.625 /   8.3           0.625 /  11.5           0.625 /  10.5           0.438 /  11.0           0.562 /   9.1           0.375 /   9.0           0.750 /   8.8           0.500 /   8.6           0.562 /   8.3           0.625 /   8.4           0.688 /   7.9           0.562 /   7.4
meta-forest-combo                0.500 /   7.5           0.438 /   8.0           0.500 /   7.9           0.562 /   7.4           0.562 /   7.8           0.375 /  10.5           0.750 /   8.9           0.500 /  11.5           0.250 /   8.4           0.562 /   8.6           0.438 /   8.2           0.500 /   9.0           0.688 /   8.8           0.688 /   8.1           0.625 /   8.0           0.562 /   8.7
meta-haven-amulet                0.750 /   7.5           0.750 /  10.0           0.438 /   7.9           0.625 /  10.2           0.625 /   9.9           0.500 /  14.0           0.562 /  11.4           0.688 /  14.6           0.562 /   9.2           0.500 /  10.4           0.500 /   8.9           0.375 /  10.3           0.500 /  10.6           0.562 /  10.2           0.625 /   8.9           0.500 /   8.6
meta-haven-evo                   0.562 /   6.8           0.625 /   8.2           0.438 /   8.3           0.688 /  10.8           0.562 /   8.8           0.625 /  13.0           0.500 /  11.9           0.500 /  10.5           0.750 /  10.1           0.500 /   9.8           0.562 /   9.5           0.562 /   9.1           0.688 /   9.4           0.750 /   9.5           0.562 /   8.6           0.562 /   8.5
meta-haven-kukishiro             0.562 /   8.2           0.500 /   8.2           0.750 /   9.4           0.500 /  10.8           0.438 /   9.0           0.438 /  13.8           0.500 /  11.0           0.500 /  16.1           0.500 /   8.8           0.500 /  10.2           0.500 /   9.2           0.500 /  10.8           0.625 /  11.0           0.562 /   8.8           0.500 /   9.4           0.500 /   7.8
meta-portal-af                   0.375 /   6.9           0.312 /   9.0           0.500 /   8.2           0.500 /   7.7           0.438 /   8.4           0.500 /  10.6           0.750 /   9.6           0.500 /   9.4           0.500 /   8.6           0.750 /   9.4           0.500 /   9.1           0.500 /   8.4           0.562 /   8.5           0.688 /   9.0           0.562 /   8.2           0.312 /   8.3
meta-portal-cutthroat            0.500 /   7.3           0.562 /   8.3           0.375 /   7.9           0.688 /   8.9           0.750 /   8.9           0.500 /  10.9           0.500 /   9.4           0.500 /  10.2           0.312 /   9.3           0.562 /   8.9           0.562 /   8.7           0.625 /   9.2           0.500 /   9.3           0.625 /   8.5           0.500 /   8.1           0.562 /   7.9
meta-portal-evo                  0.438 /   7.1           0.500 /   8.7           0.438 /   7.3           0.375 /   8.5           0.625 /   8.6           0.688 /  10.7           0.562 /   9.5           0.500 /   8.5           0.625 /   8.9           0.562 /   9.1           0.625 /   8.1           0.562 /   7.9           0.562 /   8.4           0.438 /   8.6           0.438 /   8.1           0.688 /   8.1
meta-rune-crystal                0.375 /   6.6           0.438 /   8.2           0.688 /   8.2           0.500 /   8.8           0.438 /   8.2           0.562 /  10.6           0.562 /   8.9           0.562 /  11.7           0.438 /   7.8           0.562 /   8.3           0.688 /   8.4           0.562 /   9.8           0.312 /   7.1           0.500 /   8.0           0.562 /   8.2           0.500 /   7.4
meta-rune-spell                  0.562 /   6.6           0.438 /   7.6           0.562 /   6.8           0.562 /   8.9           0.562 /   8.1           0.688 /  11.9           0.500 /   9.1           0.562 /  10.3           0.562 /   8.4           0.625 /   8.9           0.500 /   8.1           0.438 /   7.5           0.438 /   8.0           0.562 /   8.9           0.438 /   8.1           0.500 /   7.2
meta-rune-test-subject           0.375 /   7.2           0.250 /   8.2           0.625 /   7.9           0.625 /   8.5           0.500 /   8.4           0.625 /   9.4           0.625 /   9.2           0.562 /  10.1           0.625 /   8.4           0.625 /   8.8           0.688 /   8.8           0.500 /   8.3           0.562 /   8.3           0.438 /   8.6           0.500 /   8.6           0.688 /   8.2
meta-sword-loot                  0.625 /   7.2           0.375 /   7.7           0.688 /   7.2           0.625 /   9.0           0.750 /   8.9           0.438 /   9.4           0.500 /   8.8           0.562 /  10.6           0.688 /   8.2           0.562 /   8.2           0.500 /   8.2           0.562 /   7.9           0.500 /   8.1           0.438 /   8.1           0.500 /   7.7           0.562 /   7.2
meta-sword-rally                 0.375 /   7.2           0.688 /   8.2           0.562 /   7.5           0.625 /   7.9           0.438 /   8.3           0.812 /  10.4           0.750 /   9.0           0.500 /   8.2           0.750 /   9.1           0.500 /   9.4           0.750 /   8.8           0.562 /   7.4           0.688 /   7.7           0.375 /   8.1           0.688 /   7.9           0.625 /   7.9

A win rate over decisive games, Wilson 95% [lo, hi]
                              meta-abyss-aggro     meta-abyss-midrange       meta-dragon-aggro        meta-dragon-ramp       meta-forest-combo       meta-haven-amulet          meta-haven-evo    meta-haven-kukishiro          meta-portal-af   meta-portal-cutthroat         meta-portal-evo       meta-rune-crystal         meta-rune-spell  meta-rune-test-subject         meta-sword-loot        meta-sword-rally
meta-abyss-aggro          0.812 [0.570, 0.934]    0.438 [0.231, 0.668]    0.500 [0.280, 0.720]    0.688 [0.444, 0.858]    0.188 [0.066, 0.430]    0.688 [0.444, 0.858]    0.875 [0.640, 0.965]    0.688 [0.444, 0.858]    0.312 [0.142, 0.556]    0.500 [0.280, 0.720]    0.625 [0.386, 0.815]    0.688 [0.444, 0.858]    0.625 [0.386, 0.815]    0.438 [0.231, 0.668]    0.562 [0.332, 0.769]    0.688 [0.444, 0.858]
meta-abyss-midrange       0.438 [0.231, 0.668]    0.438 [0.231, 0.668]    0.500 [0.280, 0.720]    0.750 [0.505, 0.898]    0.625 [0.386, 0.815]    0.750 [0.505, 0.898]    0.375 [0.185, 0.614]    1.000 [0.806, 1.000]    0.688 [0.444, 0.858]    0.750 [0.505, 0.898]    0.375 [0.185, 0.614]    0.875 [0.640, 0.965]    0.500 [0.280, 0.720]    0.625 [0.386, 0.815]    0.625 [0.386, 0.815]    0.375 [0.185, 0.614]
meta-dragon-aggro         0.438 [0.231, 0.668]    0.375 [0.185, 0.614]    0.250 [0.102, 0.495]    0.750 [0.505, 0.898]    0.125 [0.035, 0.360]    0.875 [0.640, 0.965]    0.625 [0.386, 0.815]    0.812 [0.570, 0.934]    0.312 [0.142, 0.556]    0.562 [0.332, 0.769]    0.312 [0.142, 0.556]    0.688 [0.444, 0.858]    0.500 [0.280, 0.720]    0.250 [0.102, 0.495]    0.750 [0.505, 0.898]    0.625 [0.386, 0.815]
meta-dragon-ramp          0.312 [0.142, 0.556]    0.188 [0.066, 0.430]    0.375 [0.185, 0.614]    0.562 [0.332, 0.769]    0.500 [0.280, 0.720]    0.625 [0.386, 0.815]    0.250 [0.102, 0.495]    0.938 [0.717, 0.989]    0.188 [0.066, 0.430]    0.625 [0.386, 0.815]    0.375 [0.185, 0.614]    0.625 [0.386, 0.815]    0.438 [0.231, 0.668]    0.375 [0.185, 0.614]    0.562 [0.332, 0.769]    0.188 [0.066, 0.430]
meta-forest-combo         0.750 [0.505, 0.898]    0.438 [0.231, 0.668]    0.500 [0.280, 0.720]    0.688 [0.444, 0.858]    0.438 [0.231, 0.668]    0.500 [0.280, 0.720]    0.250 [0.102, 0.495]    0.500 [0.280, 0.720]    0.250 [0.102, 0.495]    0.312 [0.142, 0.556]    0.188 [0.066, 0.430]    0.500 [0.280, 0.720]    0.188 [0.066, 0.430]    0.312 [0.142, 0.556]    0.375 [0.185, 0.614]    0.312 [0.142, 0.556]
meta-haven-amulet         0.250 [0.102, 0.495]    0.250 [0.102, 0.495]    0.312 [0.142, 0.556]    0.125 [0.035, 0.360]    0.375 [0.185, 0.614]    0.250 [0.102, 0.495]    0.188 [0.066, 0.430]    0.688 [0.444, 0.858]    0.188 [0.066, 0.430]    0.125 [0.035, 0.360]    0.125 [0.035, 0.360]    0.375 [0.185, 0.614]    0.375 [0.185, 0.614]    0.312 [0.142, 0.556]    0.125 [0.035, 0.360]    0.125 [0.035, 0.360]
meta-haven-evo            0.312 [0.142, 0.556]    0.625 [0.386, 0.815]    0.562 [0.332, 0.769]    0.562 [0.332, 0.769]    0.438 [0.231, 0.668]    0.750 [0.505, 0.898]    0.625 [0.386, 0.815]    1.000 [0.806, 1.000]    0.750 [0.505, 0.898]    0.750 [0.505, 0.898]    0.562 [0.332, 0.769]    0.812 [0.570, 0.934]    0.812 [0.570, 0.934]    0.750 [0.505, 0.898]    0.562 [0.332, 0.769]    0.312 [0.142, 0.556]
meta-haven-kukishiro      0.312 [0.142, 0.556]    0.000 [0.000, 0.194]    0.375 [0.185, 0.614]    0.000 [0.000, 0.194]    0.062 [0.011, 0.283]    0.062 [0.011, 0.283]    0.000 [0.000, 0.194]    0.375 [0.185, 0.614]    0.000 [0.000, 0.194]    0.000 [0.000, 0.194]    0.000 [0.000, 0.194]    0.250 [0.102, 0.495]    0.250 [0.102, 0.495]    0.062 [0.011, 0.283]    0.000 [0.000, 0.194]    0.000 [0.000, 0.194]
meta-portal-af            0.500 [0.280, 0.720]    0.188 [0.066, 0.430]    0.875 [0.640, 0.965]    0.750 [0.505, 0.898]    0.812 [0.570, 0.934]    0.875 [0.640, 0.965]    0.250 [0.102, 0.495]    1.000 [0.806, 1.000]    0.500 [0.280, 0.720]    0.625 [0.386, 0.815]    0.750 [0.505, 0.898]    0.750 [0.505, 0.898]    0.688 [0.444, 0.858]    0.688 [0.444, 0.858]    0.688 [0.444, 0.858]    0.438 [0.231, 0.668]
meta-portal-cutthroat     0.375 [0.185, 0.614]    0.188 [0.066, 0.430]    0.500 [0.280, 0.720]    0.562 [0.332, 0.769]    0.500 [0.280, 0.720]    0.750 [0.505, 0.898]    0.250 [0.102, 0.495]    1.000 [0.806, 1.000]    0.438 [0.231, 0.668]    0.562 [0.332, 0.769]    0.188 [0.066, 0.430]    0.625 [0.386, 0.815]    0.750 [0.505, 0.898]    0.625 [0.386, 0.815]    0.250 [0.102, 0.495]    0.312 [0.142, 0.556]
meta-portal-evo           0.438 [0.231, 0.668]    0.500 [0.280, 0.720]    0.812 [0.570, 0.934]    0.500 [0.280, 0.720]    0.875 [0.640, 0.965]    0.812 [0.570, 0.934]    0.312 [0.142, 0.556]    1.000 [0.806, 1.000]    0.250 [0.102, 0.495]    0.438 [0.231, 0.668]    0.375 [0.185, 0.614]    0.688 [0.444, 0.858]    0.938 [0.717, 0.989]    0.812 [0.570, 0.934]    0.812 [0.570, 0.934]    0.312 [0.142, 0.556]
meta-rune-crystal         0.250 [0.102, 0.495]    0.062 [0.011, 0.283]    0.312 [0.142, 0.556]    0.250 [0.102, 0.495]    0.062 [0.011, 0.283]    0.438 [0.231, 0.668]    0.312 [0.142, 0.556]    0.688 [0.444, 0.858]    0.062 [0.011, 0.283]    0.438 [0.231, 0.668]    0.188 [0.066, 0.430]    0.312 [0.142, 0.556]    0.438 [0.231, 0.668]    0.125 [0.035, 0.360]    0.438 [0.231, 0.668]    0.000 [0.000, 0.194]
meta-rune-spell           0.312 [0.142, 0.556]    0.188 [0.066, 0.430]    0.438 [0.231, 0.668]    0.188 [0.066, 0.430]    0.062 [0.011, 0.283]    0.188 [0.066, 0.430]    0.125 [0.035, 0.360]    0.812 [0.570, 0.934]    0.062 [0.011, 0.283]    0.125 [0.035, 0.360]    0.125 [0.035, 0.360]    0.438 [0.231, 0.668]    0.312 [0.142, 0.556]    0.438 [0.231, 0.668]    0.438 [0.231, 0.668]    0.000 [0.000, 0.194]
meta-rune-test-subject    0.375 [0.185, 0.614]    0.250 [0.102, 0.495]    0.750 [0.505, 0.898]    0.500 [0.280, 0.720]    0.500 [0.280, 0.720]    0.750 [0.505, 0.898]    0.500 [0.280, 0.720]    0.938 [0.717, 0.989]    0.125 [0.035, 0.360]    0.500 [0.280, 0.720]    0.312 [0.142, 0.556]    0.750 [0.505, 0.898]    0.438 [0.231, 0.668]    0.562 [0.332, 0.769]    0.500 [0.280, 0.720]    0.312 [0.142, 0.556]
meta-sword-loot           0.500 [0.280, 0.720]    0.375 [0.185, 0.614]    0.312 [0.142, 0.556]    0.375 [0.185, 0.614]    0.500 [0.280, 0.720]    0.438 [0.231, 0.668]    0.625 [0.386, 0.815]    0.938 [0.717, 0.989]    0.312 [0.142, 0.556]    0.438 [0.231, 0.668]    0.250 [0.102, 0.495]    0.562 [0.332, 0.769]    0.375 [0.185, 0.614]    0.438 [0.231, 0.668]    0.500 [0.280, 0.720]    0.188 [0.066, 0.430]
meta-sword-rally          0.625 [0.386, 0.815]    0.438 [0.231, 0.668]    0.562 [0.332, 0.769]    0.750 [0.505, 0.898]    0.688 [0.444, 0.858]    0.562 [0.332, 0.769]    0.375 [0.185, 0.614]    1.000 [0.806, 1.000]    0.250 [0.102, 0.495]    0.500 [0.280, 0.720]    0.500 [0.280, 0.720]    0.938 [0.717, 0.989]    0.812 [0.570, 0.934]    0.750 [0.505, 0.898]    0.688 [0.444, 0.858]    0.375 [0.185, 0.614]

=== summary ===
h0:value=net,net=C:\Users\agban\projects\arena\results\net6\linear.json vs h0
games: 4096  decisive: 4096  draws: 0
policy_a win rate: 0.464 [0.449, 0.479]
first-player win rate: 0.537
mean turns: 8.64  mean actions: 85.02
end: lethal=4059 deckout=37 turn_cap=0 action_cap=0 no_legal=0 illegal=0
2358.163s  1.74 games/s  cpus=28
per deck:
  meta-abyss-aggro: policy_a (row) 0.582  policy_b (col) 0.562
  meta-abyss-midrange: policy_a (row) 0.605  policy_b (col) 0.691
  meta-dragon-aggro: policy_a (row) 0.516  policy_b (col) 0.504
  meta-dragon-ramp: policy_a (row) 0.445  policy_b (col) 0.500
  meta-forest-combo: policy_a (row) 0.406  policy_b (col) 0.578
  meta-haven-amulet: policy_a (row) 0.262  policy_b (col) 0.418
  meta-haven-evo: policy_a (row) 0.637  policy_b (col) 0.629
  meta-haven-kukishiro: policy_a (row) 0.109  policy_b (col) 0.164
  meta-portal-af: policy_a (row) 0.648  policy_b (col) 0.707
  meta-portal-cutthroat: policy_a (row) 0.492  policy_b (col) 0.547
  meta-portal-evo: policy_a (row) 0.617  policy_b (col) 0.672
  meta-rune-crystal: policy_a (row) 0.273  policy_b (col) 0.383
  meta-rune-spell: policy_a (row) 0.266  policy_b (col) 0.473
  meta-rune-test-subject: policy_a (row) 0.504  policy_b (col) 0.527
  meta-sword-loot: policy_a (row) 0.445  policy_b (col) 0.508
  meta-sword-rally: policy_a (row) 0.613  policy_b (col) 0.715

4096 games in 2358.163s (1.7 games/s)
wrote C:\Users\agban\projects\arena\results\net6\main-linear.json
