pool: meta
decks: 16 (meta-abyss-aggro, meta-abyss-midrange, meta-dragon-aggro, meta-dragon-ramp, meta-forest-combo, meta-haven-amulet, meta-haven-evo, meta-haven-kukishiro, meta-portal-af, meta-portal-cutthroat, meta-portal-evo, meta-rune-crystal, meta-rune-spell, meta-rune-test-subject, meta-sword-loot, meta-sword-rally)
pairs: 256 (16 x 16, mirrors included)
games    16 games/pair x 256 =  4096
matchup: 16 decks × 16 games = 4096 games (seed=1, policy_a=h0:value=net,net=C:\Users\agban\projects\arena\results\net6\mlp.json, policy_b=h0, first=alternate, threads=None)
Win rate (row = A, col = B; cell = A's win rate)
                              meta-abyss-aggro     meta-abyss-midrange       meta-dragon-aggro        meta-dragon-ramp       meta-forest-combo       meta-haven-amulet          meta-haven-evo    meta-haven-kukishiro          meta-portal-af   meta-portal-cutthroat         meta-portal-evo       meta-rune-crystal         meta-rune-spell  meta-rune-test-subject         meta-sword-loot        meta-sword-rally
meta-abyss-aggro                         0.688                   0.375                   0.375                   0.688                   0.250                   0.750                   0.750                   0.625                   0.188                   0.312                   0.438                   0.438                   0.438                   0.375                   0.375                   0.562
meta-abyss-midrange                      0.312                   0.375                   0.562                   0.750                   0.500                   0.500                   0.438                   1.000                   0.438                   0.625                   0.312                   1.000                   0.562                   0.562                   0.500                   0.625
meta-dragon-aggro                        0.250                   0.375                   0.125                   0.688                   0.375                   0.562                   0.750                   0.500                   0.188                   0.188                   0.188                   0.438                   0.438                   0.438                   0.500                   0.625
meta-dragon-ramp                         0.250                   0.312                   0.312                   0.375                   0.312                   0.438                   0.375                   0.938                   0.125                   0.438                   0.312                   0.312                   0.625                   0.375                   0.250                   0.250
meta-forest-combo                        0.562                   0.188                   0.625                   0.375                   0.250                   0.312                   0.125                   0.688                   0.125                   0.250                   0.188                   0.312                   0.312                   0.250                   0.562                   0.188
meta-haven-amulet                        0.250                   0.125                   0.188                   0.125                   0.188                   0.438                   0.062                   0.750                   0.000                   0.125                   0.000                   0.312                   0.500                   0.062                   0.250                   0.000
meta-haven-evo                           0.250                   0.312                   0.375                   0.250                   0.312                   0.625                   0.312                   0.938                   0.438                   0.312                   0.688                   0.750                   0.688                   0.375                   0.250                   0.375
meta-haven-kukishiro                     0.312                   0.000                   0.250                   0.000                   0.062                   0.000                   0.000                   0.625                   0.000                   0.000                   0.000                   0.312                   0.250                   0.000                   0.062                   0.000
meta-portal-af                           0.625                   0.375                   0.750                   0.438                   0.625                   0.562                   0.438                   0.938                   0.125                   0.562                   0.312                   0.812                   0.688                   0.875                   0.750                   0.062
meta-portal-cutthroat                    0.250                   0.250                   0.375                   0.250                   0.250                   0.500                   0.062                   0.875                   0.062                   0.188                   0.062                   0.188                   0.250                   0.188                   0.125                   0.125
meta-portal-evo                          0.312                   0.375                   0.875                   0.312                   0.562                   0.438                   0.188                   1.000                   0.250                   0.438                   0.250                   0.938                   0.438                   0.750                   0.688                   0.250
meta-rune-crystal                        0.250                   0.062                   0.250                   0.188                   0.062                   0.375                   0.062                   0.625                   0.000                   0.375                   0.062                   0.125                   0.250                   0.125                   0.000                   0.000
meta-rune-spell                          0.188                   0.000                   0.250                   0.188                   0.188                   0.062                   0.062                   0.812                   0.000                   0.312                   0.000                   0.375                   0.125                   0.438                   0.312                   0.125
meta-rune-test-subject                   0.312                   0.000                   0.375                   0.250                   0.625                   0.312                   0.125                   0.812                   0.188                   0.500                   0.188                   0.562                   0.312                   0.375                   0.562                   0.188
meta-sword-loot                          0.500                   0.125                   0.500                   0.562                   0.375                   0.250                   0.375                   1.000                   0.125                   0.188                   0.062                   0.312                   0.438                   0.312                   0.438                   0.250
meta-sword-rally                         0.500                   0.188                   0.438                   0.625                   0.625                   0.750                   0.375                   1.000                   0.125                   0.688                   0.562                   0.812                   0.562                   0.250                   0.812                   0.312

First-player win rate / mean turns
                              meta-abyss-aggro     meta-abyss-midrange       meta-dragon-aggro        meta-dragon-ramp       meta-forest-combo       meta-haven-amulet          meta-haven-evo    meta-haven-kukishiro          meta-portal-af   meta-portal-cutthroat         meta-portal-evo       meta-rune-crystal         meta-rune-spell  meta-rune-test-subject         meta-sword-loot        meta-sword-rally
meta-abyss-aggro                 0.688 /   7.0           0.500 /   6.6           0.750 /   7.1           0.688 /   6.3           0.500 /   6.6           0.375 /   6.9           0.250 /   6.6           0.625 /   7.2           0.438 /   6.7           0.562 /   7.3           0.438 /   6.5           0.562 /   7.2           0.562 /   6.6           0.500 /   6.9           0.625 /   6.6           0.438 /   6.3
meta-abyss-midrange              0.438 /   6.7           0.500 /   8.3           0.312 /   8.1           0.500 /   7.6           0.500 /   8.8           0.500 /   9.9           0.688 /   8.6           0.500 /   8.9           0.438 /   8.6           0.625 /   8.1           0.438 /   8.5           0.500 /   8.6           0.438 /   8.3           0.562 /   8.3           0.375 /   7.6           0.500 /   8.2
meta-dragon-aggro                0.375 /   6.1           0.375 /   7.0           0.625 /   6.8           0.812 /   6.8           0.500 /   6.8           0.688 /   8.4           0.750 /   7.0           0.500 /   9.0           0.312 /   6.6           0.688 /   8.0           0.688 /   7.2           0.562 /   7.3           0.562 /   7.1           0.312 /   7.2           0.625 /   7.7           0.500 /   6.8
meta-dragon-ramp                 0.625 /   6.5           0.688 /   7.7           0.562 /   7.6           0.625 /   8.1           0.562 /   7.8           0.562 /  10.6           0.625 /   9.7           0.438 /  11.9           0.500 /   8.4           0.312 /   9.0           0.438 /   8.0           0.688 /   8.4           0.500 /   9.1           0.625 /   8.1           0.500 /   7.1           0.500 /   7.4
meta-forest-combo                0.562 /   7.5           0.438 /   7.2           0.375 /   7.8           0.500 /   8.4           0.500 /   8.8           0.312 /   9.9           0.625 /   8.3           0.562 /  10.4           0.500 /   7.4           0.375 /   8.6           0.438 /   8.1           0.562 /   8.4           0.562 /   7.8           0.500 /   7.6           0.562 /   8.4           0.562 /   7.7
meta-haven-amulet                0.625 /   7.5           0.500 /   9.5           0.688 /   7.7           0.500 /   9.5           0.438 /   9.9           0.438 /  14.1           0.438 /  11.3           0.250 /  13.6           0.500 /   8.1           0.500 /   9.4           0.500 /   8.1           0.562 /   9.6           0.625 /  12.1           0.562 /   8.8           0.625 /  10.1           0.500 /   8.5
meta-haven-evo                   0.375 /   6.8           0.562 /   8.3           0.500 /   8.2           0.625 /   9.6           0.812 /   8.5           0.750 /  13.7           0.562 /  11.1           0.562 /  10.4           0.562 /   9.0           0.562 /   9.1           0.812 /  10.0           0.625 /   9.1           0.562 /   9.9           0.625 /   8.8           0.625 /   8.5           0.500 /   7.8
meta-haven-kukishiro             0.688 /   9.0           0.500 /   7.8           0.500 /   8.7           0.500 /  11.5           0.562 /  10.2           0.500 /  12.4           0.500 /   9.6           0.375 /  15.1           0.500 /   8.0           0.500 /   9.7           0.500 /   7.6           0.562 /  10.6           0.375 /  10.6           0.500 /   8.5           0.562 /   9.8           0.500 /   7.4
meta-portal-af                   0.750 /   7.7           0.500 /   8.4           0.375 /   8.1           0.688 /   7.8           0.375 /   8.8           0.688 /  11.7           0.562 /   8.7           0.438 /   9.2           0.500 /   8.6           0.562 /   9.2           0.438 /   8.8           0.688 /   8.4           0.562 /   8.2           0.625 /   9.1           0.625 /   8.4           0.562 /   7.2
meta-portal-cutthroat            0.750 /   7.4           0.375 /   7.6           0.500 /   7.1           0.625 /   8.0           0.500 /   8.8           0.500 /  10.5           0.438 /   8.4           0.625 /  10.3           0.438 /   8.2           0.312 /   9.4           0.438 /   8.1           0.562 /   8.2           0.500 /   7.8           0.562 /   8.2           0.500 /   7.4           0.625 /   8.0
meta-portal-evo                  0.562 /   7.1           0.250 /   8.9           0.500 /   8.0           0.438 /   8.7           0.562 /   8.8           0.438 /  11.1           0.562 /   8.4           0.500 /   8.9           0.750 /   8.9           0.688 /   7.9           0.625 /   8.9           0.562 /   8.9           0.562 /   7.8           0.625 /   8.1           0.562 /   8.6           0.625 /   7.8
meta-rune-crystal                0.500 /   6.9           0.438 /   7.2           0.375 /   7.8           0.562 /   9.2           0.562 /   7.4           0.500 /  10.2           0.438 /   8.0           0.625 /  11.6           0.500 /   7.2           0.500 /   7.5           0.562 /   7.7           0.625 /   9.0           0.375 /   7.7           0.500 /   7.8           0.500 /   7.4           0.500 /   7.6
meta-rune-spell                  0.438 /   6.6           0.500 /   7.4           0.750 /   7.1           0.688 /   8.2           0.438 /   7.2           0.562 /  11.6           0.438 /   8.9           0.438 /   9.9           0.500 /   6.9           0.438 /   8.1           0.500 /   7.6           0.500 /   7.5           0.625 /   9.1           0.438 /   8.3           0.312 /   7.6           0.375 /   6.9
meta-rune-test-subject           0.438 /   7.4           0.500 /   7.6           0.500 /   7.7           0.500 /   7.9           0.625 /   8.0           0.562 /  10.6           0.625 /   8.8           0.688 /   9.2           0.688 /   9.0           0.375 /   8.6           0.688 /   8.9           0.688 /   8.3           0.312 /   8.1           0.500 /   8.9           0.562 /   8.0           0.562 /   7.9
meta-sword-loot                  0.625 /   7.1           0.375 /   7.1           0.250 /   7.8           0.562 /   8.0           0.625 /   8.5           0.750 /  10.4           0.625 /   8.4           0.500 /   9.6           0.625 /   7.6           0.562 /   8.1           0.438 /   7.2           0.562 /   8.1           0.688 /   7.8           0.562 /   7.9           0.562 /   7.9           0.625 /   6.9
meta-sword-rally                 0.250 /   7.2           0.562 /   8.2           0.562 /   7.6           0.750 /   7.2           0.500 /   9.0           0.625 /   9.9           0.625 /   8.3           0.500 /   8.2           0.625 /   9.4           0.562 /   8.3           0.438 /   8.1           0.562 /   7.9           0.562 /   8.2           0.375 /   7.8           0.688 /   8.6           0.562 /   7.6

A win rate over decisive games, Wilson 95% [lo, hi]
                              meta-abyss-aggro     meta-abyss-midrange       meta-dragon-aggro        meta-dragon-ramp       meta-forest-combo       meta-haven-amulet          meta-haven-evo    meta-haven-kukishiro          meta-portal-af   meta-portal-cutthroat         meta-portal-evo       meta-rune-crystal         meta-rune-spell  meta-rune-test-subject         meta-sword-loot        meta-sword-rally
meta-abyss-aggro          0.688 [0.444, 0.858]    0.375 [0.185, 0.614]    0.375 [0.185, 0.614]    0.688 [0.444, 0.858]    0.250 [0.102, 0.495]    0.750 [0.505, 0.898]    0.750 [0.505, 0.898]    0.625 [0.386, 0.815]    0.188 [0.066, 0.430]    0.312 [0.142, 0.556]    0.438 [0.231, 0.668]    0.438 [0.231, 0.668]    0.438 [0.231, 0.668]    0.375 [0.185, 0.614]    0.375 [0.185, 0.614]    0.562 [0.332, 0.769]
meta-abyss-midrange       0.312 [0.142, 0.556]    0.375 [0.185, 0.614]    0.562 [0.332, 0.769]    0.750 [0.505, 0.898]    0.500 [0.280, 0.720]    0.500 [0.280, 0.720]    0.438 [0.231, 0.668]    1.000 [0.806, 1.000]    0.438 [0.231, 0.668]    0.625 [0.386, 0.815]    0.312 [0.142, 0.556]    1.000 [0.806, 1.000]    0.562 [0.332, 0.769]    0.562 [0.332, 0.769]    0.500 [0.280, 0.720]    0.625 [0.386, 0.815]
meta-dragon-aggro         0.250 [0.102, 0.495]    0.375 [0.185, 0.614]    0.125 [0.035, 0.360]    0.688 [0.444, 0.858]    0.375 [0.185, 0.614]    0.562 [0.332, 0.769]    0.750 [0.505, 0.898]    0.500 [0.280, 0.720]    0.188 [0.066, 0.430]    0.188 [0.066, 0.430]    0.188 [0.066, 0.430]    0.438 [0.231, 0.668]    0.438 [0.231, 0.668]    0.438 [0.231, 0.668]    0.500 [0.280, 0.720]    0.625 [0.386, 0.815]
meta-dragon-ramp          0.250 [0.102, 0.495]    0.312 [0.142, 0.556]    0.312 [0.142, 0.556]    0.375 [0.185, 0.614]    0.312 [0.142, 0.556]    0.438 [0.231, 0.668]    0.375 [0.185, 0.614]    0.938 [0.717, 0.989]    0.125 [0.035, 0.360]    0.438 [0.231, 0.668]    0.312 [0.142, 0.556]    0.312 [0.142, 0.556]    0.625 [0.386, 0.815]    0.375 [0.185, 0.614]    0.250 [0.102, 0.495]    0.250 [0.102, 0.495]
meta-forest-combo         0.562 [0.332, 0.769]    0.188 [0.066, 0.430]    0.625 [0.386, 0.815]    0.375 [0.185, 0.614]    0.250 [0.102, 0.495]    0.312 [0.142, 0.556]    0.125 [0.035, 0.360]    0.688 [0.444, 0.858]    0.125 [0.035, 0.360]    0.250 [0.102, 0.495]    0.188 [0.066, 0.430]    0.312 [0.142, 0.556]    0.312 [0.142, 0.556]    0.250 [0.102, 0.495]    0.562 [0.332, 0.769]    0.188 [0.066, 0.430]
meta-haven-amulet         0.250 [0.102, 0.495]    0.125 [0.035, 0.360]    0.188 [0.066, 0.430]    0.125 [0.035, 0.360]    0.188 [0.066, 0.430]    0.438 [0.231, 0.668]    0.062 [0.011, 0.283]    0.750 [0.505, 0.898]    0.000 [0.000, 0.194]    0.125 [0.035, 0.360]    0.000 [0.000, 0.194]    0.312 [0.142, 0.556]    0.500 [0.280, 0.720]    0.062 [0.011, 0.283]    0.250 [0.102, 0.495]    0.000 [0.000, 0.194]
meta-haven-evo            0.250 [0.102, 0.495]    0.312 [0.142, 0.556]    0.375 [0.185, 0.614]    0.250 [0.102, 0.495]    0.312 [0.142, 0.556]    0.625 [0.386, 0.815]    0.312 [0.142, 0.556]    0.938 [0.717, 0.989]    0.438 [0.231, 0.668]    0.312 [0.142, 0.556]    0.688 [0.444, 0.858]    0.750 [0.505, 0.898]    0.688 [0.444, 0.858]    0.375 [0.185, 0.614]    0.250 [0.102, 0.495]    0.375 [0.185, 0.614]
meta-haven-kukishiro      0.312 [0.142, 0.556]    0.000 [0.000, 0.194]    0.250 [0.102, 0.495]    0.000 [0.000, 0.194]    0.062 [0.011, 0.283]    0.000 [0.000, 0.194]    0.000 [0.000, 0.194]    0.625 [0.386, 0.815]    0.000 [0.000, 0.194]    0.000 [0.000, 0.194]    0.000 [0.000, 0.194]    0.312 [0.142, 0.556]    0.250 [0.102, 0.495]    0.000 [0.000, 0.194]    0.062 [0.011, 0.283]    0.000 [0.000, 0.194]
meta-portal-af            0.625 [0.386, 0.815]    0.375 [0.185, 0.614]    0.750 [0.505, 0.898]    0.438 [0.231, 0.668]    0.625 [0.386, 0.815]    0.562 [0.332, 0.769]    0.438 [0.231, 0.668]    0.938 [0.717, 0.989]    0.125 [0.035, 0.360]    0.562 [0.332, 0.769]    0.312 [0.142, 0.556]    0.812 [0.570, 0.934]    0.688 [0.444, 0.858]    0.875 [0.640, 0.965]    0.750 [0.505, 0.898]    0.062 [0.011, 0.283]
meta-portal-cutthroat     0.250 [0.102, 0.495]    0.250 [0.102, 0.495]    0.375 [0.185, 0.614]    0.250 [0.102, 0.495]    0.250 [0.102, 0.495]    0.500 [0.280, 0.720]    0.062 [0.011, 0.283]    0.875 [0.640, 0.965]    0.062 [0.011, 0.283]    0.188 [0.066, 0.430]    0.062 [0.011, 0.283]    0.188 [0.066, 0.430]    0.250 [0.102, 0.495]    0.188 [0.066, 0.430]    0.125 [0.035, 0.360]    0.125 [0.035, 0.360]
meta-portal-evo           0.312 [0.142, 0.556]    0.375 [0.185, 0.614]    0.875 [0.640, 0.965]    0.312 [0.142, 0.556]    0.562 [0.332, 0.769]    0.438 [0.231, 0.668]    0.188 [0.066, 0.430]    1.000 [0.806, 1.000]    0.250 [0.102, 0.495]    0.438 [0.231, 0.668]    0.250 [0.102, 0.495]    0.938 [0.717, 0.989]    0.438 [0.231, 0.668]    0.750 [0.505, 0.898]    0.688 [0.444, 0.858]    0.250 [0.102, 0.495]
meta-rune-crystal         0.250 [0.102, 0.495]    0.062 [0.011, 0.283]    0.250 [0.102, 0.495]    0.188 [0.066, 0.430]    0.062 [0.011, 0.283]    0.375 [0.185, 0.614]    0.062 [0.011, 0.283]    0.625 [0.386, 0.815]    0.000 [0.000, 0.194]    0.375 [0.185, 0.614]    0.062 [0.011, 0.283]    0.125 [0.035, 0.360]    0.250 [0.102, 0.495]    0.125 [0.035, 0.360]    0.000 [0.000, 0.194]    0.000 [0.000, 0.194]
meta-rune-spell           0.188 [0.066, 0.430]    0.000 [0.000, 0.194]    0.250 [0.102, 0.495]    0.188 [0.066, 0.430]    0.188 [0.066, 0.430]    0.062 [0.011, 0.283]    0.062 [0.011, 0.283]    0.812 [0.570, 0.934]    0.000 [0.000, 0.194]    0.312 [0.142, 0.556]    0.000 [0.000, 0.194]    0.375 [0.185, 0.614]    0.125 [0.035, 0.360]    0.438 [0.231, 0.668]    0.312 [0.142, 0.556]    0.125 [0.035, 0.360]
meta-rune-test-subject    0.312 [0.142, 0.556]    0.000 [0.000, 0.194]    0.375 [0.185, 0.614]    0.250 [0.102, 0.495]    0.625 [0.386, 0.815]    0.312 [0.142, 0.556]    0.125 [0.035, 0.360]    0.812 [0.570, 0.934]    0.188 [0.066, 0.430]    0.500 [0.280, 0.720]    0.188 [0.066, 0.430]    0.562 [0.332, 0.769]    0.312 [0.142, 0.556]    0.375 [0.185, 0.614]    0.562 [0.332, 0.769]    0.188 [0.066, 0.430]
meta-sword-loot           0.500 [0.280, 0.720]    0.125 [0.035, 0.360]    0.500 [0.280, 0.720]    0.562 [0.332, 0.769]    0.375 [0.185, 0.614]    0.250 [0.102, 0.495]    0.375 [0.185, 0.614]    1.000 [0.806, 1.000]    0.125 [0.035, 0.360]    0.188 [0.066, 0.430]    0.062 [0.011, 0.283]    0.312 [0.142, 0.556]    0.438 [0.231, 0.668]    0.312 [0.142, 0.556]    0.438 [0.231, 0.668]    0.250 [0.102, 0.495]
meta-sword-rally          0.500 [0.280, 0.720]    0.188 [0.066, 0.430]    0.438 [0.231, 0.668]    0.625 [0.386, 0.815]    0.625 [0.386, 0.815]    0.750 [0.505, 0.898]    0.375 [0.185, 0.614]    1.000 [0.806, 1.000]    0.125 [0.035, 0.360]    0.688 [0.444, 0.858]    0.562 [0.332, 0.769]    0.812 [0.570, 0.934]    0.562 [0.332, 0.769]    0.250 [0.102, 0.495]    0.812 [0.570, 0.934]    0.312 [0.142, 0.556]

=== summary ===
h0:value=net,net=C:\Users\agban\projects\arena\results\net6\mlp.json vs h0
games: 4096  decisive: 4096  draws: 0
policy_a win rate: 0.369 [0.354, 0.384]
first-player win rate: 0.533
mean turns: 8.40  mean actions: 83.30
end: lethal=4071 deckout=25 turn_cap=0 action_cap=0 no_legal=0 illegal=0
2519.272s  1.63 games/s  cpus=28
per deck:
  meta-abyss-aggro: policy_a (row) 0.477  policy_b (col) 0.637
  meta-abyss-midrange: policy_a (row) 0.566  policy_b (col) 0.785
  meta-dragon-aggro: policy_a (row) 0.414  policy_b (col) 0.586
  meta-dragon-ramp: policy_a (row) 0.375  policy_b (col) 0.621
  meta-forest-combo: policy_a (row) 0.332  policy_b (col) 0.652
  meta-haven-amulet: policy_a (row) 0.211  policy_b (col) 0.570
  meta-haven-evo: policy_a (row) 0.453  policy_b (col) 0.719
  meta-haven-kukishiro: policy_a (row) 0.117  policy_b (col) 0.180
  meta-portal-af: policy_a (row) 0.559  policy_b (col) 0.852
  meta-portal-cutthroat: policy_a (row) 0.250  policy_b (col) 0.656
  meta-portal-evo: policy_a (row) 0.504  policy_b (col) 0.773
  meta-rune-crystal: policy_a (row) 0.176  policy_b (col) 0.500
  meta-rune-spell: policy_a (row) 0.215  policy_b (col) 0.570
  meta-rune-test-subject: policy_a (row) 0.355  policy_b (col) 0.641
  meta-sword-loot: policy_a (row) 0.363  policy_b (col) 0.598
  meta-sword-rally: policy_a (row) 0.539  policy_b (col) 0.754

4096 games in 2519.272s (1.6 games/s)
wrote C:\Users\agban\projects\arena\results\net6\main-mlp.json
