matchup: 16 decks × 24 games = 6144 games (seed=302, policy_a=h0, policy_b=h0, first=alternate, threads=None)
Win rate (row = A, col = B; cell = A's win rate)
                           abyss-p8rfn              abyss-pool          afnm-minatodao            basic-forest            basic-portal              basic-rune             dragon-pool            elf-neanisu2             forest-pool             portal-pool              ramp-37772           ramp-claywies            royal-nattui             rune-mach15               rune-pool              sword-pool
abyss-p8rfn                      0.417                   0.833                   0.708                   0.833                   0.958                   0.958                   0.792                   0.583                   0.667                   0.917                   0.458                   0.625                   0.833                   0.792                   0.917                   0.833
abyss-pool                       0.125                   0.667                   0.042                   0.958                   0.708                   0.958                   0.458                   0.208                   0.333                   0.458                   0.250                   0.333                   0.125                   0.375                   0.708                   0.333
afnm-minatodao                   0.500                   0.875                   0.625                   1.000                   1.000                   1.000                   1.000                   0.708                   0.750                   0.792                   0.750                   0.708                   0.542                   0.667                   1.000                   0.958
basic-forest                     0.042                   0.125                   0.000                   0.667                   0.250                   0.542                   0.125                   0.083                   0.125                   0.333                   0.208                   0.208                   0.125                   0.042                   0.167                   0.167
basic-portal                     0.042                   0.250                   0.042                   0.500                   0.458                   0.667                   0.125                   0.042                   0.125                   0.583                   0.083                   0.208                   0.208                   0.167                   0.500                   0.167
basic-rune                       0.000                   0.083                   0.042                   0.208                   0.375                   0.500                   0.083                   0.083                   0.125                   0.250                   0.000                   0.083                   0.042                   0.083                   0.208                   0.083
dragon-pool                      0.167                   0.625                   0.083                   0.750                   0.875                   0.750                   0.458                   0.208                   0.542                   0.458                   0.417                   0.167                   0.208                   0.417                   0.875                   0.292
elf-neanisu2                     0.250                   0.875                   0.208                   0.958                   0.875                   0.958                   0.750                   0.500                   0.542                   0.833                   0.583                   0.708                   0.500                   0.625                   0.958                   0.833
forest-pool                      0.333                   0.417                   0.292                   0.917                   0.708                   0.917                   0.458                   0.375                   0.458                   0.500                   0.417                   0.375                   0.333                   0.417                   0.958                   0.500
portal-pool                      0.250                   0.292                   0.125                   0.667                   0.750                   0.792                   0.375                   0.167                   0.292                   0.625                   0.292                   0.292                   0.042                   0.250                   0.917                   0.333
ramp-37772                       0.292                   0.792                   0.167                   0.917                   0.875                   0.875                   0.875                   0.375                   0.708                   0.833                   0.542                   0.417                   0.500                   0.583                   1.000                   0.667
ramp-claywies                    0.333                   0.625                   0.167                   0.875                   0.875                   0.958                   0.792                   0.333                   0.583                   0.750                   0.625                   0.458                   0.417                   0.458                   0.958                   0.542
royal-nattui                     0.375                   0.875                   0.333                   0.917                   0.875                   1.000                   0.750                   0.333                   0.708                   0.833                   0.667                   0.542                   0.625                   0.500                   0.958                   0.750
rune-mach15                      0.208                   0.708                   0.250                   1.000                   0.792                   0.833                   0.708                   0.375                   0.500                   0.750                   0.500                   0.625                   0.500                   0.583                   0.875                   0.625
rune-pool                        0.000                   0.167                   0.000                   0.667                   0.583                   0.667                   0.167                   0.125                   0.208                   0.292                   0.000                   0.083                   0.125                   0.167                   0.500                   0.250
sword-pool                       0.250                   0.792                   0.208                   0.875                   1.000                   0.958                   0.583                   0.292                   0.542                   0.792                   0.292                   0.333                   0.208                   0.500                   0.833                   0.542

First-player win rate / mean turns
                           abyss-p8rfn              abyss-pool          afnm-minatodao            basic-forest            basic-portal              basic-rune             dragon-pool            elf-neanisu2             forest-pool             portal-pool              ramp-37772           ramp-claywies            royal-nattui             rune-mach15               rune-pool              sword-pool
abyss-p8rfn              0.667 /   9.0           0.583 /   7.7           0.542 /   8.2           0.500 /   7.8           0.542 /   7.4           0.458 /   7.2           0.625 /   8.2           0.750 /   8.7           0.500 /   8.5           0.500 /   7.9           0.708 /   8.2           0.542 /   8.5           0.583 /   8.5           0.625 /   8.4           0.500 /   7.6           0.583 /   8.4
abyss-pool               0.458 /   8.1           0.583 /   9.1           0.458 /   7.9           0.542 /   7.8           0.458 /   8.4           0.458 /   6.9           0.542 /   8.3           0.625 /   8.0           0.417 /   9.4           0.458 /   7.8           0.583 /   8.1           0.500 /   8.3           0.458 /   8.1           0.625 /   8.4           0.458 /   8.6           0.667 /   8.4
afnm-minatodao           0.500 /   8.7           0.542 /   7.9           0.708 /   8.4           0.500 /   7.3           0.500 /   7.8           0.500 /   6.8           0.500 /   7.9           0.375 /   8.3           0.417 /   7.8           0.542 /   7.6           0.500 /   8.0           0.542 /   7.8           0.375 /   8.1           0.417 /   8.4           0.500 /   7.7           0.542 /   7.9
basic-forest             0.542 /   7.4           0.458 /   8.1           0.500 /   7.4           0.583 /   9.0           0.500 /   8.5           0.542 /   8.1           0.458 /   7.4           0.417 /   7.9           0.625 /   8.3           0.750 /   8.6           0.625 /   8.6           0.458 /   8.0           0.542 /   8.0           0.458 /   9.0           0.417 /   8.5           0.417 /   8.0
basic-portal             0.542 /   8.4           0.583 /   7.8           0.458 /   7.5           0.417 /   8.8           0.542 /   8.9           0.583 /   8.1           0.458 /   8.2           0.458 /   8.2           0.458 /   9.5           0.667 /   8.8           0.500 /   8.7           0.542 /   8.7           0.708 /   8.5           0.583 /   8.2           0.500 /   9.2           0.583 /   8.3
basic-rune               0.500 /   7.3           0.417 /   7.1           0.458 /   6.7           0.625 /   8.0           0.375 /   8.5           0.417 /   7.9           0.500 /   7.7           0.417 /   7.2           0.625 /   7.8           0.417 /   7.9           0.500 /   7.9           0.417 /   7.6           0.542 /   7.0           0.417 /   7.8           0.458 /   8.4           0.500 /   7.8
dragon-pool              0.417 /   7.8           0.542 /   7.8           0.417 /   7.5           0.417 /   8.1           0.458 /   8.1           0.667 /   7.7           0.625 /   8.0           0.375 /   7.8           0.375 /   8.0           0.458 /   8.3           0.667 /   8.1           0.417 /   8.9           0.708 /   7.9           0.667 /   8.0           0.542 /   9.0           0.625 /   8.2
elf-neanisu2             0.417 /   8.9           0.542 /   8.5           0.542 /   8.4           0.458 /   7.8           0.542 /   8.4           0.458 /   7.0           0.583 /   8.9           0.583 /   8.8           0.708 /   8.6           0.583 /   7.8           0.583 /   8.2           0.375 /   8.0           0.667 /   8.5           0.625 /   8.8           0.542 /   8.1           0.583 /   8.0
forest-pool              0.500 /   8.5           0.583 /   8.2           0.458 /   7.7           0.500 /   9.0           0.542 /   9.0           0.583 /   7.5           0.708 /   9.1           0.708 /   8.8           0.625 /   9.5           0.583 /   8.7           0.500 /   8.6           0.542 /   9.5           0.750 /   8.7           0.583 /   9.1           0.542 /   9.2           0.500 /   9.6
portal-pool              0.667 /   7.8           0.625 /   8.2           0.458 /   7.4           0.500 /   8.0           0.500 /   8.4           0.708 /   7.3           0.542 /   7.8           0.500 /   7.5           0.625 /   8.6           0.375 /   8.0           0.708 /   8.7           0.542 /   8.2           0.542 /   7.5           0.500 /   8.0           0.417 /   8.3           0.583 /   8.6
ramp-37772               0.625 /   8.9           0.542 /   8.8           0.583 /   8.0           0.583 /   8.2           0.542 /   8.8           0.542 /   8.1           0.625 /   8.6           0.708 /   8.5           0.625 /   9.1           0.667 /   8.6           0.542 /  10.1           0.500 /   8.8           0.583 /   9.6           0.417 /   9.2           0.500 /   8.0           0.500 /  10.2
ramp-claywies            0.500 /   8.6           0.542 /   7.8           0.500 /   8.0           0.458 /   8.0           0.542 /   8.5           0.542 /   7.8           0.625 /   8.8           0.333 /   9.0           0.583 /   9.8           0.500 /   8.6           0.708 /   9.3           0.542 /   9.5           0.667 /   8.2           0.542 /   8.4           0.458 /   8.0           0.542 /   9.4
royal-nattui             0.625 /   8.0           0.458 /   8.0           0.500 /   8.0           0.583 /   8.2           0.542 /   8.4           0.500 /   7.3           0.500 /   7.9           0.667 /   8.3           0.542 /   9.4           0.500 /   8.2           0.583 /   8.0           0.708 /   8.6           0.625 /   9.0           0.583 /   8.0           0.542 /   8.2           0.750 /   8.9
rune-mach15              0.708 /   8.0           0.708 /   9.3           0.500 /   8.7           0.500 /   8.5           0.458 /   8.6           0.583 /   8.2           0.625 /   9.0           0.458 /   8.9           0.583 /   9.5           0.583 /   7.8           0.500 /   8.8           0.625 /   8.4           0.583 /   8.6           0.500 /   9.5           0.625 /   8.9           0.458 /   9.3
rune-pool                0.500 /   7.7           0.417 /   7.6           0.500 /   7.3           0.583 /   9.0           0.583 /   9.4           0.583 /   8.4           0.500 /   9.0           0.542 /   8.0           0.625 /   9.3           0.625 /   8.5           0.500 /   8.5           0.500 /   8.3           0.542 /   8.0           0.500 /   9.0           0.583 /  10.5           0.417 /   9.7
sword-pool               0.583 /   8.2           0.625 /   9.4           0.625 /   8.8           0.458 /   8.3           0.500 /   8.2           0.542 /   7.9           0.500 /   8.9           0.625 /   8.2           0.625 /   9.2           0.542 /   8.3           0.458 /   9.5           0.500 /   9.0           0.708 /   8.1           0.667 /   9.7           0.500 /   9.8           0.625 /   9.0

A win rate over decisive games, Wilson 95% [lo, hi]
                           abyss-p8rfn              abyss-pool          afnm-minatodao            basic-forest            basic-portal              basic-rune             dragon-pool            elf-neanisu2             forest-pool             portal-pool              ramp-37772           ramp-claywies            royal-nattui             rune-mach15               rune-pool              sword-pool
abyss-p8rfn       0.417 [0.245, 0.612]    0.833 [0.641, 0.933]    0.708 [0.508, 0.851]    0.833 [0.641, 0.933]    0.958 [0.798, 0.993]    0.958 [0.798, 0.993]    0.792 [0.595, 0.908]    0.583 [0.388, 0.755]    0.667 [0.467, 0.820]    0.917 [0.742, 0.977]    0.458 [0.279, 0.649]    0.625 [0.427, 0.788]    0.833 [0.641, 0.933]    0.792 [0.595, 0.908]    0.917 [0.742, 0.977]    0.833 [0.641, 0.933]
abyss-pool        0.125 [0.043, 0.310]    0.667 [0.467, 0.820]    0.042 [0.007, 0.202]    0.958 [0.798, 0.993]    0.708 [0.508, 0.851]    0.958 [0.798, 0.993]    0.458 [0.279, 0.649]    0.208 [0.092, 0.405]    0.333 [0.180, 0.533]    0.458 [0.279, 0.649]    0.250 [0.120, 0.449]    0.333 [0.180, 0.533]    0.125 [0.043, 0.310]    0.375 [0.212, 0.573]    0.708 [0.508, 0.851]    0.333 [0.180, 0.533]
afnm-minatodao    0.500 [0.314, 0.686]    0.875 [0.690, 0.957]    0.625 [0.427, 0.788]    1.000 [0.862, 1.000]    1.000 [0.862, 1.000]    1.000 [0.862, 1.000]    1.000 [0.862, 1.000]    0.708 [0.508, 0.851]    0.750 [0.551, 0.880]    0.792 [0.595, 0.908]    0.750 [0.551, 0.880]    0.708 [0.508, 0.851]    0.542 [0.351, 0.721]    0.667 [0.467, 0.820]    1.000 [0.862, 1.000]    0.958 [0.798, 0.993]
basic-forest      0.042 [0.007, 0.202]    0.125 [0.043, 0.310]    0.000 [0.000, 0.138]    0.667 [0.467, 0.820]    0.250 [0.120, 0.449]    0.542 [0.351, 0.721]    0.125 [0.043, 0.310]    0.083 [0.023, 0.258]    0.125 [0.043, 0.310]    0.333 [0.180, 0.533]    0.208 [0.092, 0.405]    0.208 [0.092, 0.405]    0.125 [0.043, 0.310]    0.042 [0.007, 0.202]    0.167 [0.067, 0.359]    0.167 [0.067, 0.359]
basic-portal      0.042 [0.007, 0.202]    0.250 [0.120, 0.449]    0.042 [0.007, 0.202]    0.500 [0.314, 0.686]    0.458 [0.279, 0.649]    0.667 [0.467, 0.820]    0.125 [0.043, 0.310]    0.042 [0.007, 0.202]    0.125 [0.043, 0.310]    0.583 [0.388, 0.755]    0.083 [0.023, 0.258]    0.208 [0.092, 0.405]    0.208 [0.092, 0.405]    0.167 [0.067, 0.359]    0.500 [0.314, 0.686]    0.167 [0.067, 0.359]
basic-rune        0.000 [0.000, 0.138]    0.083 [0.023, 0.258]    0.042 [0.007, 0.202]    0.208 [0.092, 0.405]    0.375 [0.212, 0.573]    0.500 [0.314, 0.686]    0.083 [0.023, 0.258]    0.083 [0.023, 0.258]    0.125 [0.043, 0.310]    0.250 [0.120, 0.449]    0.000 [0.000, 0.138]    0.083 [0.023, 0.258]    0.042 [0.007, 0.202]    0.083 [0.023, 0.258]    0.208 [0.092, 0.405]    0.083 [0.023, 0.258]
dragon-pool       0.167 [0.067, 0.359]    0.625 [0.427, 0.788]    0.083 [0.023, 0.258]    0.750 [0.551, 0.880]    0.875 [0.690, 0.957]    0.750 [0.551, 0.880]    0.458 [0.279, 0.649]    0.208 [0.092, 0.405]    0.542 [0.351, 0.721]    0.458 [0.279, 0.649]    0.417 [0.245, 0.612]    0.167 [0.067, 0.359]    0.208 [0.092, 0.405]    0.417 [0.245, 0.612]    0.875 [0.690, 0.957]    0.292 [0.149, 0.492]
elf-neanisu2      0.250 [0.120, 0.449]    0.875 [0.690, 0.957]    0.208 [0.092, 0.405]    0.958 [0.798, 0.993]    0.875 [0.690, 0.957]    0.958 [0.798, 0.993]    0.750 [0.551, 0.880]    0.500 [0.314, 0.686]    0.542 [0.351, 0.721]    0.833 [0.641, 0.933]    0.583 [0.388, 0.755]    0.708 [0.508, 0.851]    0.500 [0.314, 0.686]    0.625 [0.427, 0.788]    0.958 [0.798, 0.993]    0.833 [0.641, 0.933]
forest-pool       0.333 [0.180, 0.533]    0.417 [0.245, 0.612]    0.292 [0.149, 0.492]    0.917 [0.742, 0.977]    0.708 [0.508, 0.851]    0.917 [0.742, 0.977]    0.458 [0.279, 0.649]    0.375 [0.212, 0.573]    0.458 [0.279, 0.649]    0.500 [0.314, 0.686]    0.417 [0.245, 0.612]    0.375 [0.212, 0.573]    0.333 [0.180, 0.533]    0.417 [0.245, 0.612]    0.958 [0.798, 0.993]    0.500 [0.314, 0.686]
portal-pool       0.250 [0.120, 0.449]    0.292 [0.149, 0.492]    0.125 [0.043, 0.310]    0.667 [0.467, 0.820]    0.750 [0.551, 0.880]    0.792 [0.595, 0.908]    0.375 [0.212, 0.573]    0.167 [0.067, 0.359]    0.292 [0.149, 0.492]    0.625 [0.427, 0.788]    0.292 [0.149, 0.492]    0.292 [0.149, 0.492]    0.042 [0.007, 0.202]    0.250 [0.120, 0.449]    0.917 [0.742, 0.977]    0.333 [0.180, 0.533]
ramp-37772        0.292 [0.149, 0.492]    0.792 [0.595, 0.908]    0.167 [0.067, 0.359]    0.917 [0.742, 0.977]    0.875 [0.690, 0.957]    0.875 [0.690, 0.957]    0.875 [0.690, 0.957]    0.375 [0.212, 0.573]    0.708 [0.508, 0.851]    0.833 [0.641, 0.933]    0.542 [0.351, 0.721]    0.417 [0.245, 0.612]    0.500 [0.314, 0.686]    0.583 [0.388, 0.755]    1.000 [0.862, 1.000]    0.667 [0.467, 0.820]
ramp-claywies     0.333 [0.180, 0.533]    0.625 [0.427, 0.788]    0.167 [0.067, 0.359]    0.875 [0.690, 0.957]    0.875 [0.690, 0.957]    0.958 [0.798, 0.993]    0.792 [0.595, 0.908]    0.333 [0.180, 0.533]    0.583 [0.388, 0.755]    0.750 [0.551, 0.880]    0.625 [0.427, 0.788]    0.458 [0.279, 0.649]    0.417 [0.245, 0.612]    0.458 [0.279, 0.649]    0.958 [0.798, 0.993]    0.542 [0.351, 0.721]
royal-nattui      0.375 [0.212, 0.573]    0.875 [0.690, 0.957]    0.333 [0.180, 0.533]    0.917 [0.742, 0.977]    0.875 [0.690, 0.957]    1.000 [0.862, 1.000]    0.750 [0.551, 0.880]    0.333 [0.180, 0.533]    0.708 [0.508, 0.851]    0.833 [0.641, 0.933]    0.667 [0.467, 0.820]    0.542 [0.351, 0.721]    0.625 [0.427, 0.788]    0.500 [0.314, 0.686]    0.958 [0.798, 0.993]    0.750 [0.551, 0.880]
rune-mach15       0.208 [0.092, 0.405]    0.708 [0.508, 0.851]    0.250 [0.120, 0.449]    1.000 [0.862, 1.000]    0.792 [0.595, 0.908]    0.833 [0.641, 0.933]    0.708 [0.508, 0.851]    0.375 [0.212, 0.573]    0.500 [0.314, 0.686]    0.750 [0.551, 0.880]    0.500 [0.314, 0.686]    0.625 [0.427, 0.788]    0.500 [0.314, 0.686]    0.583 [0.388, 0.755]    0.875 [0.690, 0.957]    0.625 [0.427, 0.788]
rune-pool         0.000 [0.000, 0.138]    0.167 [0.067, 0.359]    0.000 [0.000, 0.138]    0.667 [0.467, 0.820]    0.583 [0.388, 0.755]    0.667 [0.467, 0.820]    0.167 [0.067, 0.359]    0.125 [0.043, 0.310]    0.208 [0.092, 0.405]    0.292 [0.149, 0.492]    0.000 [0.000, 0.138]    0.083 [0.023, 0.258]    0.125 [0.043, 0.310]    0.167 [0.067, 0.359]    0.500 [0.314, 0.686]    0.250 [0.120, 0.449]
sword-pool        0.250 [0.120, 0.449]    0.792 [0.595, 0.908]    0.208 [0.092, 0.405]    0.875 [0.690, 0.957]    1.000 [0.862, 1.000]    0.958 [0.798, 0.993]    0.583 [0.388, 0.755]    0.292 [0.149, 0.492]    0.542 [0.351, 0.721]    0.792 [0.595, 0.908]    0.292 [0.149, 0.492]    0.333 [0.180, 0.533]    0.208 [0.092, 0.405]    0.500 [0.314, 0.686]    0.833 [0.641, 0.933]    0.542 [0.351, 0.721]
6144 games in 2779.121s (2.2 games/s)
wrote matchup.json


=== summary ===
h0 vs h0
games: 6144  decisive: 6144  draws: 0
policy_a win rate: 0.503 [0.491, 0.516]
first-player win rate: 0.541
mean turns: 8.35  mean actions: 76.41
end: lethal=6144 deckout=0 turn_cap=0 action_cap=0 no_legal=0 illegal=0
2779.121s  2.21 games/s  cpus=28
samples: 469487 (76.4 per game)
per deck:
  abyss-p8rfn: policy_a (row) 0.758  policy_b (col) 0.776
  abyss-pool: policy_a (row) 0.440  policy_b (col) 0.438
  afnm-minatodao: policy_a (row) 0.805  policy_b (col) 0.794
  basic-forest: policy_a (row) 0.201  policy_b (col) 0.206
  basic-portal: policy_a (row) 0.260  policy_b (col) 0.253
  basic-rune: policy_a (row) 0.141  policy_b (col) 0.167
  dragon-pool: policy_a (row) 0.456  policy_b (col) 0.469
  elf-neanisu2: policy_a (row) 0.685  policy_b (col) 0.701
  forest-pool: policy_a (row) 0.523  policy_b (col) 0.549
  portal-pool: policy_a (row) 0.404  policy_b (col) 0.375
  ramp-37772: policy_a (row) 0.651  policy_b (col) 0.620
  ramp-claywies: policy_a (row) 0.609  policy_b (col) 0.615
  royal-nattui: policy_a (row) 0.690  policy_b (col) 0.667
  rune-mach15: policy_a (row) 0.615  policy_b (col) 0.586
  rune-pool: policy_a (row) 0.250  policy_b (col) 0.229
  sword-pool: policy_a (row) 0.562  policy_b (col) 0.508
