matchup: 16 decks × 24 games = 6144 games (seed=301, policy_a=h0, policy_b=h0, first=alternate, threads=None)
Win rate (row = A, col = B; cell = A's win rate)
                           abyss-p8rfn              abyss-pool          afnm-minatodao            basic-forest            basic-portal              basic-rune             dragon-pool            elf-neanisu2             forest-pool             portal-pool              ramp-37772           ramp-claywies            royal-nattui             rune-mach15               rune-pool              sword-pool
abyss-p8rfn                      0.542                   0.917                   0.583                   0.958                   1.000                   0.958                   0.833                   0.708                   0.875                   0.958                   0.750                   0.833                   0.708                   0.958                   1.000                   0.875
abyss-pool                       0.000                   0.458                   0.042                   0.917                   0.667                   1.000                   0.458                   0.167                   0.417                   0.708                   0.375                   0.333                   0.208                   0.292                   0.875                   0.417
afnm-minatodao                   0.375                   0.917                   0.583                   1.000                   1.000                   1.000                   0.833                   0.625                   0.833                   0.875                   0.792                   0.708                   0.458                   0.625                   0.958                   0.875
basic-forest                     0.000                   0.042                   0.000                   0.417                   0.625                   0.708                   0.083                   0.000                   0.167                   0.458                   0.042                   0.125                   0.000                   0.000                   0.500                   0.083
basic-portal                     0.000                   0.208                   0.000                   0.708                   0.458                   0.792                   0.083                   0.042                   0.250                   0.417                   0.083                   0.042                   0.000                   0.125                   0.375                   0.042
basic-rune                       0.000                   0.000                   0.000                   0.458                   0.208                   0.417                   0.042                   0.000                   0.042                   0.167                   0.083                   0.000                   0.000                   0.000                   0.167                   0.000
dragon-pool                      0.042                   0.500                   0.125                   0.750                   0.792                   0.958                   0.417                   0.208                   0.583                   0.833                   0.250                   0.167                   0.083                   0.375                   0.833                   0.333
elf-neanisu2                     0.208                   0.958                   0.125                   1.000                   1.000                   1.000                   0.917                   0.500                   0.792                   0.958                   0.750                   0.625                   0.500                   0.542                   1.000                   0.625
forest-pool                      0.083                   0.708                   0.125                   0.833                   0.792                   0.958                   0.583                   0.333                   0.417                   0.792                   0.500                   0.417                   0.250                   0.208                   0.875                   0.458
portal-pool                      0.083                   0.333                   0.000                   0.625                   0.458                   0.833                   0.458                   0.125                   0.292                   0.500                   0.250                   0.208                   0.000                   0.208                   0.792                   0.208
ramp-37772                       0.208                   0.458                   0.250                   1.000                   1.000                   1.000                   0.833                   0.458                   0.750                   0.708                   0.458                   0.500                   0.333                   0.750                   0.917                   0.625
ramp-claywies                    0.333                   0.750                   0.208                   0.958                   0.875                   0.958                   0.708                   0.250                   0.667                   0.875                   0.458                   0.417                   0.417                   0.500                   1.000                   0.625
royal-nattui                     0.375                   0.917                   0.500                   0.958                   0.958                   1.000                   0.917                   0.625                   0.833                   1.000                   0.667                   0.750                   0.625                   0.417                   0.958                   0.833
rune-mach15                      0.208                   0.708                   0.333                   1.000                   0.875                   1.000                   0.667                   0.375                   0.708                   0.792                   0.375                   0.375                   0.375                   0.542                   1.000                   0.458
rune-pool                        0.000                   0.167                   0.000                   0.583                   0.417                   0.750                   0.083                   0.000                   0.125                   0.250                   0.083                   0.042                   0.042                   0.083                   0.333                   0.167
sword-pool                       0.083                   0.750                   0.208                   0.917                   0.917                   1.000                   0.583                   0.250                   0.750                   0.833                   0.333                   0.292                   0.250                   0.375                   0.792                   0.542

First-player win rate / mean turns
                           abyss-p8rfn              abyss-pool          afnm-minatodao            basic-forest            basic-portal              basic-rune             dragon-pool            elf-neanisu2             forest-pool             portal-pool              ramp-37772           ramp-claywies            royal-nattui             rune-mach15               rune-pool              sword-pool
abyss-p8rfn              0.292 /   8.6           0.417 /   7.6           0.583 /   8.3           0.458 /   7.7           0.500 /   8.1           0.458 /   6.9           0.583 /   7.9           0.542 /   8.7           0.458 /   8.0           0.542 /   7.4           0.583 /   8.5           0.417 /   8.6           0.542 /   8.3           0.458 /   8.8           0.500 /   7.5           0.458 /   9.6
abyss-pool               0.500 /   7.8           0.708 /   9.0           0.542 /   7.8           0.500 /   8.4           0.500 /   8.4           0.500 /   6.6           0.458 /   8.5           0.500 /   8.3           0.500 /   8.3           0.625 /   8.8           0.458 /   8.4           0.333 /   8.7           0.458 /   8.5           0.292 /   8.3           0.542 /   8.3           0.750 /   9.1
afnm-minatodao           0.708 /   9.2           0.500 /   7.5           0.500 /   8.5           0.500 /   7.2           0.500 /   7.1           0.500 /   6.6           0.583 /   7.9           0.542 /   8.0           0.500 /   8.5           0.458 /   7.0           0.542 /   8.0           0.542 /   8.7           0.708 /   8.5           0.625 /   8.6           0.542 /   7.1           0.458 /   8.0
basic-forest             0.500 /   7.6           0.542 /   8.0           0.500 /   7.2           0.583 /   8.1           0.542 /   8.6           0.458 /   8.2           0.417 /   7.7           0.500 /   7.2           0.417 /   8.3           0.292 /   8.0           0.542 /   8.2           0.458 /   8.0           0.500 /   7.4           0.500 /   7.7           0.583 /   9.1           0.500 /   7.8
basic-portal             0.500 /   8.0           0.625 /   8.2           0.500 /   7.1           0.542 /   8.8           0.625 /   8.9           0.458 /   7.9           0.500 /   8.6           0.458 /   7.9           0.667 /   8.2           0.667 /   8.6           0.500 /   8.8           0.542 /   8.5           0.500 /   8.3           0.625 /   8.8           0.542 /   9.8           0.542 /   8.7
basic-rune               0.500 /   7.1           0.500 /   6.4           0.500 /   6.8           0.625 /   8.3           0.625 /   8.4           0.417 /   7.9           0.542 /   7.4           0.500 /   7.0           0.458 /   6.9           0.417 /   7.7           0.500 /   7.7           0.500 /   7.5           0.500 /   6.8           0.500 /   7.2           0.417 /   8.1           0.500 /   7.7
dragon-pool              0.458 /   8.2           0.583 /   8.2           0.542 /   7.5           0.500 /   7.6           0.625 /   8.7           0.458 /   6.9           0.667 /   8.2           0.458 /   8.0           0.583 /   9.0           0.417 /   7.8           0.583 /   8.5           0.583 /   9.0           0.500 /   7.7           0.625 /   9.0           0.500 /   8.5           0.833 /   8.8
elf-neanisu2             0.542 /   8.8           0.458 /   8.2           0.458 /   8.5           0.500 /   7.1           0.500 /   7.5           0.500 /   7.0           0.583 /   7.7           0.667 /   8.6           0.542 /   8.2           0.542 /   7.5           0.667 /   8.2           0.458 /   9.0           0.667 /   8.6           0.625 /   8.7           0.500 /   7.6           0.625 /   8.6
forest-pool              0.583 /   8.0           0.708 /   9.7           0.625 /   8.4           0.583 /   8.2           0.458 /   9.0           0.542 /   7.4           0.750 /   8.3           0.500 /   8.7           0.667 /   9.0           0.542 /   8.3           0.583 /   9.4           0.500 /   9.8           0.500 /   7.6           0.625 /   9.3           0.542 /   9.7           0.458 /   9.6
portal-pool              0.583 /   7.3           0.500 /   7.7           0.500 /   7.0           0.708 /   8.2           0.625 /   8.8           0.417 /   7.3           0.625 /   8.3           0.542 /   7.6           0.625 /   8.2           0.583 /   8.5           0.417 /   8.2           0.542 /   8.3           0.500 /   7.3           0.542 /   8.5           0.542 /   9.0           0.625 /   8.3
ramp-37772               0.625 /   7.6           0.625 /   8.2           0.667 /   7.5           0.500 /   8.5           0.500 /   8.3           0.500 /   7.9           0.583 /   8.6           0.458 /   8.9           0.667 /   9.0           0.625 /   8.2           0.375 /   9.9           0.583 /   9.3           0.583 /   8.5           0.500 /  10.0           0.583 /   8.3           0.708 /   8.8
ramp-claywies            0.500 /   8.5           0.583 /   8.3           0.625 /   8.1           0.458 /   8.2           0.375 /   8.2           0.542 /   7.2           0.625 /   8.1           0.500 /   9.0           0.500 /   8.5           0.458 /   8.6           0.542 /   9.9           0.667 /   8.9           0.750 /   8.5           0.667 /   9.0           0.500 /   8.3           0.625 /   9.6
royal-nattui             0.542 /   8.0           0.583 /   8.8           0.750 /   8.8           0.458 /   7.5           0.542 /   8.4           0.500 /   7.0           0.500 /   7.6           0.792 /   8.9           0.500 /   8.3           0.500 /   7.3           0.500 /   8.4           0.667 /   8.4           0.708 /   7.8           0.667 /   8.9           0.458 /   8.0           0.500 /   8.7
rune-mach15              0.625 /   7.7           0.708 /   8.7           0.667 /   8.7           0.500 /   7.5           0.458 /   8.1           0.500 /   7.0           0.500 /   8.6           0.542 /   8.5           0.708 /   9.4           0.625 /   8.3           0.625 /   8.8           0.625 /   9.4           0.708 /   8.5           0.625 /   9.8           0.500 /   8.4           0.542 /   9.3
rune-pool                0.500 /   7.5           0.667 /   8.5           0.500 /   7.2           0.417 /   8.6           0.417 /   9.1           0.583 /   8.4           0.500 /   9.3           0.500 /   7.5           0.542 /   8.0           0.583 /   9.5           0.500 /   9.0           0.542 /   7.8           0.542 /   7.0           0.500 /   9.5           0.417 /  12.2           0.667 /   8.9
sword-pool               0.500 /   7.9           0.500 /   8.8           0.625 /   9.6           0.583 /   8.1           0.583 /   8.2           0.500 /   7.4           0.667 /   8.4           0.667 /   8.5           0.583 /   9.0           0.583 /   8.7           0.667 /   9.6           0.625 /   8.9           0.583 /   9.1           0.458 /  10.2           0.542 /   8.7           0.708 /  11.8

A win rate over decisive games, Wilson 95% [lo, hi]
                           abyss-p8rfn              abyss-pool          afnm-minatodao            basic-forest            basic-portal              basic-rune             dragon-pool            elf-neanisu2             forest-pool             portal-pool              ramp-37772           ramp-claywies            royal-nattui             rune-mach15               rune-pool              sword-pool
abyss-p8rfn       0.542 [0.351, 0.721]    0.917 [0.742, 0.977]    0.583 [0.388, 0.755]    0.958 [0.798, 0.993]    1.000 [0.862, 1.000]    0.958 [0.798, 0.993]    0.833 [0.641, 0.933]    0.708 [0.508, 0.851]    0.875 [0.690, 0.957]    0.958 [0.798, 0.993]    0.750 [0.551, 0.880]    0.833 [0.641, 0.933]    0.708 [0.508, 0.851]    0.958 [0.798, 0.993]    1.000 [0.862, 1.000]    0.875 [0.690, 0.957]
abyss-pool        0.000 [0.000, 0.138]    0.458 [0.279, 0.649]    0.042 [0.007, 0.202]    0.917 [0.742, 0.977]    0.667 [0.467, 0.820]    1.000 [0.862, 1.000]    0.458 [0.279, 0.649]    0.167 [0.067, 0.359]    0.417 [0.245, 0.612]    0.708 [0.508, 0.851]    0.375 [0.212, 0.573]    0.333 [0.180, 0.533]    0.208 [0.092, 0.405]    0.292 [0.149, 0.492]    0.875 [0.690, 0.957]    0.417 [0.245, 0.612]
afnm-minatodao    0.375 [0.212, 0.573]    0.917 [0.742, 0.977]    0.583 [0.388, 0.755]    1.000 [0.862, 1.000]    1.000 [0.862, 1.000]    1.000 [0.862, 1.000]    0.833 [0.641, 0.933]    0.625 [0.427, 0.788]    0.833 [0.641, 0.933]    0.875 [0.690, 0.957]    0.792 [0.595, 0.908]    0.708 [0.508, 0.851]    0.458 [0.279, 0.649]    0.625 [0.427, 0.788]    0.958 [0.798, 0.993]    0.875 [0.690, 0.957]
basic-forest      0.000 [0.000, 0.138]    0.042 [0.007, 0.202]    0.000 [0.000, 0.138]    0.417 [0.245, 0.612]    0.625 [0.427, 0.788]    0.708 [0.508, 0.851]    0.083 [0.023, 0.258]    0.000 [0.000, 0.138]    0.167 [0.067, 0.359]    0.458 [0.279, 0.649]    0.042 [0.007, 0.202]    0.125 [0.043, 0.310]    0.000 [0.000, 0.138]    0.000 [0.000, 0.138]    0.500 [0.314, 0.686]    0.083 [0.023, 0.258]
basic-portal      0.000 [0.000, 0.138]    0.208 [0.092, 0.405]    0.000 [0.000, 0.138]    0.708 [0.508, 0.851]    0.458 [0.279, 0.649]    0.792 [0.595, 0.908]    0.083 [0.023, 0.258]    0.042 [0.007, 0.202]    0.250 [0.120, 0.449]    0.417 [0.245, 0.612]    0.083 [0.023, 0.258]    0.042 [0.007, 0.202]    0.000 [0.000, 0.138]    0.125 [0.043, 0.310]    0.375 [0.212, 0.573]    0.042 [0.007, 0.202]
basic-rune        0.000 [0.000, 0.138]    0.000 [0.000, 0.138]    0.000 [0.000, 0.138]    0.458 [0.279, 0.649]    0.208 [0.092, 0.405]    0.417 [0.245, 0.612]    0.042 [0.007, 0.202]    0.000 [0.000, 0.138]    0.042 [0.007, 0.202]    0.167 [0.067, 0.359]    0.083 [0.023, 0.258]    0.000 [0.000, 0.138]    0.000 [0.000, 0.138]    0.000 [0.000, 0.138]    0.167 [0.067, 0.359]    0.000 [0.000, 0.138]
dragon-pool       0.042 [0.007, 0.202]    0.500 [0.314, 0.686]    0.125 [0.043, 0.310]    0.750 [0.551, 0.880]    0.792 [0.595, 0.908]    0.958 [0.798, 0.993]    0.417 [0.245, 0.612]    0.208 [0.092, 0.405]    0.583 [0.388, 0.755]    0.833 [0.641, 0.933]    0.250 [0.120, 0.449]    0.167 [0.067, 0.359]    0.083 [0.023, 0.258]    0.375 [0.212, 0.573]    0.833 [0.641, 0.933]    0.333 [0.180, 0.533]
elf-neanisu2      0.208 [0.092, 0.405]    0.958 [0.798, 0.993]    0.125 [0.043, 0.310]    1.000 [0.862, 1.000]    1.000 [0.862, 1.000]    1.000 [0.862, 1.000]    0.917 [0.742, 0.977]    0.500 [0.314, 0.686]    0.792 [0.595, 0.908]    0.958 [0.798, 0.993]    0.750 [0.551, 0.880]    0.625 [0.427, 0.788]    0.500 [0.314, 0.686]    0.542 [0.351, 0.721]    1.000 [0.862, 1.000]    0.625 [0.427, 0.788]
forest-pool       0.083 [0.023, 0.258]    0.708 [0.508, 0.851]    0.125 [0.043, 0.310]    0.833 [0.641, 0.933]    0.792 [0.595, 0.908]    0.958 [0.798, 0.993]    0.583 [0.388, 0.755]    0.333 [0.180, 0.533]    0.417 [0.245, 0.612]    0.792 [0.595, 0.908]    0.500 [0.314, 0.686]    0.417 [0.245, 0.612]    0.250 [0.120, 0.449]    0.208 [0.092, 0.405]    0.875 [0.690, 0.957]    0.458 [0.279, 0.649]
portal-pool       0.083 [0.023, 0.258]    0.333 [0.180, 0.533]    0.000 [0.000, 0.138]    0.625 [0.427, 0.788]    0.458 [0.279, 0.649]    0.833 [0.641, 0.933]    0.458 [0.279, 0.649]    0.125 [0.043, 0.310]    0.292 [0.149, 0.492]    0.500 [0.314, 0.686]    0.250 [0.120, 0.449]    0.208 [0.092, 0.405]    0.000 [0.000, 0.138]    0.208 [0.092, 0.405]    0.792 [0.595, 0.908]    0.208 [0.092, 0.405]
ramp-37772        0.208 [0.092, 0.405]    0.458 [0.279, 0.649]    0.250 [0.120, 0.449]    1.000 [0.862, 1.000]    1.000 [0.862, 1.000]    1.000 [0.862, 1.000]    0.833 [0.641, 0.933]    0.458 [0.279, 0.649]    0.750 [0.551, 0.880]    0.708 [0.508, 0.851]    0.458 [0.279, 0.649]    0.500 [0.314, 0.686]    0.333 [0.180, 0.533]    0.750 [0.551, 0.880]    0.917 [0.742, 0.977]    0.625 [0.427, 0.788]
ramp-claywies     0.333 [0.180, 0.533]    0.750 [0.551, 0.880]    0.208 [0.092, 0.405]    0.958 [0.798, 0.993]    0.875 [0.690, 0.957]    0.958 [0.798, 0.993]    0.708 [0.508, 0.851]    0.250 [0.120, 0.449]    0.667 [0.467, 0.820]    0.875 [0.690, 0.957]    0.458 [0.279, 0.649]    0.417 [0.245, 0.612]    0.417 [0.245, 0.612]    0.500 [0.314, 0.686]    1.000 [0.862, 1.000]    0.625 [0.427, 0.788]
royal-nattui      0.375 [0.212, 0.573]    0.917 [0.742, 0.977]    0.500 [0.314, 0.686]    0.958 [0.798, 0.993]    0.958 [0.798, 0.993]    1.000 [0.862, 1.000]    0.917 [0.742, 0.977]    0.625 [0.427, 0.788]    0.833 [0.641, 0.933]    1.000 [0.862, 1.000]    0.667 [0.467, 0.820]    0.750 [0.551, 0.880]    0.625 [0.427, 0.788]    0.417 [0.245, 0.612]    0.958 [0.798, 0.993]    0.833 [0.641, 0.933]
rune-mach15       0.208 [0.092, 0.405]    0.708 [0.508, 0.851]    0.333 [0.180, 0.533]    1.000 [0.862, 1.000]    0.875 [0.690, 0.957]    1.000 [0.862, 1.000]    0.667 [0.467, 0.820]    0.375 [0.212, 0.573]    0.708 [0.508, 0.851]    0.792 [0.595, 0.908]    0.375 [0.212, 0.573]    0.375 [0.212, 0.573]    0.375 [0.212, 0.573]    0.542 [0.351, 0.721]    1.000 [0.862, 1.000]    0.458 [0.279, 0.649]
rune-pool         0.000 [0.000, 0.138]    0.167 [0.067, 0.359]    0.000 [0.000, 0.138]    0.583 [0.388, 0.755]    0.417 [0.245, 0.612]    0.750 [0.551, 0.880]    0.083 [0.023, 0.258]    0.000 [0.000, 0.138]    0.125 [0.043, 0.310]    0.250 [0.120, 0.449]    0.083 [0.023, 0.258]    0.042 [0.007, 0.202]    0.042 [0.007, 0.202]    0.083 [0.023, 0.258]    0.333 [0.180, 0.533]    0.167 [0.067, 0.359]
sword-pool        0.083 [0.023, 0.258]    0.750 [0.551, 0.880]    0.208 [0.092, 0.405]    0.917 [0.742, 0.977]    0.917 [0.742, 0.977]    1.000 [0.862, 1.000]    0.583 [0.388, 0.755]    0.250 [0.120, 0.449]    0.750 [0.551, 0.880]    0.833 [0.641, 0.933]    0.333 [0.180, 0.533]    0.292 [0.149, 0.492]    0.250 [0.120, 0.449]    0.375 [0.212, 0.573]    0.792 [0.595, 0.908]    0.542 [0.351, 0.721]
6144 games in 2831.760s (2.2 games/s)
wrote matchup.json


=== summary ===
h0 vs h0
games: 6144  decisive: 6144  draws: 0
policy_a win rate: 0.502 [0.490, 0.515]
first-player win rate: 0.545
mean turns: 8.30  mean actions: 77.62
end: lethal=6143 deckout=1 turn_cap=0 action_cap=0 no_legal=0 illegal=0
2831.760s  2.17 games/s  cpus=28
samples: 476897 (77.6 per game)
per deck:
  abyss-p8rfn: policy_a (row) 0.841  policy_b (col) 0.841
  abyss-pool: policy_a (row) 0.458  policy_b (col) 0.451
  afnm-minatodao: policy_a (row) 0.779  policy_b (col) 0.807
  basic-forest: policy_a (row) 0.203  policy_b (col) 0.182
  basic-portal: policy_a (row) 0.227  policy_b (col) 0.247
  basic-rune: policy_a (row) 0.099  policy_b (col) 0.104
  dragon-pool: policy_a (row) 0.453  policy_b (col) 0.469
  elf-neanisu2: policy_a (row) 0.719  policy_b (col) 0.708
  forest-pool: policy_a (row) 0.521  policy_b (col) 0.469
  portal-pool: policy_a (row) 0.336  policy_b (col) 0.305
  ramp-37772: policy_a (row) 0.641  policy_b (col) 0.609
  ramp-claywies: policy_a (row) 0.625  policy_b (col) 0.635
  royal-nattui: policy_a (row) 0.771  policy_b (col) 0.734
  rune-mach15: policy_a (row) 0.612  policy_b (col) 0.625
  rune-pool: policy_a (row) 0.195  policy_b (col) 0.227
  sword-pool: policy_a (row) 0.555  policy_b (col) 0.552
