matchup: 16 decks × 16 games = 4096 games (seed=1, policy_a=h0:value=net,net=C:\Users\agban\projects\arena\results\net2\linear.json, policy_b=h0, first=alternate, threads=None)
Win rate (row = A, col = B; cell = A's win rate)
                           abyss-p8rfn              abyss-pool          afnm-minatodao            basic-forest            basic-portal              basic-rune             dragon-pool            elf-neanisu2             forest-pool             portal-pool              ramp-37772           ramp-claywies            royal-nattui             rune-mach15               rune-pool              sword-pool
abyss-p8rfn                      0.562                   1.000                   0.375                   1.000                   1.000                   1.000                   0.875                   0.750                   0.875                   0.938                   0.812                   0.812                   0.688                   0.938                   1.000                   1.000
abyss-pool                       0.000                   0.625                   0.000                   0.750                   0.875                   0.938                   0.312                   0.000                   0.312                   0.438                   0.375                   0.125                   0.062                   0.438                   0.812                   0.312
afnm-minatodao                   0.562                   0.938                   0.750                   1.000                   1.000                   1.000                   0.875                   0.875                   0.938                   0.938                   0.500                   0.750                   0.688                   0.688                   1.000                   0.875
basic-forest                     0.000                   0.250                   0.000                   0.375                   0.250                   0.688                   0.062                   0.000                   0.062                   0.500                   0.062                   0.000                   0.125                   0.000                   0.438                   0.188
basic-portal                     0.000                   0.312                   0.062                   0.625                   0.375                   1.000                   0.250                   0.062                   0.375                   0.438                   0.125                   0.000                   0.062                   0.000                   0.438                   0.000
basic-rune                       0.000                   0.062                   0.000                   0.500                   0.312                   0.500                   0.062                   0.000                   0.125                   0.125                   0.000                   0.000                   0.062                   0.125                   0.188                   0.000
dragon-pool                      0.188                   0.438                   0.188                   1.000                   0.875                   0.938                   0.625                   0.250                   0.312                   0.688                   0.312                   0.188                   0.125                   0.375                   0.875                   0.312
elf-neanisu2                     0.188                   0.875                   0.188                   1.000                   0.938                   1.000                   0.750                   0.500                   0.750                   0.938                   0.625                   0.625                   0.500                   0.562                   0.875                   0.875
forest-pool                      0.062                   0.688                   0.062                   0.875                   1.000                   0.938                   0.562                   0.188                   0.312                   0.875                   0.125                   0.312                   0.375                   0.312                   0.812                   0.375
portal-pool                      0.000                   0.312                   0.000                   0.625                   0.688                   0.938                   0.250                   0.125                   0.250                   0.438                   0.188                   0.188                   0.062                   0.188                   0.438                   0.312
ramp-37772                       0.188                   0.812                   0.250                   1.000                   0.938                   1.000                   0.688                   0.312                   0.688                   0.750                   0.500                   0.375                   0.375                   0.750                   0.875                   0.875
ramp-claywies                    0.125                   0.500                   0.375                   0.938                   0.938                   0.938                   0.812                   0.625                   0.562                   0.812                   0.438                   0.500                   0.375                   0.438                   1.000                   0.688
royal-nattui                     0.375                   0.875                   0.500                   0.938                   0.875                   1.000                   1.000                   0.438                   1.000                   1.000                   0.625                   0.875                   0.500                   0.625                   0.938                   0.875
rune-mach15                      0.188                   0.812                   0.312                   0.938                   0.938                   0.938                   0.625                   0.438                   0.562                   0.938                   0.438                   0.438                   0.500                   0.438                   0.938                   0.562
rune-pool                        0.000                   0.188                   0.000                   0.812                   0.375                   0.688                   0.188                   0.062                   0.188                   0.438                   0.062                   0.062                   0.000                   0.000                   0.625                   0.188
sword-pool                       0.125                   0.688                   0.062                   1.000                   1.000                   1.000                   0.750                   0.375                   0.750                   0.562                   0.250                   0.312                   0.125                   0.375                   0.938                   0.688

First-player win rate / mean turns
                           abyss-p8rfn              abyss-pool          afnm-minatodao            basic-forest            basic-portal              basic-rune             dragon-pool            elf-neanisu2             forest-pool             portal-pool              ramp-37772           ramp-claywies            royal-nattui             rune-mach15               rune-pool              sword-pool
abyss-p8rfn              0.688 /   8.9           0.500 /   7.6           0.500 /   8.3           0.500 /   7.2           0.500 /   7.9           0.500 /   7.3           0.625 /   8.2           0.625 /   8.8           0.500 /   8.2           0.562 /   7.6           0.562 /   7.5           0.438 /   7.6           0.438 /   7.8           0.562 /   8.3           0.500 /   7.5           0.500 /   8.6
abyss-pool               0.500 /   7.4           0.500 /   9.1           0.500 /   7.8           0.625 /   8.1           0.375 /   8.2           0.438 /   6.6           0.688 /   8.9           0.500 /   8.2           0.438 /   8.4           0.688 /   8.4           0.375 /   7.9           0.500 /   7.9           0.562 /   7.9           0.312 /   8.4           0.438 /   8.5           0.812 /   9.0
afnm-minatodao           0.562 /   8.6           0.438 /   7.9           0.500 /   8.1           0.500 /   7.3           0.500 /   7.4           0.500 /   6.6           0.625 /   7.6           0.500 /   8.1           0.438 /   8.9           0.562 /   7.1           0.750 /   8.6           0.625 /   7.9           0.688 /   8.4           0.812 /   8.3           0.500 /   7.1           0.500 /   8.6
basic-forest             0.500 /   7.2           0.500 /   7.7           0.500 /   7.2           0.625 /   8.1           0.500 /   8.2           0.562 /   8.2           0.562 /   8.3           0.500 /   7.4           0.562 /   8.0           0.625 /   7.6           0.438 /   8.2           0.500 /   7.9           0.500 /   7.9           0.500 /   7.9           0.438 /   8.8           0.688 /   8.4
basic-portal             0.500 /   7.4           0.688 /   8.6           0.562 /   7.5           0.625 /   9.0           0.500 /   9.5           0.500 /   7.9           0.500 /   8.3           0.562 /   7.8           0.750 /   8.6           0.438 /   8.6           0.625 /   8.4           0.500 /   8.6           0.562 /   8.1           0.500 /   8.1           0.562 /   9.4           0.500 /   8.1
basic-rune               0.500 /   7.1           0.438 /   7.0           0.500 /   6.0           0.500 /   7.7           0.562 /   8.1           0.250 /   7.3           0.562 /   6.6           0.500 /   7.1           0.625 /   7.4           0.500 /   7.4           0.500 /   7.6           0.500 /   7.2           0.562 /   7.1           0.625 /   8.1           0.688 /   8.6           0.500 /   7.4
dragon-pool              0.688 /   7.7           0.562 /   8.8           0.688 /   7.9           0.500 /   7.9           0.625 /   7.7           0.438 /   7.2           0.500 /   8.4           0.625 /   8.6           0.438 /   7.8           0.438 /   7.8           0.562 /   8.9           0.688 /   9.0           0.500 /   7.7           0.750 /   8.8           0.500 /   8.2           0.562 /   9.2
elf-neanisu2             0.562 /   8.7           0.375 /   8.3           0.438 /   8.4           0.500 /   7.1           0.562 /   8.8           0.500 /   6.9           0.625 /   7.4           0.625 /   8.9           0.625 /   8.4           0.562 /   7.3           0.625 /   8.4           0.750 /   8.1           0.750 /   8.6           0.562 /   8.4           0.625 /   7.9           0.625 /   9.1
forest-pool              0.562 /   8.1           0.562 /   8.6           0.438 /   7.9           0.625 /   8.1           0.500 /   9.7           0.438 /   6.9           0.688 /   7.8           0.562 /   8.8           0.812 /  10.4           0.500 /   8.6           0.375 /   9.3           0.688 /   8.2           0.750 /   8.6           0.562 /  10.8           0.562 /   9.3           0.500 /  10.0
portal-pool              0.500 /   7.0           0.312 /   7.9           0.500 /   6.9           0.500 /   8.6           0.438 /   8.1           0.438 /   7.8           0.500 /   8.3           0.625 /   7.6           0.625 /   8.7           0.312 /   7.7           0.562 /   8.0           0.562 /   8.1           0.562 /   8.0           0.688 /   8.2           0.562 /   9.9           0.562 /   8.9
ramp-37772               0.688 /   8.2           0.562 /   8.8           0.625 /   7.8           0.500 /   8.5           0.562 /   8.8           0.500 /   8.1           0.562 /   7.8           0.562 /   8.8           0.812 /   9.6           0.750 /   8.7           0.500 /   9.2           0.625 /   8.1           0.500 /   8.9           0.625 /   9.3           0.500 /   7.8           0.625 /   9.4
ramp-claywies            0.500 /   7.9           0.375 /   7.5           0.500 /   8.6           0.562 /   8.1           0.562 /   8.6           0.562 /   7.4           0.562 /   9.4           0.500 /   9.1           0.938 /   8.9           0.562 /   7.9           0.562 /   8.4           0.625 /   9.1           0.750 /   8.6           0.688 /   8.8           0.500 /   7.8           0.688 /   9.6
royal-nattui             0.500 /   8.1           0.500 /   8.5           0.625 /   8.2           0.562 /   7.5           0.500 /   8.1           0.500 /   6.7           0.500 /   7.8           0.812 /   8.5           0.500 /   8.5           0.500 /   7.8           0.625 /   8.0           0.500 /   7.5           0.625 /   8.4           0.750 /   8.6           0.438 /   7.4           0.375 /  10.6
rune-mach15              0.688 /   8.7           0.562 /   8.5           0.812 /   9.1           0.562 /   7.6           0.438 /   9.3           0.562 /   7.4           0.625 /   8.8           0.688 /   8.6           0.812 /   9.8           0.562 /   8.2           0.812 /   8.3           0.688 /   8.5           0.750 /   8.8           0.562 /   9.1           0.562 /   8.3           0.688 /  10.0
rune-pool                0.500 /   7.1           0.438 /   8.7           0.500 /   6.7           0.562 /   9.5           0.625 /   9.7           0.562 /   8.4           0.562 /   8.8           0.562 /   7.9           0.688 /   9.6           0.562 /   9.6           0.562 /   7.7           0.562 /   9.3           0.500 /   7.9           0.500 /   8.3           0.625 /  11.3           0.562 /  10.3
sword-pool               0.500 /   8.0           0.688 /   9.3           0.562 /   7.9           0.500 /   8.1           0.500 /   7.9           0.500 /   7.4           0.750 /   9.4           0.750 /   9.1           0.250 /   9.8           0.688 /   9.2           0.750 /   9.1           0.688 /   9.0           0.625 /   8.2           0.875 /   9.1           0.438 /   9.2           0.562 /   9.6

A win rate over decisive games, Wilson 95% [lo, hi]
                           abyss-p8rfn              abyss-pool          afnm-minatodao            basic-forest            basic-portal              basic-rune             dragon-pool            elf-neanisu2             forest-pool             portal-pool              ramp-37772           ramp-claywies            royal-nattui             rune-mach15               rune-pool              sword-pool
abyss-p8rfn       0.562 [0.332, 0.769]    1.000 [0.806, 1.000]    0.375 [0.185, 0.614]    1.000 [0.806, 1.000]    1.000 [0.806, 1.000]    1.000 [0.806, 1.000]    0.875 [0.640, 0.965]    0.750 [0.505, 0.898]    0.875 [0.640, 0.965]    0.938 [0.717, 0.989]    0.812 [0.570, 0.934]    0.812 [0.570, 0.934]    0.688 [0.444, 0.858]    0.938 [0.717, 0.989]    1.000 [0.806, 1.000]    1.000 [0.806, 1.000]
abyss-pool        0.000 [0.000, 0.194]    0.625 [0.386, 0.815]    0.000 [0.000, 0.194]    0.750 [0.505, 0.898]    0.875 [0.640, 0.965]    0.938 [0.717, 0.989]    0.312 [0.142, 0.556]    0.000 [0.000, 0.194]    0.312 [0.142, 0.556]    0.438 [0.231, 0.668]    0.375 [0.185, 0.614]    0.125 [0.035, 0.360]    0.062 [0.011, 0.283]    0.438 [0.231, 0.668]    0.812 [0.570, 0.934]    0.312 [0.142, 0.556]
afnm-minatodao    0.562 [0.332, 0.769]    0.938 [0.717, 0.989]    0.750 [0.505, 0.898]    1.000 [0.806, 1.000]    1.000 [0.806, 1.000]    1.000 [0.806, 1.000]    0.875 [0.640, 0.965]    0.875 [0.640, 0.965]    0.938 [0.717, 0.989]    0.938 [0.717, 0.989]    0.500 [0.280, 0.720]    0.750 [0.505, 0.898]    0.688 [0.444, 0.858]    0.688 [0.444, 0.858]    1.000 [0.806, 1.000]    0.875 [0.640, 0.965]
basic-forest      0.000 [0.000, 0.194]    0.250 [0.102, 0.495]    0.000 [0.000, 0.194]    0.375 [0.185, 0.614]    0.250 [0.102, 0.495]    0.688 [0.444, 0.858]    0.062 [0.011, 0.283]    0.000 [0.000, 0.194]    0.062 [0.011, 0.283]    0.500 [0.280, 0.720]    0.062 [0.011, 0.283]    0.000 [0.000, 0.194]    0.125 [0.035, 0.360]    0.000 [0.000, 0.194]    0.438 [0.231, 0.668]    0.188 [0.066, 0.430]
basic-portal      0.000 [0.000, 0.194]    0.312 [0.142, 0.556]    0.062 [0.011, 0.283]    0.625 [0.386, 0.815]    0.375 [0.185, 0.614]    1.000 [0.806, 1.000]    0.250 [0.102, 0.495]    0.062 [0.011, 0.283]    0.375 [0.185, 0.614]    0.438 [0.231, 0.668]    0.125 [0.035, 0.360]    0.000 [0.000, 0.194]    0.062 [0.011, 0.283]    0.000 [0.000, 0.194]    0.438 [0.231, 0.668]    0.000 [0.000, 0.194]
basic-rune        0.000 [0.000, 0.194]    0.062 [0.011, 0.283]    0.000 [0.000, 0.194]    0.500 [0.280, 0.720]    0.312 [0.142, 0.556]    0.500 [0.280, 0.720]    0.062 [0.011, 0.283]    0.000 [0.000, 0.194]    0.125 [0.035, 0.360]    0.125 [0.035, 0.360]    0.000 [0.000, 0.194]    0.000 [0.000, 0.194]    0.062 [0.011, 0.283]    0.125 [0.035, 0.360]    0.188 [0.066, 0.430]    0.000 [0.000, 0.194]
dragon-pool       0.188 [0.066, 0.430]    0.438 [0.231, 0.668]    0.188 [0.066, 0.430]    1.000 [0.806, 1.000]    0.875 [0.640, 0.965]    0.938 [0.717, 0.989]    0.625 [0.386, 0.815]    0.250 [0.102, 0.495]    0.312 [0.142, 0.556]    0.688 [0.444, 0.858]    0.312 [0.142, 0.556]    0.188 [0.066, 0.430]    0.125 [0.035, 0.360]    0.375 [0.185, 0.614]    0.875 [0.640, 0.965]    0.312 [0.142, 0.556]
elf-neanisu2      0.188 [0.066, 0.430]    0.875 [0.640, 0.965]    0.188 [0.066, 0.430]    1.000 [0.806, 1.000]    0.938 [0.717, 0.989]    1.000 [0.806, 1.000]    0.750 [0.505, 0.898]    0.500 [0.280, 0.720]    0.750 [0.505, 0.898]    0.938 [0.717, 0.989]    0.625 [0.386, 0.815]    0.625 [0.386, 0.815]    0.500 [0.280, 0.720]    0.562 [0.332, 0.769]    0.875 [0.640, 0.965]    0.875 [0.640, 0.965]
forest-pool       0.062 [0.011, 0.283]    0.688 [0.444, 0.858]    0.062 [0.011, 0.283]    0.875 [0.640, 0.965]    1.000 [0.806, 1.000]    0.938 [0.717, 0.989]    0.562 [0.332, 0.769]    0.188 [0.066, 0.430]    0.312 [0.142, 0.556]    0.875 [0.640, 0.965]    0.125 [0.035, 0.360]    0.312 [0.142, 0.556]    0.375 [0.185, 0.614]    0.312 [0.142, 0.556]    0.812 [0.570, 0.934]    0.375 [0.185, 0.614]
portal-pool       0.000 [0.000, 0.194]    0.312 [0.142, 0.556]    0.000 [0.000, 0.194]    0.625 [0.386, 0.815]    0.688 [0.444, 0.858]    0.938 [0.717, 0.989]    0.250 [0.102, 0.495]    0.125 [0.035, 0.360]    0.250 [0.102, 0.495]    0.438 [0.231, 0.668]    0.188 [0.066, 0.430]    0.188 [0.066, 0.430]    0.062 [0.011, 0.283]    0.188 [0.066, 0.430]    0.438 [0.231, 0.668]    0.312 [0.142, 0.556]
ramp-37772        0.188 [0.066, 0.430]    0.812 [0.570, 0.934]    0.250 [0.102, 0.495]    1.000 [0.806, 1.000]    0.938 [0.717, 0.989]    1.000 [0.806, 1.000]    0.688 [0.444, 0.858]    0.312 [0.142, 0.556]    0.688 [0.444, 0.858]    0.750 [0.505, 0.898]    0.500 [0.280, 0.720]    0.375 [0.185, 0.614]    0.375 [0.185, 0.614]    0.750 [0.505, 0.898]    0.875 [0.640, 0.965]    0.875 [0.640, 0.965]
ramp-claywies     0.125 [0.035, 0.360]    0.500 [0.280, 0.720]    0.375 [0.185, 0.614]    0.938 [0.717, 0.989]    0.938 [0.717, 0.989]    0.938 [0.717, 0.989]    0.812 [0.570, 0.934]    0.625 [0.386, 0.815]    0.562 [0.332, 0.769]    0.812 [0.570, 0.934]    0.438 [0.231, 0.668]    0.500 [0.280, 0.720]    0.375 [0.185, 0.614]    0.438 [0.231, 0.668]    1.000 [0.806, 1.000]    0.688 [0.444, 0.858]
royal-nattui      0.375 [0.185, 0.614]    0.875 [0.640, 0.965]    0.500 [0.280, 0.720]    0.938 [0.717, 0.989]    0.875 [0.640, 0.965]    1.000 [0.806, 1.000]    1.000 [0.806, 1.000]    0.438 [0.231, 0.668]    1.000 [0.806, 1.000]    1.000 [0.806, 1.000]    0.625 [0.386, 0.815]    0.875 [0.640, 0.965]    0.500 [0.280, 0.720]    0.625 [0.386, 0.815]    0.938 [0.717, 0.989]    0.875 [0.640, 0.965]
rune-mach15       0.188 [0.066, 0.430]    0.812 [0.570, 0.934]    0.312 [0.142, 0.556]    0.938 [0.717, 0.989]    0.938 [0.717, 0.989]    0.938 [0.717, 0.989]    0.625 [0.386, 0.815]    0.438 [0.231, 0.668]    0.562 [0.332, 0.769]    0.938 [0.717, 0.989]    0.438 [0.231, 0.668]    0.438 [0.231, 0.668]    0.500 [0.280, 0.720]    0.438 [0.231, 0.668]    0.938 [0.717, 0.989]    0.562 [0.332, 0.769]
rune-pool         0.000 [0.000, 0.194]    0.188 [0.066, 0.430]    0.000 [0.000, 0.194]    0.812 [0.570, 0.934]    0.375 [0.185, 0.614]    0.688 [0.444, 0.858]    0.188 [0.066, 0.430]    0.062 [0.011, 0.283]    0.188 [0.066, 0.430]    0.438 [0.231, 0.668]    0.062 [0.011, 0.283]    0.062 [0.011, 0.283]    0.000 [0.000, 0.194]    0.000 [0.000, 0.194]    0.625 [0.386, 0.815]    0.188 [0.066, 0.430]
sword-pool        0.125 [0.035, 0.360]    0.688 [0.444, 0.858]    0.062 [0.011, 0.283]    1.000 [0.806, 1.000]    1.000 [0.806, 1.000]    1.000 [0.806, 1.000]    0.750 [0.505, 0.898]    0.375 [0.185, 0.614]    0.750 [0.505, 0.898]    0.562 [0.332, 0.769]    0.250 [0.102, 0.495]    0.312 [0.142, 0.556]    0.125 [0.035, 0.360]    0.375 [0.185, 0.614]    0.938 [0.717, 0.989]    0.688 [0.444, 0.858]
4096 games in 1530.609s (2.7 games/s)
wrote results\net2\main-linear.json


=== summary ===
h0:value=net,net=C:\Users\agban\projects\arena\results\net2\linear.json vs h0
games: 4096  decisive: 4096  draws: 0
policy_a win rate: 0.508 [0.493, 0.523]
first-player win rate: 0.562
mean turns: 8.28  mean actions: 77.52
end: lethal=4096 deckout=0 turn_cap=0 action_cap=0 no_legal=0 illegal=0
1530.609s  2.68 games/s  cpus=28
per deck:
  abyss-p8rfn: policy_a (row) 0.852  policy_b (col) 0.840
  abyss-pool: policy_a (row) 0.398  policy_b (col) 0.414
  afnm-minatodao: policy_a (row) 0.836  policy_b (col) 0.805
  basic-forest: policy_a (row) 0.188  policy_b (col) 0.164
  basic-portal: policy_a (row) 0.258  policy_b (col) 0.227
  basic-rune: policy_a (row) 0.129  policy_b (col) 0.094
  dragon-pool: policy_a (row) 0.480  policy_b (col) 0.457
  elf-neanisu2: policy_a (row) 0.699  policy_b (col) 0.688
  forest-pool: policy_a (row) 0.492  policy_b (col) 0.496
  portal-pool: policy_a (row) 0.312  policy_b (col) 0.324
  ramp-37772: policy_a (row) 0.648  policy_b (col) 0.660
  ramp-claywies: policy_a (row) 0.629  policy_b (col) 0.652
  royal-nattui: policy_a (row) 0.777  policy_b (col) 0.711
  rune-mach15: policy_a (row) 0.625  policy_b (col) 0.609
  rune-pool: policy_a (row) 0.242  policy_b (col) 0.238
  sword-pool: policy_a (row) 0.562  policy_b (col) 0.492
