matchup: 16 decks × 16 games = 4096 games (seed=1, policy_a=h0:value=net,net=C:\Users\agban\projects\arena\results\net2\mlp.json, policy_b=h0, first=alternate, threads=None)
Win rate (row = A, col = B; cell = A's win rate)
                           abyss-p8rfn              abyss-pool          afnm-minatodao            basic-forest            basic-portal              basic-rune             dragon-pool            elf-neanisu2             forest-pool             portal-pool              ramp-37772           ramp-claywies            royal-nattui             rune-mach15               rune-pool              sword-pool
abyss-p8rfn                      0.312                   1.000                   0.375                   0.938                   0.938                   1.000                   0.875                   0.750                   0.812                   0.812                   0.938                   0.438                   0.812                   0.812                   1.000                   0.875
abyss-pool                       0.062                   0.438                   0.062                   0.688                   0.688                   0.812                   0.188                   0.125                   0.125                   0.438                   0.438                   0.125                   0.062                   0.188                   0.750                   0.312
afnm-minatodao                   0.188                   0.875                   0.375                   1.000                   0.938                   1.000                   0.688                   0.625                   0.812                   0.938                   0.438                   0.875                   0.562                   0.625                   1.000                   0.688
basic-forest                     0.000                   0.250                   0.000                   0.562                   0.188                   0.812                   0.188                   0.000                   0.062                   0.312                   0.062                   0.000                   0.062                   0.062                   0.188                   0.062
basic-portal                     0.000                   0.125                   0.000                   0.500                   0.688                   0.875                   0.188                   0.000                   0.188                   0.438                   0.062                   0.062                   0.000                   0.125                   0.500                   0.125
basic-rune                       0.000                   0.000                   0.000                   0.438                   0.125                   0.500                   0.062                   0.062                   0.000                   0.062                   0.000                   0.000                   0.000                   0.062                   0.250                   0.062
dragon-pool                      0.000                   0.250                   0.062                   0.625                   0.812                   0.938                   0.500                   0.062                   0.375                   0.500                   0.312                   0.250                   0.062                   0.438                   0.750                   0.500
elf-neanisu2                     0.188                   0.875                   0.188                   1.000                   0.875                   1.000                   0.750                   0.250                   0.750                   0.875                   0.625                   0.562                   0.438                   0.438                   1.000                   0.938
forest-pool                      0.125                   0.438                   0.062                   0.875                   0.750                   0.938                   0.812                   0.188                   0.500                   0.625                   0.125                   0.250                   0.062                   0.250                   0.938                   0.500
portal-pool                      0.000                   0.188                   0.000                   0.812                   0.375                   0.938                   0.250                   0.000                   0.250                   0.625                   0.375                   0.188                   0.062                   0.125                   0.688                   0.312
ramp-37772                       0.312                   0.938                   0.250                   0.938                   0.875                   1.000                   0.812                   0.375                   0.562                   0.750                   0.500                   0.250                   0.250                   0.562                   1.000                   0.562
ramp-claywies                    0.062                   0.500                   0.250                   0.750                   0.875                   0.875                   0.750                   0.375                   0.688                   0.812                   0.312                   0.312                   0.438                   0.562                   0.938                   0.438
royal-nattui                     0.188                   0.812                   0.500                   0.938                   0.938                   1.000                   0.750                   0.188                   0.688                   0.938                   0.625                   0.625                   0.562                   0.625                   0.938                   0.625
rune-mach15                      0.062                   0.812                   0.000                   0.875                   1.000                   0.938                   0.562                   0.500                   0.500                   0.938                   0.250                   0.312                   0.438                   0.375                   0.875                   0.625
rune-pool                        0.000                   0.062                   0.000                   0.500                   0.375                   0.750                   0.188                   0.062                   0.062                   0.188                   0.000                   0.000                   0.000                   0.062                   0.562                   0.125
sword-pool                       0.062                   0.750                   0.125                   1.000                   1.000                   0.875                   0.812                   0.188                   0.750                   0.625                   0.125                   0.312                   0.188                   0.312                   0.938                   0.438

First-player win rate / mean turns
                           abyss-p8rfn              abyss-pool          afnm-minatodao            basic-forest            basic-portal              basic-rune             dragon-pool            elf-neanisu2             forest-pool             portal-pool              ramp-37772           ramp-claywies            royal-nattui             rune-mach15               rune-pool              sword-pool
abyss-p8rfn              0.688 /   8.2           0.500 /   7.9           0.625 /   8.5           0.438 /   7.4           0.438 /   7.6           0.500 /   7.3           0.625 /   8.1           0.375 /   7.8           0.438 /   7.1           0.438 /   7.2           0.562 /   7.8           0.562 /   8.2           0.438 /   7.5           0.562 /   8.3           0.500 /   7.5           0.500 /   7.9
abyss-pool               0.562 /   7.2           0.438 /   9.4           0.438 /   7.0           0.688 /   7.3           0.438 /   7.5           0.312 /   6.4           0.562 /   8.1           0.500 /   7.2           0.500 /   7.4           0.438 /   7.6           0.562 /   7.8           0.500 /   8.6           0.562 /   7.4           0.562 /   8.6           0.500 /   8.8           0.688 /   8.6
afnm-minatodao           0.438 /   8.1           0.500 /   7.5           0.500 /   8.2           0.500 /   6.9           0.438 /   7.2           0.500 /   6.6           0.562 /   8.2           0.625 /   8.2           0.562 /   8.0           0.562 /   7.4           0.562 /   8.8           0.625 /   7.9           0.312 /   8.1           0.750 /   8.7           0.500 /   7.2           0.562 /   8.1
basic-forest             0.500 /   7.2           0.500 /   7.7           0.500 /   6.8           0.562 /   7.8           0.438 /   8.2           0.438 /   7.8           0.562 /   8.0           0.500 /   7.2           0.562 /   7.8           0.562 /   7.4           0.562 /   7.8           0.500 /   7.5           0.562 /   7.4           0.438 /   7.1           0.438 /   8.4           0.562 /   8.1
basic-portal             0.500 /   7.4           0.625 /   8.5           0.500 /   7.1           0.625 /   8.6           0.688 /   9.3           0.500 /   7.8           0.562 /   8.1           0.500 /   7.6           0.562 /   9.7           0.562 /   8.0           0.562 /   8.3           0.562 /   8.3           0.500 /   7.8           0.500 /   7.8           0.750 /  10.3           0.625 /   8.2
basic-rune               0.500 /   7.2           0.500 /   6.6           0.500 /   6.1           0.438 /   7.2           0.375 /   7.5           0.375 /   7.2           0.562 /   6.9           0.438 /   6.6           0.500 /   7.4           0.438 /   6.9           0.500 /   7.1           0.500 /   7.2           0.500 /   6.9           0.438 /   7.4           0.625 /   7.8           0.438 /   7.2
dragon-pool              0.500 /   7.4           0.500 /   8.1           0.562 /   6.8           0.625 /   7.0           0.562 /   7.8           0.438 /   7.2           0.250 /   8.3           0.438 /   7.2           0.500 /   7.2           0.500 /   7.6           0.438 /   7.8           0.500 /   6.9           0.438 /   7.4           0.438 /   8.2           0.375 /   8.0           0.500 /   8.2
elf-neanisu2             0.438 /   7.6           0.500 /   8.1           0.688 /   8.3           0.500 /   7.5           0.500 /   8.2           0.500 /   7.1           0.625 /   7.5           0.625 /   7.7           0.750 /   9.2           0.500 /   8.1           0.500 /   7.9           0.562 /   8.8           0.812 /   8.6           0.438 /   7.9           0.500 /   7.4           0.562 /   7.6
forest-pool              0.500 /   7.9           0.438 /   8.7           0.438 /   8.2           0.500 /   8.2           0.625 /   8.3           0.562 /   6.7           0.562 /   7.8           0.562 /   7.4           0.625 /   8.8           0.625 /   7.6           0.500 /   8.5           0.500 /   8.6           0.438 /   8.8           0.750 /   9.5           0.438 /   9.6           0.500 /   9.1
portal-pool              0.500 /   7.4           0.562 /   8.8           0.500 /   6.3           0.688 /   8.4           0.375 /   7.5           0.438 /   7.5           0.625 /   8.1           0.500 /   6.8           0.625 /   8.6           0.500 /   7.9           0.500 /   8.3           0.438 /   7.9           0.562 /   7.6           0.625 /   8.0           0.312 /   9.6           0.562 /   9.8
ramp-37772               0.688 /   7.9           0.562 /   8.8           0.500 /   7.9           0.562 /   8.1           0.500 /   8.6           0.500 /   7.6           0.438 /   8.9           0.500 /   8.2           0.562 /   8.6           0.500 /   8.5           0.375 /   8.9           0.375 /   8.7           0.750 /   9.2           0.562 /   8.4           0.500 /   8.4           0.562 /   9.2
ramp-claywies            0.562 /   7.3           0.375 /   7.7           0.375 /   7.8           0.625 /   7.8           0.500 /   7.7           0.625 /   7.3           0.375 /   9.1           0.625 /   8.9           0.688 /   9.2           0.562 /   8.6           0.438 /   8.8           0.688 /   8.1           0.688 /   8.5           0.562 /   9.6           0.562 /   7.9           0.438 /   9.4
royal-nattui             0.688 /   7.8           0.562 /   8.3           0.625 /   7.6           0.438 /   7.4           0.562 /   8.2           0.500 /   6.2           0.750 /   7.3           0.562 /   7.8           0.688 /   8.2           0.562 /   7.4           0.500 /   8.2           0.500 /   7.3           0.562 /   7.8           0.750 /   8.3           0.438 /   7.1           0.875 /   8.1
rune-mach15              0.562 /   7.5           0.438 /   9.3           0.500 /   7.8           0.625 /   7.6           0.500 /   8.4           0.438 /   7.1           0.688 /   8.9           0.500 /   8.9           0.750 /  10.1           0.562 /   8.8           0.500 /   8.4           0.562 /   8.4           0.812 /   8.1           0.750 /   9.9           0.500 /   9.4           0.750 /  10.2
rune-pool                0.500 /   6.5           0.438 /   8.8           0.500 /   6.8           0.625 /   8.7           0.625 /  10.0           0.625 /   8.3           0.562 /   8.5           0.562 /   7.5           0.438 /   8.7           0.438 /   7.8           0.500 /   7.4           0.500 /   8.3           0.500 /   7.4           0.438 /   8.8           0.438 /  11.3           0.625 /   8.9
sword-pool               0.438 /   7.2           0.500 /  10.0           0.625 /   8.4           0.500 /   8.0           0.500 /   8.8           0.500 /   7.2           0.562 /   8.8           0.438 /   9.0           0.625 /   9.2           0.625 /   8.6           0.500 /   8.6           0.688 /   9.0           0.562 /   8.2           0.562 /   9.6           0.562 /  10.0           0.562 /   9.1

A win rate over decisive games, Wilson 95% [lo, hi]
                           abyss-p8rfn              abyss-pool          afnm-minatodao            basic-forest            basic-portal              basic-rune             dragon-pool            elf-neanisu2             forest-pool             portal-pool              ramp-37772           ramp-claywies            royal-nattui             rune-mach15               rune-pool              sword-pool
abyss-p8rfn       0.312 [0.142, 0.556]    1.000 [0.806, 1.000]    0.375 [0.185, 0.614]    0.938 [0.717, 0.989]    0.938 [0.717, 0.989]    1.000 [0.806, 1.000]    0.875 [0.640, 0.965]    0.750 [0.505, 0.898]    0.812 [0.570, 0.934]    0.812 [0.570, 0.934]    0.938 [0.717, 0.989]    0.438 [0.231, 0.668]    0.812 [0.570, 0.934]    0.812 [0.570, 0.934]    1.000 [0.806, 1.000]    0.875 [0.640, 0.965]
abyss-pool        0.062 [0.011, 0.283]    0.438 [0.231, 0.668]    0.062 [0.011, 0.283]    0.688 [0.444, 0.858]    0.688 [0.444, 0.858]    0.812 [0.570, 0.934]    0.188 [0.066, 0.430]    0.125 [0.035, 0.360]    0.125 [0.035, 0.360]    0.438 [0.231, 0.668]    0.438 [0.231, 0.668]    0.125 [0.035, 0.360]    0.062 [0.011, 0.283]    0.188 [0.066, 0.430]    0.750 [0.505, 0.898]    0.312 [0.142, 0.556]
afnm-minatodao    0.188 [0.066, 0.430]    0.875 [0.640, 0.965]    0.375 [0.185, 0.614]    1.000 [0.806, 1.000]    0.938 [0.717, 0.989]    1.000 [0.806, 1.000]    0.688 [0.444, 0.858]    0.625 [0.386, 0.815]    0.812 [0.570, 0.934]    0.938 [0.717, 0.989]    0.438 [0.231, 0.668]    0.875 [0.640, 0.965]    0.562 [0.332, 0.769]    0.625 [0.386, 0.815]    1.000 [0.806, 1.000]    0.688 [0.444, 0.858]
basic-forest      0.000 [0.000, 0.194]    0.250 [0.102, 0.495]    0.000 [0.000, 0.194]    0.562 [0.332, 0.769]    0.188 [0.066, 0.430]    0.812 [0.570, 0.934]    0.188 [0.066, 0.430]    0.000 [0.000, 0.194]    0.062 [0.011, 0.283]    0.312 [0.142, 0.556]    0.062 [0.011, 0.283]    0.000 [0.000, 0.194]    0.062 [0.011, 0.283]    0.062 [0.011, 0.283]    0.188 [0.066, 0.430]    0.062 [0.011, 0.283]
basic-portal      0.000 [0.000, 0.194]    0.125 [0.035, 0.360]    0.000 [0.000, 0.194]    0.500 [0.280, 0.720]    0.688 [0.444, 0.858]    0.875 [0.640, 0.965]    0.188 [0.066, 0.430]    0.000 [0.000, 0.194]    0.188 [0.066, 0.430]    0.438 [0.231, 0.668]    0.062 [0.011, 0.283]    0.062 [0.011, 0.283]    0.000 [0.000, 0.194]    0.125 [0.035, 0.360]    0.500 [0.280, 0.720]    0.125 [0.035, 0.360]
basic-rune        0.000 [0.000, 0.194]    0.000 [0.000, 0.194]    0.000 [0.000, 0.194]    0.438 [0.231, 0.668]    0.125 [0.035, 0.360]    0.500 [0.280, 0.720]    0.062 [0.011, 0.283]    0.062 [0.011, 0.283]    0.000 [0.000, 0.194]    0.062 [0.011, 0.283]    0.000 [0.000, 0.194]    0.000 [0.000, 0.194]    0.000 [0.000, 0.194]    0.062 [0.011, 0.283]    0.250 [0.102, 0.495]    0.062 [0.011, 0.283]
dragon-pool       0.000 [0.000, 0.194]    0.250 [0.102, 0.495]    0.062 [0.011, 0.283]    0.625 [0.386, 0.815]    0.812 [0.570, 0.934]    0.938 [0.717, 0.989]    0.500 [0.280, 0.720]    0.062 [0.011, 0.283]    0.375 [0.185, 0.614]    0.500 [0.280, 0.720]    0.312 [0.142, 0.556]    0.250 [0.102, 0.495]    0.062 [0.011, 0.283]    0.438 [0.231, 0.668]    0.750 [0.505, 0.898]    0.500 [0.280, 0.720]
elf-neanisu2      0.188 [0.066, 0.430]    0.875 [0.640, 0.965]    0.188 [0.066, 0.430]    1.000 [0.806, 1.000]    0.875 [0.640, 0.965]    1.000 [0.806, 1.000]    0.750 [0.505, 0.898]    0.250 [0.102, 0.495]    0.750 [0.505, 0.898]    0.875 [0.640, 0.965]    0.625 [0.386, 0.815]    0.562 [0.332, 0.769]    0.438 [0.231, 0.668]    0.438 [0.231, 0.668]    1.000 [0.806, 1.000]    0.938 [0.717, 0.989]
forest-pool       0.125 [0.035, 0.360]    0.438 [0.231, 0.668]    0.062 [0.011, 0.283]    0.875 [0.640, 0.965]    0.750 [0.505, 0.898]    0.938 [0.717, 0.989]    0.812 [0.570, 0.934]    0.188 [0.066, 0.430]    0.500 [0.280, 0.720]    0.625 [0.386, 0.815]    0.125 [0.035, 0.360]    0.250 [0.102, 0.495]    0.062 [0.011, 0.283]    0.250 [0.102, 0.495]    0.938 [0.717, 0.989]    0.500 [0.280, 0.720]
portal-pool       0.000 [0.000, 0.194]    0.188 [0.066, 0.430]    0.000 [0.000, 0.194]    0.812 [0.570, 0.934]    0.375 [0.185, 0.614]    0.938 [0.717, 0.989]    0.250 [0.102, 0.495]    0.000 [0.000, 0.194]    0.250 [0.102, 0.495]    0.625 [0.386, 0.815]    0.375 [0.185, 0.614]    0.188 [0.066, 0.430]    0.062 [0.011, 0.283]    0.125 [0.035, 0.360]    0.688 [0.444, 0.858]    0.312 [0.142, 0.556]
ramp-37772        0.312 [0.142, 0.556]    0.938 [0.717, 0.989]    0.250 [0.102, 0.495]    0.938 [0.717, 0.989]    0.875 [0.640, 0.965]    1.000 [0.806, 1.000]    0.812 [0.570, 0.934]    0.375 [0.185, 0.614]    0.562 [0.332, 0.769]    0.750 [0.505, 0.898]    0.500 [0.280, 0.720]    0.250 [0.102, 0.495]    0.250 [0.102, 0.495]    0.562 [0.332, 0.769]    1.000 [0.806, 1.000]    0.562 [0.332, 0.769]
ramp-claywies     0.062 [0.011, 0.283]    0.500 [0.280, 0.720]    0.250 [0.102, 0.495]    0.750 [0.505, 0.898]    0.875 [0.640, 0.965]    0.875 [0.640, 0.965]    0.750 [0.505, 0.898]    0.375 [0.185, 0.614]    0.688 [0.444, 0.858]    0.812 [0.570, 0.934]    0.312 [0.142, 0.556]    0.312 [0.142, 0.556]    0.438 [0.231, 0.668]    0.562 [0.332, 0.769]    0.938 [0.717, 0.989]    0.438 [0.231, 0.668]
royal-nattui      0.188 [0.066, 0.430]    0.812 [0.570, 0.934]    0.500 [0.280, 0.720]    0.938 [0.717, 0.989]    0.938 [0.717, 0.989]    1.000 [0.806, 1.000]    0.750 [0.505, 0.898]    0.188 [0.066, 0.430]    0.688 [0.444, 0.858]    0.938 [0.717, 0.989]    0.625 [0.386, 0.815]    0.625 [0.386, 0.815]    0.562 [0.332, 0.769]    0.625 [0.386, 0.815]    0.938 [0.717, 0.989]    0.625 [0.386, 0.815]
rune-mach15       0.062 [0.011, 0.283]    0.812 [0.570, 0.934]    0.000 [0.000, 0.194]    0.875 [0.640, 0.965]    1.000 [0.806, 1.000]    0.938 [0.717, 0.989]    0.562 [0.332, 0.769]    0.500 [0.280, 0.720]    0.500 [0.280, 0.720]    0.938 [0.717, 0.989]    0.250 [0.102, 0.495]    0.312 [0.142, 0.556]    0.438 [0.231, 0.668]    0.375 [0.185, 0.614]    0.875 [0.640, 0.965]    0.625 [0.386, 0.815]
rune-pool         0.000 [0.000, 0.194]    0.062 [0.011, 0.283]    0.000 [0.000, 0.194]    0.500 [0.280, 0.720]    0.375 [0.185, 0.614]    0.750 [0.505, 0.898]    0.188 [0.066, 0.430]    0.062 [0.011, 0.283]    0.062 [0.011, 0.283]    0.188 [0.066, 0.430]    0.000 [0.000, 0.194]    0.000 [0.000, 0.194]    0.000 [0.000, 0.194]    0.062 [0.011, 0.283]    0.562 [0.332, 0.769]    0.125 [0.035, 0.360]
sword-pool        0.062 [0.011, 0.283]    0.750 [0.505, 0.898]    0.125 [0.035, 0.360]    1.000 [0.806, 1.000]    1.000 [0.806, 1.000]    0.875 [0.640, 0.965]    0.812 [0.570, 0.934]    0.188 [0.066, 0.430]    0.750 [0.505, 0.898]    0.625 [0.386, 0.815]    0.125 [0.035, 0.360]    0.312 [0.142, 0.556]    0.188 [0.066, 0.430]    0.312 [0.142, 0.556]    0.938 [0.717, 0.989]    0.438 [0.231, 0.668]
4096 games in 2437.691s (1.7 games/s)
wrote results\net2\main-mlp.json


=== summary ===
h0:value=net,net=C:\Users\agban\projects\arena\results\net2\mlp.json vs h0
games: 4096  decisive: 4096  draws: 0
policy_a win rate: 0.462 [0.447, 0.477]
first-player win rate: 0.533
mean turns: 8.04  mean actions: 75.06
end: lethal=4094 deckout=2 turn_cap=0 action_cap=0 no_legal=0 illegal=0
2437.691s  1.68 games/s  cpus=28
per deck:
  abyss-p8rfn: policy_a (row) 0.793  policy_b (col) 0.902
  abyss-pool: policy_a (row) 0.344  policy_b (col) 0.480
  afnm-minatodao: policy_a (row) 0.727  policy_b (col) 0.859
  basic-forest: policy_a (row) 0.176  policy_b (col) 0.223
  basic-portal: policy_a (row) 0.242  policy_b (col) 0.285
  basic-rune: policy_a (row) 0.102  policy_b (col) 0.109
  dragon-pool: policy_a (row) 0.402  policy_b (col) 0.477
  elf-neanisu2: policy_a (row) 0.672  policy_b (col) 0.766
  forest-pool: policy_a (row) 0.465  policy_b (col) 0.555
  portal-pool: policy_a (row) 0.324  policy_b (col) 0.383
  ramp-37772: policy_a (row) 0.621  policy_b (col) 0.676
  ramp-claywies: policy_a (row) 0.559  policy_b (col) 0.715
  royal-nattui: policy_a (row) 0.684  policy_b (col) 0.750
  rune-mach15: policy_a (row) 0.566  policy_b (col) 0.648
  rune-pool: policy_a (row) 0.184  policy_b (col) 0.230
  sword-pool: policy_a (row) 0.531  policy_b (col) 0.551
