matchup: 16 decks × 1 games = 256 games (seed=1, policy_a=h0, policy_b=h0, first=alternate, threads=None)
Win rate (row = A, col = B; cell = A's win rate)
                           abyss-p8rfn              abyss-pool          afnm-minatodao            basic-forest            basic-portal              basic-rune             dragon-pool            elf-neanisu2             forest-pool             portal-pool              ramp-37772           ramp-claywies            royal-nattui             rune-mach15               rune-pool              sword-pool
abyss-p8rfn                      1.000                   1.000                   1.000                   1.000                   1.000                   1.000                   1.000                   1.000                   0.000                   1.000                   1.000                   1.000                   1.000                   1.000                   1.000                   1.000
abyss-pool                       0.000                   0.000                   0.000                   1.000                   1.000                   1.000                   1.000                   0.000                   0.000                   1.000                   0.000                   0.000                   0.000                   0.000                   1.000                   0.000
afnm-minatodao                   0.000                   1.000                   1.000                   1.000                   1.000                   1.000                   1.000                   1.000                   1.000                   1.000                   1.000                   1.000                   1.000                   1.000                   1.000                   1.000
basic-forest                     0.000                   0.000                   0.000                   1.000                   0.000                   0.000                   1.000                   0.000                   0.000                   0.000                   0.000                   0.000                   0.000                   0.000                   1.000                   0.000
basic-portal                     0.000                   1.000                   0.000                   1.000                   1.000                   1.000                   0.000                   0.000                   0.000                   1.000                   0.000                   0.000                   0.000                   0.000                   0.000                   0.000
basic-rune                       0.000                   0.000                   0.000                   0.000                   0.000                   1.000                   0.000                   0.000                   0.000                   0.000                   0.000                   0.000                   0.000                   0.000                   0.000                   0.000
dragon-pool                      0.000                   0.000                   0.000                   1.000                   1.000                   1.000                   0.000                   0.000                   1.000                   1.000                   1.000                   0.000                   0.000                   0.000                   1.000                   1.000
elf-neanisu2                     0.000                   1.000                   0.000                   1.000                   1.000                   1.000                   1.000                   0.000                   1.000                   1.000                   1.000                   0.000                   0.000                   1.000                   1.000                   0.000
forest-pool                      0.000                   1.000                   0.000                   1.000                   1.000                   1.000                   1.000                   0.000                   1.000                   0.000                   0.000                   0.000                   0.000                   0.000                   1.000                   1.000
portal-pool                      0.000                   0.000                   0.000                   1.000                   1.000                   1.000                   1.000                   1.000                   0.000                   1.000                   0.000                   0.000                   0.000                   0.000                   0.000                   1.000
ramp-37772                       0.000                   1.000                   1.000                   1.000                   1.000                   1.000                   1.000                   0.000                   1.000                   0.000                   0.000                   0.000                   1.000                   0.000                   1.000                   1.000
ramp-claywies                    0.000                   0.000                   0.000                   1.000                   1.000                   1.000                   1.000                   1.000                   1.000                   0.000                   0.000                   0.000                   0.000                   0.000                   1.000                   1.000
royal-nattui                     0.000                   1.000                   1.000                   1.000                   0.000                   1.000                   1.000                   0.000                   1.000                   1.000                   1.000                   1.000                   1.000                   1.000                   1.000                   0.000
rune-mach15                      0.000                   1.000                   0.000                   1.000                   1.000                   1.000                   1.000                   1.000                   1.000                   1.000                   0.000                   0.000                   0.000                   1.000                   1.000                   0.000
rune-pool                        0.000                   0.000                   0.000                   1.000                   0.000                   1.000                   0.000                   0.000                   0.000                   0.000                   0.000                   0.000                   0.000                   0.000                   1.000                   0.000
sword-pool                       0.000                   1.000                   0.000                   1.000                   1.000                   1.000                   1.000                   1.000                   1.000                   1.000                   1.000                   1.000                   0.000                   0.000                   1.000                   1.000

First-player win rate / mean turns
                           abyss-p8rfn              abyss-pool          afnm-minatodao            basic-forest            basic-portal              basic-rune             dragon-pool            elf-neanisu2             forest-pool             portal-pool              ramp-37772           ramp-claywies            royal-nattui             rune-mach15               rune-pool              sword-pool
abyss-p8rfn              1.000 /   9.0           1.000 /   9.0           1.000 /   8.0           1.000 /   8.0           1.000 /   8.0           1.000 /   7.0           1.000 /   8.0           1.000 /   8.0           0.000 /   9.0           1.000 /  12.0           1.000 /   8.0           1.000 /   8.0           1.000 /   8.0           1.000 /   8.0           1.000 /   6.0           1.000 /   8.0
abyss-pool               0.000 /   6.0           0.000 /   9.0           0.000 /   6.0           1.000 /   8.0           1.000 /   9.0           1.000 /  10.0           1.000 /   8.0           0.000 /   9.0           0.000 /   7.0           1.000 /   7.0           0.000 /  10.0           0.000 /  10.0           0.000 /   7.0           0.000 /  10.0           1.000 /   7.0           0.000 /  11.0
afnm-minatodao           0.000 /   8.0           1.000 /   8.0           1.000 /   7.0           1.000 /   8.0           1.000 /   8.0           1.000 /   6.0           1.000 /   7.0           1.000 /  10.0           1.000 /   8.0           1.000 /   8.0           1.000 /   8.0           1.000 /  12.0           1.000 /   6.0           1.000 /   8.0           1.000 /   8.0           1.000 /   7.0
basic-forest             0.000 /   8.0           0.000 /   6.0           0.000 /   6.0           1.000 /  10.0           0.000 /   9.0           0.000 /   9.0           1.000 /   8.0           0.000 /   8.0           0.000 /   9.0           0.000 /   8.0           0.000 /   9.0           0.000 /   8.0           0.000 /   6.0           0.000 /   8.0           1.000 /   9.0           0.000 /   9.0
basic-portal             0.000 /   7.0           1.000 /   6.0           0.000 /   6.0           1.000 /   9.0           1.000 /  11.0           1.000 /   9.0           0.000 /   6.0           0.000 /   9.0           0.000 /   9.0           1.000 /   9.0           0.000 /   6.0           0.000 /  10.0           0.000 /   9.0           0.000 /   9.0           0.000 /   9.0           0.000 /  10.0
basic-rune               0.000 /   6.0           0.000 /   6.0           0.000 /   6.0           0.000 /   8.0           0.000 /  10.0           1.000 /   7.0           0.000 /   8.0           0.000 /   6.0           0.000 /   7.0           0.000 /   8.0           0.000 /   8.0           0.000 /   7.0           0.000 /   7.0           0.000 /   7.0           0.000 /   8.0           0.000 /   9.0
dragon-pool              0.000 /   7.0           0.000 /   8.0           0.000 /  12.0           1.000 /   6.0           1.000 /   8.0           1.000 /   8.0           0.000 /   9.0           0.000 /   7.0           1.000 /   7.0           1.000 /   7.0           1.000 /   8.0           0.000 /   9.0           0.000 /   6.0           0.000 /  11.0           1.000 /   6.0           1.000 /  10.0
elf-neanisu2             0.000 /  10.0           1.000 /   7.0           0.000 /   8.0           1.000 /   7.0           1.000 /  10.0           1.000 /   9.0           1.000 /   7.0           0.000 /   7.0           1.000 /   7.0           1.000 /   7.0           1.000 /   8.0           0.000 /   6.0           0.000 /   8.0           1.000 /  10.0           1.000 /   7.0           0.000 /  13.0
forest-pool              0.000 /   7.0           1.000 /  14.0           0.000 /   7.0           1.000 /   8.0           1.000 /   9.0           1.000 /   6.0           1.000 /   6.0           0.000 /   7.0           1.000 /  10.0           0.000 /   8.0           0.000 /   8.0           0.000 /   8.0           0.000 /   8.0           0.000 /   7.0           1.000 /   7.0           1.000 /  12.0
portal-pool              0.000 /   8.0           0.000 /   6.0           0.000 /   9.0           1.000 /  11.0           1.000 /   9.0           1.000 /   9.0           1.000 /   9.0           1.000 /  11.0           0.000 /  10.0           1.000 /   8.0           0.000 /  12.0           0.000 /   6.0           0.000 /   8.0           0.000 /   8.0           0.000 /   9.0           1.000 /   6.0
ramp-37772               0.000 /   7.0           1.000 /   6.0           1.000 /  11.0           1.000 /  10.0           1.000 /  10.0           1.000 /   9.0           1.000 /   7.0           0.000 /  10.0           1.000 /   8.0           0.000 /   7.0           0.000 /  10.0           0.000 /  11.0           1.000 /  10.0           0.000 /   6.0           1.000 /  10.0           1.000 /   8.0
ramp-claywies            0.000 /   6.0           0.000 /   6.0           0.000 /   9.0           1.000 /   9.0           1.000 /   8.0           1.000 /   8.0           1.000 /   8.0           1.000 /  14.0           1.000 /  12.0           0.000 /   7.0           0.000 /   6.0           0.000 /   7.0           0.000 /   7.0           0.000 /  10.0           1.000 /   8.0           1.000 /  10.0
royal-nattui             0.000 /   7.0           1.000 /   9.0           1.000 /  11.0           1.000 /   8.0           0.000 /   8.0           1.000 /   7.0           1.000 /   7.0           0.000 /   8.0           1.000 /   9.0           1.000 /   8.0           1.000 /   8.0           1.000 /   6.0           1.000 /   8.0           1.000 /   8.0           1.000 /   7.0           0.000 /  11.0
rune-mach15              0.000 /   7.0           1.000 /  10.0           0.000 /   7.0           1.000 /   8.0           1.000 /   8.0           1.000 /  10.0           1.000 /   9.0           1.000 /   9.0           1.000 /   8.0           1.000 /   6.0           0.000 /   9.0           0.000 /   8.0           0.000 /   7.0           1.000 /   8.0           1.000 /  10.0           0.000 /  14.0
rune-pool                0.000 /   7.0           0.000 /   6.0           0.000 /   8.0           1.000 /   9.0           0.000 /  18.0           1.000 /  10.0           0.000 /   9.0           0.000 /   7.0           0.000 /  13.0           0.000 /   7.0           0.000 /   8.0           0.000 /   8.0           0.000 /  14.0           0.000 /   8.0           1.000 /  11.0           0.000 /  10.0
sword-pool               0.000 /   8.0           1.000 /   9.0           0.000 /   9.0           1.000 /   7.0           1.000 /   9.0           1.000 /   6.0           1.000 /  11.0           1.000 /   8.0           1.000 /  10.0           1.000 /   9.0           1.000 /   7.0           1.000 /   7.0           0.000 /  11.0           0.000 /   7.0           1.000 /   8.0           1.000 /  11.0

A win rate over decisive games, Wilson 95% [lo, hi]
                           abyss-p8rfn              abyss-pool          afnm-minatodao            basic-forest            basic-portal              basic-rune             dragon-pool            elf-neanisu2             forest-pool             portal-pool              ramp-37772           ramp-claywies            royal-nattui             rune-mach15               rune-pool              sword-pool
abyss-p8rfn       1.000 [0.207, 1.000]    1.000 [0.207, 1.000]    1.000 [0.207, 1.000]    1.000 [0.207, 1.000]    1.000 [0.207, 1.000]    1.000 [0.207, 1.000]    1.000 [0.207, 1.000]    1.000 [0.207, 1.000]    0.000 [0.000, 0.793]    1.000 [0.207, 1.000]    1.000 [0.207, 1.000]    1.000 [0.207, 1.000]    1.000 [0.207, 1.000]    1.000 [0.207, 1.000]    1.000 [0.207, 1.000]    1.000 [0.207, 1.000]
abyss-pool        0.000 [0.000, 0.793]    0.000 [0.000, 0.793]    0.000 [0.000, 0.793]    1.000 [0.207, 1.000]    1.000 [0.207, 1.000]    1.000 [0.207, 1.000]    1.000 [0.207, 1.000]    0.000 [0.000, 0.793]    0.000 [0.000, 0.793]    1.000 [0.207, 1.000]    0.000 [0.000, 0.793]    0.000 [0.000, 0.793]    0.000 [0.000, 0.793]    0.000 [0.000, 0.793]    1.000 [0.207, 1.000]    0.000 [0.000, 0.793]
afnm-minatodao    0.000 [0.000, 0.793]    1.000 [0.207, 1.000]    1.000 [0.207, 1.000]    1.000 [0.207, 1.000]    1.000 [0.207, 1.000]    1.000 [0.207, 1.000]    1.000 [0.207, 1.000]    1.000 [0.207, 1.000]    1.000 [0.207, 1.000]    1.000 [0.207, 1.000]    1.000 [0.207, 1.000]    1.000 [0.207, 1.000]    1.000 [0.207, 1.000]    1.000 [0.207, 1.000]    1.000 [0.207, 1.000]    1.000 [0.207, 1.000]
basic-forest      0.000 [0.000, 0.793]    0.000 [0.000, 0.793]    0.000 [0.000, 0.793]    1.000 [0.207, 1.000]    0.000 [0.000, 0.793]    0.000 [0.000, 0.793]    1.000 [0.207, 1.000]    0.000 [0.000, 0.793]    0.000 [0.000, 0.793]    0.000 [0.000, 0.793]    0.000 [0.000, 0.793]    0.000 [0.000, 0.793]    0.000 [0.000, 0.793]    0.000 [0.000, 0.793]    1.000 [0.207, 1.000]    0.000 [0.000, 0.793]
basic-portal      0.000 [0.000, 0.793]    1.000 [0.207, 1.000]    0.000 [0.000, 0.793]    1.000 [0.207, 1.000]    1.000 [0.207, 1.000]    1.000 [0.207, 1.000]    0.000 [0.000, 0.793]    0.000 [0.000, 0.793]    0.000 [0.000, 0.793]    1.000 [0.207, 1.000]    0.000 [0.000, 0.793]    0.000 [0.000, 0.793]    0.000 [0.000, 0.793]    0.000 [0.000, 0.793]    0.000 [0.000, 0.793]    0.000 [0.000, 0.793]
basic-rune        0.000 [0.000, 0.793]    0.000 [0.000, 0.793]    0.000 [0.000, 0.793]    0.000 [0.000, 0.793]    0.000 [0.000, 0.793]    1.000 [0.207, 1.000]    0.000 [0.000, 0.793]    0.000 [0.000, 0.793]    0.000 [0.000, 0.793]    0.000 [0.000, 0.793]    0.000 [0.000, 0.793]    0.000 [0.000, 0.793]    0.000 [0.000, 0.793]    0.000 [0.000, 0.793]    0.000 [0.000, 0.793]    0.000 [0.000, 0.793]
dragon-pool       0.000 [0.000, 0.793]    0.000 [0.000, 0.793]    0.000 [0.000, 0.793]    1.000 [0.207, 1.000]    1.000 [0.207, 1.000]    1.000 [0.207, 1.000]    0.000 [0.000, 0.793]    0.000 [0.000, 0.793]    1.000 [0.207, 1.000]    1.000 [0.207, 1.000]    1.000 [0.207, 1.000]    0.000 [0.000, 0.793]    0.000 [0.000, 0.793]    0.000 [0.000, 0.793]    1.000 [0.207, 1.000]    1.000 [0.207, 1.000]
elf-neanisu2      0.000 [0.000, 0.793]    1.000 [0.207, 1.000]    0.000 [0.000, 0.793]    1.000 [0.207, 1.000]    1.000 [0.207, 1.000]    1.000 [0.207, 1.000]    1.000 [0.207, 1.000]    0.000 [0.000, 0.793]    1.000 [0.207, 1.000]    1.000 [0.207, 1.000]    1.000 [0.207, 1.000]    0.000 [0.000, 0.793]    0.000 [0.000, 0.793]    1.000 [0.207, 1.000]    1.000 [0.207, 1.000]    0.000 [0.000, 0.793]
forest-pool       0.000 [0.000, 0.793]    1.000 [0.207, 1.000]    0.000 [0.000, 0.793]    1.000 [0.207, 1.000]    1.000 [0.207, 1.000]    1.000 [0.207, 1.000]    1.000 [0.207, 1.000]    0.000 [0.000, 0.793]    1.000 [0.207, 1.000]    0.000 [0.000, 0.793]    0.000 [0.000, 0.793]    0.000 [0.000, 0.793]    0.000 [0.000, 0.793]    0.000 [0.000, 0.793]    1.000 [0.207, 1.000]    1.000 [0.207, 1.000]
portal-pool       0.000 [0.000, 0.793]    0.000 [0.000, 0.793]    0.000 [0.000, 0.793]    1.000 [0.207, 1.000]    1.000 [0.207, 1.000]    1.000 [0.207, 1.000]    1.000 [0.207, 1.000]    1.000 [0.207, 1.000]    0.000 [0.000, 0.793]    1.000 [0.207, 1.000]    0.000 [0.000, 0.793]    0.000 [0.000, 0.793]    0.000 [0.000, 0.793]    0.000 [0.000, 0.793]    0.000 [0.000, 0.793]    1.000 [0.207, 1.000]
ramp-37772        0.000 [0.000, 0.793]    1.000 [0.207, 1.000]    1.000 [0.207, 1.000]    1.000 [0.207, 1.000]    1.000 [0.207, 1.000]    1.000 [0.207, 1.000]    1.000 [0.207, 1.000]    0.000 [0.000, 0.793]    1.000 [0.207, 1.000]    0.000 [0.000, 0.793]    0.000 [0.000, 0.793]    0.000 [0.000, 0.793]    1.000 [0.207, 1.000]    0.000 [0.000, 0.793]    1.000 [0.207, 1.000]    1.000 [0.207, 1.000]
ramp-claywies     0.000 [0.000, 0.793]    0.000 [0.000, 0.793]    0.000 [0.000, 0.793]    1.000 [0.207, 1.000]    1.000 [0.207, 1.000]    1.000 [0.207, 1.000]    1.000 [0.207, 1.000]    1.000 [0.207, 1.000]    1.000 [0.207, 1.000]    0.000 [0.000, 0.793]    0.000 [0.000, 0.793]    0.000 [0.000, 0.793]    0.000 [0.000, 0.793]    0.000 [0.000, 0.793]    1.000 [0.207, 1.000]    1.000 [0.207, 1.000]
royal-nattui      0.000 [0.000, 0.793]    1.000 [0.207, 1.000]    1.000 [0.207, 1.000]    1.000 [0.207, 1.000]    0.000 [0.000, 0.793]    1.000 [0.207, 1.000]    1.000 [0.207, 1.000]    0.000 [0.000, 0.793]    1.000 [0.207, 1.000]    1.000 [0.207, 1.000]    1.000 [0.207, 1.000]    1.000 [0.207, 1.000]    1.000 [0.207, 1.000]    1.000 [0.207, 1.000]    1.000 [0.207, 1.000]    0.000 [0.000, 0.793]
rune-mach15       0.000 [0.000, 0.793]    1.000 [0.207, 1.000]    0.000 [0.000, 0.793]    1.000 [0.207, 1.000]    1.000 [0.207, 1.000]    1.000 [0.207, 1.000]    1.000 [0.207, 1.000]    1.000 [0.207, 1.000]    1.000 [0.207, 1.000]    1.000 [0.207, 1.000]    0.000 [0.000, 0.793]    0.000 [0.000, 0.793]    0.000 [0.000, 0.793]    1.000 [0.207, 1.000]    1.000 [0.207, 1.000]    0.000 [0.000, 0.793]
rune-pool         0.000 [0.000, 0.793]    0.000 [0.000, 0.793]    0.000 [0.000, 0.793]    1.000 [0.207, 1.000]    0.000 [0.000, 0.793]    1.000 [0.207, 1.000]    0.000 [0.000, 0.793]    0.000 [0.000, 0.793]    0.000 [0.000, 0.793]    0.000 [0.000, 0.793]    0.000 [0.000, 0.793]    0.000 [0.000, 0.793]    0.000 [0.000, 0.793]    0.000 [0.000, 0.793]    1.000 [0.207, 1.000]    0.000 [0.000, 0.793]
sword-pool        0.000 [0.000, 0.793]    1.000 [0.207, 1.000]    0.000 [0.000, 0.793]    1.000 [0.207, 1.000]    1.000 [0.207, 1.000]    1.000 [0.207, 1.000]    1.000 [0.207, 1.000]    1.000 [0.207, 1.000]    1.000 [0.207, 1.000]    1.000 [0.207, 1.000]    1.000 [0.207, 1.000]    1.000 [0.207, 1.000]    0.000 [0.000, 0.793]    0.000 [0.000, 0.793]    1.000 [0.207, 1.000]    1.000 [0.207, 1.000]
256 games in 93.506s (2.7 games/s)
wrote results\net2\tp-h0.json


=== summary ===
h0 vs h0
games: 256  decisive: 256  draws: 0
policy_a win rate: 0.520 [0.458, 0.580]
first-player win rate: 0.520
mean turns: 8.36  mean actions: 78.29
end: lethal=256 deckout=0 turn_cap=0 action_cap=0 no_legal=0 illegal=0
93.506s  2.74 games/s  cpus=28
per deck:
  abyss-p8rfn: policy_a (row) 0.938  policy_b (col) 0.938
  abyss-pool: policy_a (row) 0.375  policy_b (col) 0.438
  afnm-minatodao: policy_a (row) 0.938  policy_b (col) 0.750
  basic-forest: policy_a (row) 0.188  policy_b (col) 0.062
  basic-portal: policy_a (row) 0.312  policy_b (col) 0.250
  basic-rune: policy_a (row) 0.062  policy_b (col) 0.062
  dragon-pool: policy_a (row) 0.500  policy_b (col) 0.250
  elf-neanisu2: policy_a (row) 0.625  policy_b (col) 0.625
  forest-pool: policy_a (row) 0.500  policy_b (col) 0.438
  portal-pool: policy_a (row) 0.438  policy_b (col) 0.375
  ramp-37772: policy_a (row) 0.625  policy_b (col) 0.625
  ramp-claywies: policy_a (row) 0.500  policy_b (col) 0.750
  royal-nattui: policy_a (row) 0.750  policy_b (col) 0.750
  rune-mach15: policy_a (row) 0.625  policy_b (col) 0.688
  rune-pool: policy_a (row) 0.188  policy_b (col) 0.188
  sword-pool: policy_a (row) 0.750  policy_b (col) 0.500
