pool: meta
decks: 16 (meta-abyss-aggro, meta-abyss-midrange, meta-dragon-aggro, meta-dragon-ramp, meta-forest-combo, meta-haven-amulet, meta-haven-evo, meta-haven-kukishiro, meta-portal-af, meta-portal-cutthroat, meta-portal-evo, meta-rune-crystal, meta-rune-spell, meta-rune-test-subject, meta-sword-loot, meta-sword-rally)
pairs: 256 (16 x 16, mirrors included)
games     2 games/pair x 256 =   512
matchup: 16 decks × 2 games = 512 games (seed=1, policy_a=h0:net=results/sweep47/leaf-v3-e3-net11.json, policy_b=h0, first=alternate, threads=None, game_offset=4)
Win rate (row = A, col = B; cell = A's win rate)
                              meta-abyss-aggro     meta-abyss-midrange       meta-dragon-aggro        meta-dragon-ramp       meta-forest-combo       meta-haven-amulet          meta-haven-evo    meta-haven-kukishiro          meta-portal-af   meta-portal-cutthroat         meta-portal-evo       meta-rune-crystal         meta-rune-spell  meta-rune-test-subject         meta-sword-loot        meta-sword-rally
meta-abyss-aggro                         1.000                   0.500                   0.500                   0.500                   0.000                   0.500                   0.500                   1.000                   1.000                   0.000                   1.000                   0.500                   0.500                   0.000                   0.500                   0.000
meta-abyss-midrange                      0.500                   0.500                   1.000                   1.000                   0.500                   1.000                   0.000                   1.000                   0.500                   1.000                   1.000                   1.000                   0.500                   1.000                   0.500                   0.500
meta-dragon-aggro                        0.500                   1.000                   1.000                   1.000                   0.000                   0.000                   1.000                   0.500                   0.000                   0.500                   0.000                   1.000                   0.500                   0.500                   0.000                   0.500
meta-dragon-ramp                         0.500                   0.500                   0.000                   1.000                   0.000                   1.000                   0.000                   1.000                   1.000                   0.500                   0.000                   1.000                   0.000                   0.500                   0.000                   0.000
meta-forest-combo                        0.500                   1.000                   0.500                   0.500                   0.500                   0.000                   0.500                   1.000                   0.000                   0.500                   0.000                   1.000                   0.500                   0.500                   0.500                   0.000
meta-haven-amulet                        0.500                   0.500                   0.000                   0.000                   0.500                   0.500                   0.000                   0.500                   0.000                   1.000                   0.500                   0.000                   0.500                   0.000                   0.000                   0.500
meta-haven-evo                           0.000                   0.500                   1.000                   0.000                   1.000                   1.000                   0.000                   1.000                   0.500                   1.000                   0.500                   0.000                   1.000                   0.000                   0.500                   0.500
meta-haven-kukishiro                     0.000                   0.000                   1.000                   0.000                   0.500                   0.000                   0.000                   0.500                   0.000                   0.000                   0.000                   0.500                   0.000                   0.000                   0.000                   0.000
meta-portal-af                           0.000                   0.500                   1.000                   0.500                   1.000                   0.500                   0.000                   1.000                   1.000                   1.000                   1.000                   1.000                   1.000                   0.500                   0.500                   0.000
meta-portal-cutthroat                    0.500                   0.500                   1.000                   0.500                   1.000                   1.000                   0.500                   1.000                   0.500                   1.000                   0.500                   0.500                   1.000                   1.000                   0.000                   0.500
meta-portal-evo                          1.000                   1.000                   0.500                   0.000                   1.000                   1.000                   0.000                   1.000                   0.500                   0.500                   0.500                   1.000                   1.000                   1.000                   0.500                   0.500
meta-rune-crystal                        0.500                   0.000                   1.000                   0.000                   0.500                   0.500                   0.000                   1.000                   0.000                   0.500                   0.500                   0.500                   0.500                   1.000                   0.000                   0.000
meta-rune-spell                          0.000                   0.000                   0.500                   0.500                   0.000                   0.000                   1.000                   0.500                   0.500                   0.500                   1.000                   0.500                   0.000                   0.500                   0.500                   0.000
meta-rune-test-subject                   0.500                   1.000                   0.500                   0.500                   1.000                   1.000                   0.500                   1.000                   1.000                   0.000                   0.000                   0.000                   0.000                   0.000                   0.500                   1.000
meta-sword-loot                          0.500                   0.500                   0.500                   1.000                   0.500                   1.000                   0.500                   1.000                   0.000                   0.500                   0.000                   0.500                   0.000                   0.500                   0.500                   0.000
meta-sword-rally                         0.500                   1.000                   0.500                   1.000                   1.000                   1.000                   0.500                   1.000                   1.000                   1.000                   0.500                   1.000                   1.000                   0.500                   0.500                   1.000

First-player win rate / mean turns
                              meta-abyss-aggro     meta-abyss-midrange       meta-dragon-aggro        meta-dragon-ramp       meta-forest-combo       meta-haven-amulet          meta-haven-evo    meta-haven-kukishiro          meta-portal-af   meta-portal-cutthroat         meta-portal-evo       meta-rune-crystal         meta-rune-spell  meta-rune-test-subject         meta-sword-loot        meta-sword-rally
meta-abyss-aggro                 0.500 /   6.0           1.000 /   7.5           1.000 /   7.0           1.000 /   7.0           0.500 /   6.5           0.000 /   9.5           0.000 /   7.0           0.500 /   7.0           0.500 /   7.5           0.500 /   9.5           0.500 /   6.5           1.000 /   9.0           1.000 /   7.5           0.500 /   7.0           0.000 /   7.0           0.500 /   6.5
meta-abyss-midrange              0.000 /   6.0           1.000 /  10.5           0.500 /   8.5           0.500 /   6.5           0.000 /   8.0           0.500 /   9.0           0.500 /   9.5           0.500 /   8.5           0.000 /   8.5           0.500 /  10.5           0.500 /   7.5           0.500 /  10.0           0.000 /   7.0           0.500 /   8.0           0.000 /   7.5           0.000 /   7.0
meta-dragon-aggro                0.000 /   7.0           0.500 /   6.0           0.500 /   7.0           0.500 /   7.0           0.500 /   7.0           0.500 /  11.5           0.500 /   7.5           0.000 /  11.5           0.500 /   6.0           1.000 /   7.5           0.500 /   7.5           0.500 /  10.0           1.000 /   7.5           1.000 /   7.5           0.500 /   8.0           1.000 /   6.5
meta-dragon-ramp                 0.000 /   8.5           1.000 /   6.5           0.500 /   6.0           0.500 /   9.5           0.500 /   8.0           0.500 /   9.0           0.500 /   9.5           0.500 /  10.5           0.500 /  10.5           1.000 /   9.5           0.500 /   7.5           0.500 /  11.0           0.500 /   7.0           0.000 /   8.0           0.500 /   9.0           0.500 /   8.0
meta-forest-combo                0.000 /   6.5           0.500 /   8.0           1.000 /   7.5           1.000 /   9.0           1.000 /  10.0           0.500 /  17.0           0.000 /   8.0           0.500 /   7.5           0.500 /   9.0           1.000 /   7.5           0.500 /   8.5           0.500 /   9.5           1.000 /   9.0           0.000 /   7.5           0.000 /   8.0           0.500 /   9.5
meta-haven-amulet                1.000 /   7.5           1.000 /  12.0           0.500 /   7.0           0.500 /   7.0           0.000 /  13.5           0.000 /  14.0           0.500 /  10.0           0.000 /  18.5           0.500 /   7.0           0.500 /  12.0           1.000 /  10.5           0.500 /   9.0           1.000 /  12.5           0.500 /  11.0           0.500 /   7.0           0.000 /   8.5
meta-haven-evo                   0.500 /   6.5           1.000 /   8.5           0.500 /   8.5           0.500 /  10.5           0.500 /   9.0           0.500 /  13.0           0.500 /  15.0           0.500 /   9.5           1.000 /  10.0           0.500 /  10.0           1.000 /   9.0           0.500 /   8.5           0.500 /   9.5           0.500 /   8.5           1.000 /   8.0           1.000 /   9.5
meta-haven-kukishiro             0.500 /   7.0           0.500 /   9.5           0.500 /  12.0           0.500 /  11.0           1.000 /  10.0           0.500 /  15.0           0.500 /  13.5           0.000 /  19.5           0.500 /   8.0           0.500 /   8.5           0.500 /  12.0           0.000 /  10.0           0.500 /   8.0           0.500 /   9.0           0.500 /   6.5           0.500 /   6.5
meta-portal-af                   0.500 /   7.0           1.000 /  10.0           0.500 /   8.5           0.000 /   7.0           0.500 /   9.0           1.000 /  12.0           0.500 /   9.5           0.500 /  10.5           0.500 /  11.5           0.500 /  11.0           0.500 /   8.5           0.500 /   7.5           0.500 /   7.5           1.000 /   8.5           1.000 /   8.0           0.500 /  10.0
meta-portal-cutthroat            1.000 /   7.0           0.000 /  10.0           0.500 /   9.5           1.000 /  11.0           0.500 /  11.5           0.500 /   7.0           0.000 /   7.5           0.500 /  10.0           0.000 /   7.0           0.500 /   9.0           1.000 /   8.5           0.000 /   9.0           0.500 /   7.5           0.500 /  10.0           0.500 /  10.0           0.000 /   8.5
meta-portal-evo                  0.500 /   7.0           0.500 /   9.5           1.000 /   8.0           0.500 /  10.5           0.500 /   9.0           0.500 /   9.5           0.500 /   8.0           0.500 /   7.0           0.000 /   9.0           1.000 /   8.5           1.000 /   9.0           0.500 /   9.0           0.500 /   8.0           0.500 /   7.5           1.000 /   9.0           1.000 /   8.5
meta-rune-crystal                0.000 /   6.5           0.500 /   7.5           0.500 /   8.5           0.500 /   8.5           1.000 /   9.5           1.000 /  11.5           0.500 /   8.0           0.500 /  11.0           0.500 /   8.5           1.000 /   8.5           1.000 /   8.0           1.000 /   8.5           0.000 /   8.0           0.500 /   9.0           0.500 /   8.0           0.500 /   7.5
meta-rune-spell                  0.500 /   6.5           0.500 /   9.0           1.000 /   7.5           0.000 /   9.5           0.500 /   8.5           0.500 /  13.0           0.500 /   7.0           1.000 /  12.0           1.000 /   9.5           1.000 /   9.5           0.500 /   8.0           1.000 /   8.0           0.500 /   8.0           1.000 /   9.5           0.000 /   8.0           0.500 /   8.5
meta-rune-test-subject           0.000 /   6.5           0.500 /   8.5           0.000 /   6.5           1.000 /   8.5           0.500 /   8.5           0.500 /   9.0           0.000 /   9.5           0.500 /   8.5           0.500 /   8.0           0.500 /   9.0           0.500 /  10.5           0.500 /   7.5           0.500 /   7.5           0.500 /   9.0           0.000 /   7.0           0.500 /   8.0
meta-sword-loot                  0.000 /   7.0           0.000 /   9.0           0.000 /   6.5           0.500 /   7.5           0.000 /   8.5           0.500 /  10.0           1.000 /   7.5           0.500 /   9.5           0.500 /   6.5           1.000 /   8.0           0.500 /   7.5           0.000 /   8.0           0.500 /   7.5           1.000 /   8.5           1.000 /   7.5           0.500 /   8.0
meta-sword-rally                 0.000 /   6.0           0.500 /  11.0           1.000 /   7.5           0.500 /   7.0           0.500 /   7.5           0.500 /   9.0           1.000 /   8.5           0.500 /   7.5           0.500 /   7.0           0.500 /   8.0           0.000 /   8.5           0.500 /   7.0           0.500 /   9.0           1.000 /   9.0           0.000 /   7.0           0.500 /   7.5

A win rate over decisive games, Wilson 95% [lo, hi]
                              meta-abyss-aggro     meta-abyss-midrange       meta-dragon-aggro        meta-dragon-ramp       meta-forest-combo       meta-haven-amulet          meta-haven-evo    meta-haven-kukishiro          meta-portal-af   meta-portal-cutthroat         meta-portal-evo       meta-rune-crystal         meta-rune-spell  meta-rune-test-subject         meta-sword-loot        meta-sword-rally
meta-abyss-aggro          1.000 [0.342, 1.000]    0.500 [0.095, 0.905]    0.500 [0.095, 0.905]    0.500 [0.095, 0.905]    0.000 [0.000, 0.658]    0.500 [0.095, 0.905]    0.500 [0.095, 0.905]    1.000 [0.342, 1.000]    1.000 [0.342, 1.000]    0.000 [0.000, 0.658]    1.000 [0.342, 1.000]    0.500 [0.095, 0.905]    0.500 [0.095, 0.905]    0.000 [0.000, 0.658]    0.500 [0.095, 0.905]    0.000 [0.000, 0.658]
meta-abyss-midrange       0.500 [0.095, 0.905]    0.500 [0.095, 0.905]    1.000 [0.342, 1.000]    1.000 [0.342, 1.000]    0.500 [0.095, 0.905]    1.000 [0.342, 1.000]    0.000 [0.000, 0.658]    1.000 [0.342, 1.000]    0.500 [0.095, 0.905]    1.000 [0.342, 1.000]    1.000 [0.342, 1.000]    1.000 [0.342, 1.000]    0.500 [0.095, 0.905]    1.000 [0.342, 1.000]    0.500 [0.095, 0.905]    0.500 [0.095, 0.905]
meta-dragon-aggro         0.500 [0.095, 0.905]    1.000 [0.342, 1.000]    1.000 [0.342, 1.000]    1.000 [0.342, 1.000]    0.000 [0.000, 0.658]    0.000 [0.000, 0.658]    1.000 [0.342, 1.000]    0.500 [0.095, 0.905]    0.000 [0.000, 0.658]    0.500 [0.095, 0.905]    0.000 [0.000, 0.658]    1.000 [0.342, 1.000]    0.500 [0.095, 0.905]    0.500 [0.095, 0.905]    0.000 [0.000, 0.658]    0.500 [0.095, 0.905]
meta-dragon-ramp          0.500 [0.095, 0.905]    0.500 [0.095, 0.905]    0.000 [0.000, 0.658]    1.000 [0.342, 1.000]    0.000 [0.000, 0.658]    1.000 [0.342, 1.000]    0.000 [0.000, 0.658]    1.000 [0.342, 1.000]    1.000 [0.342, 1.000]    0.500 [0.095, 0.905]    0.000 [0.000, 0.658]    1.000 [0.342, 1.000]    0.000 [0.000, 0.658]    0.500 [0.095, 0.905]    0.000 [0.000, 0.658]    0.000 [0.000, 0.658]
meta-forest-combo         0.500 [0.095, 0.905]    1.000 [0.342, 1.000]    0.500 [0.095, 0.905]    0.500 [0.095, 0.905]    0.500 [0.095, 0.905]    0.000 [0.000, 0.658]    0.500 [0.095, 0.905]    1.000 [0.342, 1.000]    0.000 [0.000, 0.658]    0.500 [0.095, 0.905]    0.000 [0.000, 0.658]    1.000 [0.342, 1.000]    0.500 [0.095, 0.905]    0.500 [0.095, 0.905]    0.500 [0.095, 0.905]    0.000 [0.000, 0.658]
meta-haven-amulet         0.500 [0.095, 0.905]    0.500 [0.095, 0.905]    0.000 [0.000, 0.658]    0.000 [0.000, 0.658]    0.500 [0.095, 0.905]    0.500 [0.095, 0.905]    0.000 [0.000, 0.658]    0.500 [0.095, 0.905]    0.000 [0.000, 0.658]    1.000 [0.342, 1.000]    0.500 [0.095, 0.905]    0.000 [0.000, 0.658]    0.500 [0.095, 0.905]    0.000 [0.000, 0.658]    0.000 [0.000, 0.658]    0.500 [0.095, 0.905]
meta-haven-evo            0.000 [0.000, 0.658]    0.500 [0.095, 0.905]    1.000 [0.342, 1.000]    0.000 [0.000, 0.658]    1.000 [0.342, 1.000]    1.000 [0.342, 1.000]    0.000 [0.000, 0.658]    1.000 [0.342, 1.000]    0.500 [0.095, 0.905]    1.000 [0.342, 1.000]    0.500 [0.095, 0.905]    0.000 [0.000, 0.658]    1.000 [0.342, 1.000]    0.000 [0.000, 0.658]    0.500 [0.095, 0.905]    0.500 [0.095, 0.905]
meta-haven-kukishiro      0.000 [0.000, 0.658]    0.000 [0.000, 0.658]    1.000 [0.342, 1.000]    0.000 [0.000, 0.658]    0.500 [0.095, 0.905]    0.000 [0.000, 0.658]    0.000 [0.000, 0.658]    0.500 [0.095, 0.905]    0.000 [0.000, 0.658]    0.000 [0.000, 0.658]    0.000 [0.000, 0.658]    0.500 [0.095, 0.905]    0.000 [0.000, 0.658]    0.000 [0.000, 0.658]    0.000 [0.000, 0.658]    0.000 [0.000, 0.658]
meta-portal-af            0.000 [0.000, 0.658]    0.500 [0.095, 0.905]    1.000 [0.342, 1.000]    0.500 [0.095, 0.905]    1.000 [0.342, 1.000]    0.500 [0.095, 0.905]    0.000 [0.000, 0.658]    1.000 [0.342, 1.000]    1.000 [0.342, 1.000]    1.000 [0.342, 1.000]    1.000 [0.342, 1.000]    1.000 [0.342, 1.000]    1.000 [0.342, 1.000]    0.500 [0.095, 0.905]    0.500 [0.095, 0.905]    0.000 [0.000, 0.658]
meta-portal-cutthroat     0.500 [0.095, 0.905]    0.500 [0.095, 0.905]    1.000 [0.342, 1.000]    0.500 [0.095, 0.905]    1.000 [0.342, 1.000]    1.000 [0.342, 1.000]    0.500 [0.095, 0.905]    1.000 [0.342, 1.000]    0.500 [0.095, 0.905]    1.000 [0.342, 1.000]    0.500 [0.095, 0.905]    0.500 [0.095, 0.905]    1.000 [0.342, 1.000]    1.000 [0.342, 1.000]    0.000 [0.000, 0.658]    0.500 [0.095, 0.905]
meta-portal-evo           1.000 [0.342, 1.000]    1.000 [0.342, 1.000]    0.500 [0.095, 0.905]    0.000 [0.000, 0.658]    1.000 [0.342, 1.000]    1.000 [0.342, 1.000]    0.000 [0.000, 0.658]    1.000 [0.342, 1.000]    0.500 [0.095, 0.905]    0.500 [0.095, 0.905]    0.500 [0.095, 0.905]    1.000 [0.342, 1.000]    1.000 [0.342, 1.000]    1.000 [0.342, 1.000]    0.500 [0.095, 0.905]    0.500 [0.095, 0.905]
meta-rune-crystal         0.500 [0.095, 0.905]    0.000 [0.000, 0.658]    1.000 [0.342, 1.000]    0.000 [0.000, 0.658]    0.500 [0.095, 0.905]    0.500 [0.095, 0.905]    0.000 [0.000, 0.658]    1.000 [0.342, 1.000]    0.000 [0.000, 0.658]    0.500 [0.095, 0.905]    0.500 [0.095, 0.905]    0.500 [0.095, 0.905]    0.500 [0.095, 0.905]    1.000 [0.342, 1.000]    0.000 [0.000, 0.658]    0.000 [0.000, 0.658]
meta-rune-spell           0.000 [0.000, 0.658]    0.000 [0.000, 0.658]    0.500 [0.095, 0.905]    0.500 [0.095, 0.905]    0.000 [0.000, 0.658]    0.000 [0.000, 0.658]    1.000 [0.342, 1.000]    0.500 [0.095, 0.905]    0.500 [0.095, 0.905]    0.500 [0.095, 0.905]    1.000 [0.342, 1.000]    0.500 [0.095, 0.905]    0.000 [0.000, 0.658]    0.500 [0.095, 0.905]    0.500 [0.095, 0.905]    0.000 [0.000, 0.658]
meta-rune-test-subject    0.500 [0.095, 0.905]    1.000 [0.342, 1.000]    0.500 [0.095, 0.905]    0.500 [0.095, 0.905]    1.000 [0.342, 1.000]    1.000 [0.342, 1.000]    0.500 [0.095, 0.905]    1.000 [0.342, 1.000]    1.000 [0.342, 1.000]    0.000 [0.000, 0.658]    0.000 [0.000, 0.658]    0.000 [0.000, 0.658]    0.000 [0.000, 0.658]    0.000 [0.000, 0.658]    0.500 [0.095, 0.905]    1.000 [0.342, 1.000]
meta-sword-loot           0.500 [0.095, 0.905]    0.500 [0.095, 0.905]    0.500 [0.095, 0.905]    1.000 [0.342, 1.000]    0.500 [0.095, 0.905]    1.000 [0.342, 1.000]    0.500 [0.095, 0.905]    1.000 [0.342, 1.000]    0.000 [0.000, 0.658]    0.500 [0.095, 0.905]    0.000 [0.000, 0.658]    0.500 [0.095, 0.905]    0.000 [0.000, 0.658]    0.500 [0.095, 0.905]    0.500 [0.095, 0.905]    0.000 [0.000, 0.658]
meta-sword-rally          0.500 [0.095, 0.905]    1.000 [0.342, 1.000]    0.500 [0.095, 0.905]    1.000 [0.342, 1.000]    1.000 [0.342, 1.000]    1.000 [0.342, 1.000]    0.500 [0.095, 0.905]    1.000 [0.342, 1.000]    1.000 [0.342, 1.000]    1.000 [0.342, 1.000]    0.500 [0.095, 0.905]    1.000 [0.342, 1.000]    1.000 [0.342, 1.000]    0.500 [0.095, 0.905]    0.500 [0.095, 0.905]    1.000 [0.342, 1.000]

=== summary ===
h0:net=results/sweep47/leaf-v3-e3-net11.json vs h0
games: 512  decisive: 512  draws: 0
policy_a win rate: 0.516 [0.472, 0.559]
first-player win rate: 0.523
mean turns: 8.72  mean actions: 86.07
end: lethal=507 deckout=5 turn_cap=0 action_cap=0 no_legal=0 illegal=0
302.169s  1.69 games/s  cpus=28
per deck:
  meta-abyss-aggro: policy_a (row) 0.500  policy_b (col) 0.562
  meta-abyss-midrange: policy_a (row) 0.719  policy_b (col) 0.438
  meta-dragon-aggro: policy_a (row) 0.500  policy_b (col) 0.344
  meta-dragon-ramp: policy_a (row) 0.438  policy_b (col) 0.500
  meta-forest-combo: policy_a (row) 0.469  policy_b (col) 0.438
  meta-haven-amulet: policy_a (row) 0.312  policy_b (col) 0.375
  meta-haven-evo: policy_a (row) 0.531  policy_b (col) 0.688
  meta-haven-kukishiro: policy_a (row) 0.156  policy_b (col) 0.125
  meta-portal-af: policy_a (row) 0.656  policy_b (col) 0.531
  meta-portal-cutthroat: policy_a (row) 0.688  policy_b (col) 0.406
  meta-portal-evo: policy_a (row) 0.688  policy_b (col) 0.562
  meta-rune-crystal: policy_a (row) 0.406  policy_b (col) 0.375
  meta-rune-spell: policy_a (row) 0.375  policy_b (col) 0.500
  meta-rune-test-subject: policy_a (row) 0.531  policy_b (col) 0.531
  meta-sword-loot: policy_a (row) 0.469  policy_b (col) 0.688
  meta-sword-rally: policy_a (row) 0.812  policy_b (col) 0.688

512 games in 302.169s (1.7 games/s)
wrote C:\Users\agban\projects\arena\results\sweep47\c01-final.part2.json
