pool: meta
decks: 16 (meta-abyss-aggro, meta-abyss-midrange, meta-dragon-aggro, meta-dragon-ramp, meta-forest-combo, meta-haven-amulet, meta-haven-evo, meta-haven-kukishiro, meta-portal-af, meta-portal-cutthroat, meta-portal-evo, meta-rune-crystal, meta-rune-spell, meta-rune-test-subject, meta-sword-loot, meta-sword-rally)
pairs: 256 (16 x 16, mirrors included)
games    16 games/pair x 256 =  4096
matchup: 16 decks × 16 games = 4096 games (seed=3, policy_a=h0:net=results/sweep28/leaf-all4-e2-l2x10.json, policy_b=h0, first=alternate, threads=None)
Win rate (row = A, col = B; cell = A's win rate)
                              meta-abyss-aggro     meta-abyss-midrange       meta-dragon-aggro        meta-dragon-ramp       meta-forest-combo       meta-haven-amulet          meta-haven-evo    meta-haven-kukishiro          meta-portal-af   meta-portal-cutthroat         meta-portal-evo       meta-rune-crystal         meta-rune-spell  meta-rune-test-subject         meta-sword-loot        meta-sword-rally
meta-abyss-aggro                         0.438                   0.188                   0.312                   0.750                   0.312                   0.812                   0.750                   0.562                   0.062                   0.375                   0.375                   0.625                   0.750                   0.562                   0.500                   0.312
meta-abyss-midrange                      0.562                   0.562                   0.625                   0.625                   0.812                   0.625                   0.312                   1.000                   0.688                   0.562                   0.688                   1.000                   0.875                   0.750                   0.750                   0.438
meta-dragon-aggro                        0.750                   0.500                   0.438                   0.625                   0.375                   0.625                   0.750                   0.938                   0.500                   0.688                   0.312                   0.500                   0.750                   0.562                   0.500                   0.375
meta-dragon-ramp                         0.125                   0.188                   0.438                   0.438                   0.125                   0.750                   0.625                   1.000                   0.250                   0.500                   0.375                   0.688                   0.688                   0.562                   0.438                   0.438
meta-forest-combo                        0.750                   0.250                   0.625                   0.562                   0.312                   0.812                   0.312                   0.875                   0.188                   0.375                   0.062                   0.750                   0.688                   0.250                   0.625                   0.438
meta-haven-amulet                        0.438                   0.375                   0.188                   0.438                   0.312                   0.375                   0.000                   0.938                   0.125                   0.188                   0.000                   0.375                   0.500                   0.438                   0.500                   0.125
meta-haven-evo                           0.312                   0.562                   0.250                   0.438                   0.750                   0.750                   0.500                   1.000                   0.625                   0.625                   0.750                   0.812                   0.812                   0.562                   0.625                   0.688
meta-haven-kukishiro                     0.188                   0.000                   0.312                   0.062                   0.125                   0.125                   0.000                   0.688                   0.062                   0.125                   0.000                   0.188                   0.500                   0.062                   0.188                   0.000
meta-portal-af                           0.938                   0.562                   0.812                   0.562                   0.875                   0.938                   0.188                   0.938                   0.500                   0.875                   0.500                   0.875                   0.562                   0.625                   0.812                   0.562
meta-portal-cutthroat                    0.562                   0.438                   0.500                   0.812                   0.188                   0.812                   0.188                   1.000                   0.250                   0.500                   0.375                   0.688                   0.812                   0.125                   0.500                   0.250
meta-portal-evo                          0.688                   0.562                   0.688                   0.812                   0.875                   0.750                   0.500                   1.000                   0.500                   0.875                   0.625                   0.812                   0.875                   0.750                   0.812                   0.750
meta-rune-crystal                        0.688                   0.188                   0.375                   0.312                   0.500                   0.562                   0.188                   0.875                   0.062                   0.312                   0.125                   0.562                   0.375                   0.312                   0.500                   0.125
meta-rune-spell                          0.500                   0.250                   0.688                   0.438                   0.625                   0.500                   0.250                   0.688                   0.125                   0.375                   0.125                   0.625                   0.375                   0.375                   0.500                   0.062
meta-rune-test-subject                   0.562                   0.188                   0.688                   0.750                   0.625                   0.812                   0.312                   0.938                   0.250                   0.562                   0.250                   0.688                   0.688                   0.562                   0.562                   0.562
meta-sword-loot                          0.625                   0.312                   0.250                   0.750                   0.250                   0.938                   0.625                   1.000                   0.188                   0.438                   0.250                   0.562                   0.562                   0.375                   0.438                   0.438
meta-sword-rally                         0.562                   0.500                   0.812                   0.750                   0.750                   0.688                   0.562                   1.000                   0.688                   0.750                   0.375                   0.812                   0.688                   0.562                   0.812                   0.500

First-player win rate / mean turns
                              meta-abyss-aggro     meta-abyss-midrange       meta-dragon-aggro        meta-dragon-ramp       meta-forest-combo       meta-haven-amulet          meta-haven-evo    meta-haven-kukishiro          meta-portal-af   meta-portal-cutthroat         meta-portal-evo       meta-rune-crystal         meta-rune-spell  meta-rune-test-subject         meta-sword-loot        meta-sword-rally
meta-abyss-aggro                 0.562 /   6.6           0.688 /   6.6           0.562 /   7.4           0.625 /   6.7           0.438 /   7.4           0.562 /   6.8           0.625 /   7.2           0.688 /   8.7           0.438 /   7.7           0.625 /   8.0           0.625 /   7.4           0.375 /   7.9           0.625 /   6.9           0.438 /   7.3           0.625 /   7.8           0.312 /   7.0
meta-abyss-midrange              0.562 /   7.2           0.562 /   8.1           0.625 /   7.5           0.625 /   7.8           0.312 /   8.2           0.625 /  10.2           0.688 /   9.4           0.500 /   8.6           0.562 /   8.7           0.438 /   8.6           0.562 /   8.0           0.500 /   8.3           0.500 /   8.1           0.375 /   8.2           0.500 /   7.8           0.562 /   8.2
meta-dragon-aggro                0.500 /   6.8           0.500 /   7.6           0.438 /   7.1           0.500 /   7.7           0.500 /   7.9           0.625 /   9.0           0.375 /   7.5           0.438 /   8.2           0.250 /   7.2           0.438 /   7.6           0.312 /   7.6           0.625 /   8.4           0.500 /   6.9           0.562 /   7.8           0.375 /   7.6           0.500 /   7.1
meta-dragon-ramp                 0.500 /   6.4           0.438 /   8.4           0.438 /   8.0           0.562 /   8.6           0.625 /   7.6           0.625 /  10.2           0.750 /  10.4           0.500 /   9.3           0.375 /  10.1           0.625 /   8.5           0.500 /   9.2           0.438 /   8.8           0.688 /   8.9           0.562 /   9.0           0.688 /   7.8           0.812 /   7.6
meta-forest-combo                0.500 /   8.0           0.500 /   8.5           0.500 /   7.8           0.562 /   7.7           0.438 /   8.6           0.562 /   9.4           0.438 /  10.0           0.500 /  10.3           0.312 /   8.3           0.625 /   9.4           0.562 /   8.9           0.500 /   8.4           0.562 /   8.5           0.625 /   8.9           0.625 /   8.4           0.312 /   8.3
meta-haven-amulet                0.562 /   8.2           0.625 /  10.3           0.562 /   8.1           0.562 /  12.3           0.438 /   9.4           0.625 /  13.8           0.500 /  12.0           0.562 /  15.4           0.375 /   9.2           0.562 /  10.3           0.500 /   9.6           0.625 /   8.7           0.625 /  11.3           0.438 /   9.5           0.750 /   8.7           0.625 /   8.4
meta-haven-evo                   0.562 /   7.3           0.438 /   8.6           0.750 /   7.5           0.688 /  10.9           0.375 /   9.3           0.500 /  12.5           0.500 /  11.5           0.500 /  11.5           0.500 /   9.3           0.625 /   9.8           0.500 /   9.7           0.312 /   9.3           0.562 /   9.3           0.312 /   8.6           0.750 /   9.0           0.688 /   8.8
meta-haven-kukishiro             0.312 /   7.7           0.500 /   8.7           0.562 /   8.9           0.438 /  10.2           0.500 /  11.0           0.375 /  13.8           0.500 /  10.8           0.438 /  16.5           0.562 /  10.8           0.625 /  10.5           0.500 /   9.5           0.438 /  11.0           0.750 /  10.8           0.438 /   8.9           0.688 /   8.2           0.500 /   7.6
meta-portal-af                   0.562 /   7.8           0.438 /   8.6           0.438 /   7.7           0.562 /   8.3           0.500 /   8.5           0.562 /   8.2           0.562 /   9.9           0.562 /   9.3           0.375 /  10.1           0.500 /   8.4           0.500 /   9.6           0.375 /   7.8           0.562 /   8.8           0.625 /   8.8           0.562 /   8.4           0.688 /   9.0
meta-portal-cutthroat            0.562 /   7.2           0.562 /   8.6           0.625 /   8.3           0.438 /   8.8           0.688 /   9.9           0.438 /  10.6           0.688 /   9.4           0.500 /  10.3           0.625 /   8.8           0.625 /   9.5           0.500 /   9.4           0.438 /   8.7           0.688 /   8.6           0.500 /   7.8           0.375 /   8.1           0.375 /   7.9
meta-portal-evo                  0.438 /   7.3           0.562 /   8.6           0.562 /   7.6           0.562 /   8.6           0.625 /   8.5           0.375 /  10.5           0.625 /   9.8           0.500 /   8.7           0.625 /   9.8           0.500 /   9.4           0.750 /   9.7           0.688 /   8.6           0.375 /   8.2           0.750 /   8.9           0.562 /   8.6           0.500 /   8.6
meta-rune-crystal                0.688 /   8.0           0.562 /   8.1           0.625 /   7.9           0.438 /   8.6           0.625 /   8.7           0.812 /  10.9           0.562 /  10.0           0.625 /  10.9           0.438 /   8.1           0.812 /   8.5           0.625 /   8.2           0.688 /   9.4           0.500 /   8.6           0.562 /   8.1           0.625 /   8.4           0.625 /   7.6
meta-rune-spell                  0.375 /   7.2           0.500 /   8.3           0.688 /   7.7           0.688 /   8.9           0.625 /   8.8           0.500 /  11.2           0.500 /   9.1           0.438 /   9.9           0.500 /   8.9           0.500 /   8.3           0.500 /   8.7           0.375 /   8.2           0.625 /   8.2           0.625 /   8.1           0.250 /   7.9           0.438 /   7.7
meta-rune-test-subject           0.562 /   8.2           0.562 /   7.9           0.438 /   7.9           0.375 /   8.3           0.625 /   8.6           0.688 /   9.4           0.688 /   9.1           0.438 /   9.3           0.625 /   9.2           0.312 /   8.8           0.750 /   8.5           0.562 /   8.1           0.562 /   9.1           0.438 /   7.9           0.562 /   7.9           0.688 /   8.3
meta-sword-loot                  0.625 /   7.7           0.562 /   7.7           0.375 /   6.9           0.625 /   7.9           0.375 /   8.8           0.438 /   7.2           0.625 /   8.1           0.500 /   9.2           0.562 /   8.2           0.688 /   8.2           0.625 /   8.2           0.688 /   8.6           0.562 /   7.9           0.375 /   7.9           0.562 /   8.8           0.562 /   7.6
meta-sword-rally                 0.688 /   7.1           0.625 /   8.3           0.562 /   7.4           0.625 /   7.2           0.625 /   8.1           0.688 /  11.1           0.438 /   8.8           0.500 /   8.1           0.562 /   9.1           0.375 /   7.6           0.625 /   9.2           0.438 /   7.6           0.688 /   8.1           0.438 /   8.2           0.562 /   7.9           0.625 /   8.4

A win rate over decisive games, Wilson 95% [lo, hi]
                              meta-abyss-aggro     meta-abyss-midrange       meta-dragon-aggro        meta-dragon-ramp       meta-forest-combo       meta-haven-amulet          meta-haven-evo    meta-haven-kukishiro          meta-portal-af   meta-portal-cutthroat         meta-portal-evo       meta-rune-crystal         meta-rune-spell  meta-rune-test-subject         meta-sword-loot        meta-sword-rally
meta-abyss-aggro          0.438 [0.231, 0.668]    0.188 [0.066, 0.430]    0.312 [0.142, 0.556]    0.750 [0.505, 0.898]    0.312 [0.142, 0.556]    0.812 [0.570, 0.934]    0.750 [0.505, 0.898]    0.562 [0.332, 0.769]    0.062 [0.011, 0.283]    0.375 [0.185, 0.614]    0.375 [0.185, 0.614]    0.625 [0.386, 0.815]    0.750 [0.505, 0.898]    0.562 [0.332, 0.769]    0.500 [0.280, 0.720]    0.312 [0.142, 0.556]
meta-abyss-midrange       0.562 [0.332, 0.769]    0.562 [0.332, 0.769]    0.625 [0.386, 0.815]    0.625 [0.386, 0.815]    0.812 [0.570, 0.934]    0.625 [0.386, 0.815]    0.312 [0.142, 0.556]    1.000 [0.806, 1.000]    0.688 [0.444, 0.858]    0.562 [0.332, 0.769]    0.688 [0.444, 0.858]    1.000 [0.806, 1.000]    0.875 [0.640, 0.965]    0.750 [0.505, 0.898]    0.750 [0.505, 0.898]    0.438 [0.231, 0.668]
meta-dragon-aggro         0.750 [0.505, 0.898]    0.500 [0.280, 0.720]    0.438 [0.231, 0.668]    0.625 [0.386, 0.815]    0.375 [0.185, 0.614]    0.625 [0.386, 0.815]    0.750 [0.505, 0.898]    0.938 [0.717, 0.989]    0.500 [0.280, 0.720]    0.688 [0.444, 0.858]    0.312 [0.142, 0.556]    0.500 [0.280, 0.720]    0.750 [0.505, 0.898]    0.562 [0.332, 0.769]    0.500 [0.280, 0.720]    0.375 [0.185, 0.614]
meta-dragon-ramp          0.125 [0.035, 0.360]    0.188 [0.066, 0.430]    0.438 [0.231, 0.668]    0.438 [0.231, 0.668]    0.125 [0.035, 0.360]    0.750 [0.505, 0.898]    0.625 [0.386, 0.815]    1.000 [0.806, 1.000]    0.250 [0.102, 0.495]    0.500 [0.280, 0.720]    0.375 [0.185, 0.614]    0.688 [0.444, 0.858]    0.688 [0.444, 0.858]    0.562 [0.332, 0.769]    0.438 [0.231, 0.668]    0.438 [0.231, 0.668]
meta-forest-combo         0.750 [0.505, 0.898]    0.250 [0.102, 0.495]    0.625 [0.386, 0.815]    0.562 [0.332, 0.769]    0.312 [0.142, 0.556]    0.812 [0.570, 0.934]    0.312 [0.142, 0.556]    0.875 [0.640, 0.965]    0.188 [0.066, 0.430]    0.375 [0.185, 0.614]    0.062 [0.011, 0.283]    0.750 [0.505, 0.898]    0.688 [0.444, 0.858]    0.250 [0.102, 0.495]    0.625 [0.386, 0.815]    0.438 [0.231, 0.668]
meta-haven-amulet         0.438 [0.231, 0.668]    0.375 [0.185, 0.614]    0.188 [0.066, 0.430]    0.438 [0.231, 0.668]    0.312 [0.142, 0.556]    0.375 [0.185, 0.614]    0.000 [0.000, 0.194]    0.938 [0.717, 0.989]    0.125 [0.035, 0.360]    0.188 [0.066, 0.430]    0.000 [0.000, 0.194]    0.375 [0.185, 0.614]    0.500 [0.280, 0.720]    0.438 [0.231, 0.668]    0.500 [0.280, 0.720]    0.125 [0.035, 0.360]
meta-haven-evo            0.312 [0.142, 0.556]    0.562 [0.332, 0.769]    0.250 [0.102, 0.495]    0.438 [0.231, 0.668]    0.750 [0.505, 0.898]    0.750 [0.505, 0.898]    0.500 [0.280, 0.720]    1.000 [0.806, 1.000]    0.625 [0.386, 0.815]    0.625 [0.386, 0.815]    0.750 [0.505, 0.898]    0.812 [0.570, 0.934]    0.812 [0.570, 0.934]    0.562 [0.332, 0.769]    0.625 [0.386, 0.815]    0.688 [0.444, 0.858]
meta-haven-kukishiro      0.188 [0.066, 0.430]    0.000 [0.000, 0.194]    0.312 [0.142, 0.556]    0.062 [0.011, 0.283]    0.125 [0.035, 0.360]    0.125 [0.035, 0.360]    0.000 [0.000, 0.194]    0.688 [0.444, 0.858]    0.062 [0.011, 0.283]    0.125 [0.035, 0.360]    0.000 [0.000, 0.194]    0.188 [0.066, 0.430]    0.500 [0.280, 0.720]    0.062 [0.011, 0.283]    0.188 [0.066, 0.430]    0.000 [0.000, 0.194]
meta-portal-af            0.938 [0.717, 0.989]    0.562 [0.332, 0.769]    0.812 [0.570, 0.934]    0.562 [0.332, 0.769]    0.875 [0.640, 0.965]    0.938 [0.717, 0.989]    0.188 [0.066, 0.430]    0.938 [0.717, 0.989]    0.500 [0.280, 0.720]    0.875 [0.640, 0.965]    0.500 [0.280, 0.720]    0.875 [0.640, 0.965]    0.562 [0.332, 0.769]    0.625 [0.386, 0.815]    0.812 [0.570, 0.934]    0.562 [0.332, 0.769]
meta-portal-cutthroat     0.562 [0.332, 0.769]    0.438 [0.231, 0.668]    0.500 [0.280, 0.720]    0.812 [0.570, 0.934]    0.188 [0.066, 0.430]    0.812 [0.570, 0.934]    0.188 [0.066, 0.430]    1.000 [0.806, 1.000]    0.250 [0.102, 0.495]    0.500 [0.280, 0.720]    0.375 [0.185, 0.614]    0.688 [0.444, 0.858]    0.812 [0.570, 0.934]    0.125 [0.035, 0.360]    0.500 [0.280, 0.720]    0.250 [0.102, 0.495]
meta-portal-evo           0.688 [0.444, 0.858]    0.562 [0.332, 0.769]    0.688 [0.444, 0.858]    0.812 [0.570, 0.934]    0.875 [0.640, 0.965]    0.750 [0.505, 0.898]    0.500 [0.280, 0.720]    1.000 [0.806, 1.000]    0.500 [0.280, 0.720]    0.875 [0.640, 0.965]    0.625 [0.386, 0.815]    0.812 [0.570, 0.934]    0.875 [0.640, 0.965]    0.750 [0.505, 0.898]    0.812 [0.570, 0.934]    0.750 [0.505, 0.898]
meta-rune-crystal         0.688 [0.444, 0.858]    0.188 [0.066, 0.430]    0.375 [0.185, 0.614]    0.312 [0.142, 0.556]    0.500 [0.280, 0.720]    0.562 [0.332, 0.769]    0.188 [0.066, 0.430]    0.875 [0.640, 0.965]    0.062 [0.011, 0.283]    0.312 [0.142, 0.556]    0.125 [0.035, 0.360]    0.562 [0.332, 0.769]    0.375 [0.185, 0.614]    0.312 [0.142, 0.556]    0.500 [0.280, 0.720]    0.125 [0.035, 0.360]
meta-rune-spell           0.500 [0.280, 0.720]    0.250 [0.102, 0.495]    0.688 [0.444, 0.858]    0.438 [0.231, 0.668]    0.625 [0.386, 0.815]    0.500 [0.280, 0.720]    0.250 [0.102, 0.495]    0.688 [0.444, 0.858]    0.125 [0.035, 0.360]    0.375 [0.185, 0.614]    0.125 [0.035, 0.360]    0.625 [0.386, 0.815]    0.375 [0.185, 0.614]    0.375 [0.185, 0.614]    0.500 [0.280, 0.720]    0.062 [0.011, 0.283]
meta-rune-test-subject    0.562 [0.332, 0.769]    0.188 [0.066, 0.430]    0.688 [0.444, 0.858]    0.750 [0.505, 0.898]    0.625 [0.386, 0.815]    0.812 [0.570, 0.934]    0.312 [0.142, 0.556]    0.938 [0.717, 0.989]    0.250 [0.102, 0.495]    0.562 [0.332, 0.769]    0.250 [0.102, 0.495]    0.688 [0.444, 0.858]    0.688 [0.444, 0.858]    0.562 [0.332, 0.769]    0.562 [0.332, 0.769]    0.562 [0.332, 0.769]
meta-sword-loot           0.625 [0.386, 0.815]    0.312 [0.142, 0.556]    0.250 [0.102, 0.495]    0.750 [0.505, 0.898]    0.250 [0.102, 0.495]    0.938 [0.717, 0.989]    0.625 [0.386, 0.815]    1.000 [0.806, 1.000]    0.188 [0.066, 0.430]    0.438 [0.231, 0.668]    0.250 [0.102, 0.495]    0.562 [0.332, 0.769]    0.562 [0.332, 0.769]    0.375 [0.185, 0.614]    0.438 [0.231, 0.668]    0.438 [0.231, 0.668]
meta-sword-rally          0.562 [0.332, 0.769]    0.500 [0.280, 0.720]    0.812 [0.570, 0.934]    0.750 [0.505, 0.898]    0.750 [0.505, 0.898]    0.688 [0.444, 0.858]    0.562 [0.332, 0.769]    1.000 [0.806, 1.000]    0.688 [0.444, 0.858]    0.750 [0.505, 0.898]    0.375 [0.185, 0.614]    0.812 [0.570, 0.934]    0.688 [0.444, 0.858]    0.562 [0.332, 0.769]    0.812 [0.570, 0.934]    0.500 [0.280, 0.720]

=== summary ===
h0:net=results/sweep28/leaf-all4-e2-l2x10.json vs h0
games: 4096  decisive: 4096  draws: 0
policy_a win rate: 0.518 [0.503, 0.533]
first-player win rate: 0.540
mean turns: 8.71  mean actions: 86.45
end: lethal=4066 deckout=30 turn_cap=0 action_cap=0 no_legal=0 illegal=0
2271.836s  1.80 games/s  cpus=28
per deck:
  meta-abyss-aggro: policy_a (row) 0.480  policy_b (col) 0.457
  meta-abyss-midrange: policy_a (row) 0.680  policy_b (col) 0.648
  meta-dragon-aggro: policy_a (row) 0.574  policy_b (col) 0.500
  meta-dragon-ramp: policy_a (row) 0.477  policy_b (col) 0.430
  meta-forest-combo: policy_a (row) 0.492  policy_b (col) 0.512
  meta-haven-amulet: policy_a (row) 0.332  policy_b (col) 0.320
  meta-haven-evo: policy_a (row) 0.629  policy_b (col) 0.621
  meta-haven-kukishiro: policy_a (row) 0.164  policy_b (col) 0.098
  meta-portal-af: policy_a (row) 0.695  policy_b (col) 0.684
  meta-portal-cutthroat: policy_a (row) 0.500  policy_b (col) 0.492
  meta-portal-evo: policy_a (row) 0.742  policy_b (col) 0.676
  meta-rune-crystal: policy_a (row) 0.379  policy_b (col) 0.340
  meta-rune-spell: policy_a (row) 0.406  policy_b (col) 0.344
  meta-rune-test-subject: policy_a (row) 0.562  policy_b (col) 0.535
  meta-sword-loot: policy_a (row) 0.500  policy_b (col) 0.434
  meta-sword-rally: policy_a (row) 0.676  policy_b (col) 0.621

4096 games in 2271.836s (1.8 games/s)
wrote C:\Users\agban\projects\arena\results\sweep28b\c01-final.json
